{"0":{"unique_id":"c17aeb2a-dcfd-4651-846b-765b884da9c9","ros_timestamp":"1681734474.434661804","T_map_cam":"[[-0.99397200,-0.08089361,-0.07399925,0.31667683],[0.05041458,0.26211859,-0.96371791,0.16103578],[0.09735519,-0.96163926,-0.25646032,0.21624011],[0.00000000,0.00000000,0.00000000,1.00000000]]","center_3d":"[2.38729564,-1.44433210,-0.00160745]","nearest_3d":"[1.28692818,0.68264425,0.25098425]","type":"wall-front"},"1":{"unique_id":"bb9a5a70-c062-4ec4-a65f-cbac86e8fc98","ros_timestamp":"1681734474.434661804","T_map_cam":"[[-0.99397200,-0.08089361,-0.07399925,0.31667683],[0.05041458,0.26211859,-0.96371791,0.16103578],[0.09735519,-0.96163926,-0.25646032,0.21624011],[0.00000000,0.00000000,0.00000000,1.00000000]]","center_3d":"[1.62384500,-0.81418123,-0.41088048]","nearest_3d":"[1.31650507,-0.68291855,-0.48548079]","type":"obstacle"},"2":{"unique_id":"83d85ce8-faee-4fee-b32f-016599d4f58d","ros_timestamp":"1681734474.434661804","T_map_cam":"[[-0.99397200,-0.08089361,-0.07399925,0.31667683],[0.05041458,0.26211859,-0.96371791,0.16103578],[0.09735519,-0.96163926,-0.25646032,0.21624011],[0.00000000,0.00000000,0.00000000,1.00000000]]","center_3d":"[0.51774804,-3.16385906,-0.02578092]","nearest_3d":"[-0.31793967,-1.46140218,0.36212331]","type":"obstacle"}}