{"0":{"unique_id":"c17aeb2a-dcfd-4651-846b-765b884da9c9","ros_timestamp":"1681734475.201126784","T_map_cam":"[[-0.99681254,-0.04212716,-0.06774997,0.27801881],[0.05616031,0.23262972,-0.97094255,0.19005708],[0.05666371,-0.97165257,-0.22952235,0.13222617],[0.00000000,0.00000000,0.00000000,1.00000000]]","center_3d":"[2.38729564,-1.44433210,-0.00160745]","nearest_3d":"[1.28692818,0.68264425,0.25098425]","type":"wall-front"},"1":{"unique_id":"c417ee3e-b95a-49fd-9f0c-89eb1d4d1ed7","ros_timestamp":"1681734475.201126784","T_map_cam":"[[-0.99681254,-0.04212716,-0.06774997,0.27801881],[0.05616031,0.23262972,-0.97094255,0.19005708],[0.05666371,-0.97165257,-0.22952235,0.13222617],[0.00000000,0.00000000,0.00000000,1.00000000]]","center_3d":"[0.48890015,-3.12708820,-0.04994134]","nearest_3d":"[-0.40370268,-1.30941653,0.36227140]","type":"wall-back"},"2":{"unique_id":"bb9a5a70-c062-4ec4-a65f-cbac86e8fc98","ros_timestamp":"1681734475.201126784","T_map_cam":"[[-0.99681254,-0.04212716,-0.06774997,0.27801881],[0.05616031,0.23262972,-0.97094255,0.19005708],[0.05666371,-0.97165257,-0.22952235,0.13222617],[0.00000000,0.00000000,0.00000000,1.00000000]]","center_3d":"[1.62384500,-0.81418122,-0.41088048]","nearest_3d":"[1.31650507,-0.68291855,-0.48548079]","type":"obstacle"}}