{"0":{"unique_id":"c17aeb2a-dcfd-4651-846b-765b884da9c9","ros_timestamp":"1681734475.999086906","T_map_cam":"[[-0.99709482,0.03005375,-0.06999070,0.30323269],[0.07423556,0.17763204,-0.98129299,0.24270893],[-0.01705895,-0.98363796,-0.17934704,0.10428749],[0.00000000,0.00000000,0.00000000,1.00000000]]","center_3d":"[2.38729564,-1.44433210,-0.00160745]","nearest_3d":"[1.28692818,0.68264425,0.25098425]","type":"wall-front"},"1":{"unique_id":"c417ee3e-b95a-49fd-9f0c-89eb1d4d1ed7","ros_timestamp":"1681734475.999086906","T_map_cam":"[[-0.99709482,0.03005375,-0.06999070,0.30323269],[0.07423556,0.17763204,-0.98129299,0.24270893],[-0.01705895,-0.98363796,-0.17934704,0.10428749],[0.00000000,0.00000000,0.00000000,1.00000000]]","center_3d":"[0.48890015,-3.12708820,-0.04994134]","nearest_3d":"[-0.44915417,-1.26073790,0.34887779]","type":"wall-back"},"2":{"unique_id":"bb9a5a70-c062-4ec4-a65f-cbac86e8fc98","ros_timestamp":"1681734475.999086906","T_map_cam":"[[-0.99709482,0.03005375,-0.06999070,0.30323269],[0.07423556,0.17763204,-0.98129299,0.24270893],[-0.01705895,-0.98363796,-0.17934704,0.10428749],[0.00000000,0.00000000,0.00000000,1.00000000]]","center_3d":"[1.62384501,-0.81418122,-0.41088048]","nearest_3d":"[1.31650507,-0.68291855,-0.48548079]","type":"obstacle"}}