{"0":{"unique_id":"c17aeb2a-dcfd-4651-846b-765b884da9c9","ros_timestamp":"1681734477.250755550","T_map_cam":"[[-0.99531217,0.08825535,-0.03955598,0.35216026],[0.04550237,0.06641512,-0.99675401,0.35230494],[-0.08534176,-0.99388129,-0.07011961,0.20502634],[0.00000000,0.00000000,0.00000000,1.00000000]]","center_3d":"[2.38729564,-1.44433210,-0.00160745]","nearest_3d":"[1.29326928,0.66358960,0.44954115]","type":"wall-front"},"1":{"unique_id":"c417ee3e-b95a-49fd-9f0c-89eb1d4d1ed7","ros_timestamp":"1681734477.250755550","T_map_cam":"[[-0.99531217,0.08825535,-0.03955598,0.35216026],[0.04550237,0.06641512,-0.99675401,0.35230494],[-0.08534176,-0.99388129,-0.07011961,0.20502634],[0.00000000,0.00000000,0.00000000,1.00000000]]","center_3d":"[0.48890015,-3.12708820,-0.04994134]","nearest_3d":"[-0.51834106,-1.15794778,0.54984766]","type":"wall-back"},"2":{"unique_id":"bb9a5a70-c062-4ec4-a65f-cbac86e8fc98","ros_timestamp":"1681734477.250755550","T_map_cam":"[[-0.99531217,0.08825535,-0.03955598,0.35216026],[0.04550237,0.06641512,-0.99675401,0.35230494],[-0.08534176,-0.99388129,-0.07011961,0.20502634],[0.00000000,0.00000000,0.00000000,1.00000000]]","center_3d":"[1.62384501,-0.81418122,-0.41088048]","nearest_3d":"[1.31650507,-0.68291855,-0.48548079]","type":"obstacle"}}