{"0":{"unique_id":"c17aeb2a-dcfd-4651-846b-765b884da9c9","ros_timestamp":"1681734477.755517021","T_map_cam":"[[-0.99664422,-0.06413490,-0.05086266,0.38302278],[0.04773909,0.04933013,-0.99764098,0.37221920],[0.06649267,-0.99672125,-0.04610284,0.27712410],[0.00000000,0.00000000,0.00000000,1.00000000]]","center_3d":"[2.38729564,-1.44433210,-0.00160745]","nearest_3d":"[1.29326928,0.66358960,0.44954115]","type":"wall-front"},"1":{"unique_id":"c417ee3e-b95a-49fd-9f0c-89eb1d4d1ed7","ros_timestamp":"1681734477.755517021","T_map_cam":"[[-0.99664422,-0.06413490,-0.05086266,0.38302278],[0.04773909,0.04933013,-0.99764098,0.37221920],[0.06649267,-0.99672125,-0.04610284,0.27712410],[0.00000000,0.00000000,0.00000000,1.00000000]]","center_3d":"[0.48890015,-3.12708820,-0.04994134]","nearest_3d":"[-0.51834106,-1.15794778,0.54984766]","type":"wall-back"},"2":{"unique_id":"bb9a5a70-c062-4ec4-a65f-cbac86e8fc98","ros_timestamp":"1681734477.755517021","T_map_cam":"[[-0.99664422,-0.06413490,-0.05086266,0.38302278],[0.04773909,0.04933013,-0.99764098,0.37221920],[0.06649267,-0.99672125,-0.04610284,0.27712410],[0.00000000,0.00000000,0.00000000,1.00000000]]","center_3d":"[1.62384501,-0.81418122,-0.41088048]","nearest_3d":"[1.31650507,-0.68291855,-0.48548079]","type":"obstacle"}}