{"0":{"unique_id":"c17aeb2a-dcfd-4651-846b-765b884da9c9","ros_timestamp":"1681734478.703980011","T_map_cam":"[[-0.98066918,-0.17705471,-0.08330423,0.47047769],[0.05974668,0.13445500,-0.98911687,0.28469068],[0.18632847,-0.97497358,-0.12127744,0.29178692],[0.00000000,0.00000000,0.00000000,1.00000000]]","center_3d":"[2.38729564,-1.44433210,-0.00160745]","nearest_3d":"[1.27598429,0.70387661,0.34966150]","type":"wall-front"},"1":{"unique_id":"c417ee3e-b95a-49fd-9f0c-89eb1d4d1ed7","ros_timestamp":"1681734478.703980011","T_map_cam":"[[-0.98066918,-0.17705471,-0.08330423,0.47047769],[0.05974668,0.13445500,-0.98911687,0.28469068],[0.18632847,-0.97497358,-0.12127744,0.29178692],[0.00000000,0.00000000,0.00000000,1.00000000]]","center_3d":"[0.48890015,-3.12708820,-0.04994134]","nearest_3d":"[-0.52323097,-1.16128671,0.54146200]","type":"wall-back"},"2":{"unique_id":"bb9a5a70-c062-4ec4-a65f-cbac86e8fc98","ros_timestamp":"1681734478.703980011","T_map_cam":"[[-0.98066918,-0.17705471,-0.08330423,0.47047769],[0.05974668,0.13445500,-0.98911687,0.28469068],[0.18632847,-0.97497358,-0.12127744,0.29178692],[0.00000000,0.00000000,0.00000000,1.00000000]]","center_3d":"[1.62384500,-0.81418122,-0.41088048]","nearest_3d":"[1.31650507,-0.68291855,-0.48548079]","type":"obstacle"}}