{"0":{"unique_id":"c17aeb2a-dcfd-4651-846b-765b884da9c9","ros_timestamp":"1681734480.782501160","T_map_cam":"[[-0.87444202,-0.46030155,-0.15321109,0.43360473],[-0.03672009,0.37770868,-0.92519608,0.15136143],[0.48373835,-0.80340440,-0.34718666,0.07858649],[0.00000000,0.00000000,0.00000000,1.00000000]]","center_3d":"[2.38729564,-1.44433210,-0.00160745]","nearest_3d":"[1.28692818,0.68264425,0.25098425]","type":"wall-front"},"1":{"unique_id":"c417ee3e-b95a-49fd-9f0c-89eb1d4d1ed7","ros_timestamp":"1681734480.782501160","T_map_cam":"[[-0.87444202,-0.46030155,-0.15321109,0.43360473],[-0.03672009,0.37770868,-0.92519608,0.15136143],[0.48373835,-0.80340440,-0.34718666,0.07858649],[0.00000000,0.00000000,0.00000000,1.00000000]]","center_3d":"[0.48890015,-3.12708820,-0.04994134]","nearest_3d":"[-0.52969843,-1.16764605,0.14897425]","type":"wall-back"},"2":{"unique_id":"bb9a5a70-c062-4ec4-a65f-cbac86e8fc98","ros_timestamp":"1681734480.782501160","T_map_cam":"[[-0.87444202,-0.46030155,-0.15321109,0.43360473],[-0.03672009,0.37770868,-0.92519608,0.15136143],[0.48373835,-0.80340440,-0.34718666,0.07858649],[0.00000000,0.00000000,0.00000000,1.00000000]]","center_3d":"[1.61523302,-0.80609010,-0.41145697]","nearest_3d":"[1.36940026,-0.67756158,-0.45387211]","type":"obstacle"}}