{"0":{"unique_id":"c17aeb2a-dcfd-4651-846b-765b884da9c9","ros_timestamp":"1681734482.509089825","T_map_cam":"[[-0.82843017,-0.53048835,-0.17968185,0.39357848],[-0.11432303,0.47421066,-0.87295733,0.10489096],[0.54830074,-0.70264242,-0.45349745,0.04450882],[0.00000000,0.00000000,0.00000000,1.00000000]]","center_3d":"[2.38729564,-1.44433210,-0.00160745]","nearest_3d":"[1.27570856,0.70368421,0.16042538]","type":"wall-front"},"1":{"unique_id":"c417ee3e-b95a-49fd-9f0c-89eb1d4d1ed7","ros_timestamp":"1681734482.509089825","T_map_cam":"[[-0.82843017,-0.53048835,-0.17968185,0.39357848],[-0.11432303,0.47421066,-0.87295733,0.10489096],[0.54830074,-0.70264242,-0.45349745,0.04450882],[0.00000000,0.00000000,0.00000000,1.00000000]]","center_3d":"[0.48890015,-3.12708820,-0.04994134]","nearest_3d":"[-0.52969843,-1.16764605,0.14897425]","type":"wall-back"},"2":{"unique_id":"bb9a5a70-c062-4ec4-a65f-cbac86e8fc98","ros_timestamp":"1681734482.509089825","T_map_cam":"[[-0.82843017,-0.53048835,-0.17968185,0.39357848],[-0.11432303,0.47421066,-0.87295733,0.10489096],[0.54830074,-0.70264242,-0.45349745,0.04450882],[0.00000000,0.00000000,0.00000000,1.00000000]]","center_3d":"[1.62854452,-0.79011263,-0.39431962]","nearest_3d":"[1.37101233,-0.68158382,-0.45364219]","type":"obstacle"}}