{"0":{"unique_id":"c17aeb2a-dcfd-4651-846b-765b884da9c9","ros_timestamp":"1681734483.124291788","T_map_cam":"[[-0.69722334,-0.69708643,-0.16718288,0.36839942],[-0.20047654,0.41352156,-0.88814924,0.22487505],[0.68825051,-0.58572214,-0.42806636,-0.14538477],[0.00000000,0.00000000,0.00000000,1.00000000]]","center_3d":"[2.38729564,-1.44433210,-0.00160745]","nearest_3d":"[1.28692818,0.68264425,0.25098425]","type":"wall-front"},"1":{"unique_id":"c417ee3e-b95a-49fd-9f0c-89eb1d4d1ed7","ros_timestamp":"1681734483.124291788","T_map_cam":"[[-0.69722334,-0.69708643,-0.16718288,0.36839942],[-0.20047654,0.41352156,-0.88814924,0.22487505],[0.68825051,-0.58572214,-0.42806636,-0.14538477],[0.00000000,0.00000000,0.00000000,1.00000000]]","center_3d":"[0.48890015,-3.12708820,-0.04994134]","nearest_3d":"[-0.52969843,-1.16764605,0.14897425]","type":"wall-back"},"2":{"unique_id":"bb9a5a70-c062-4ec4-a65f-cbac86e8fc98","ros_timestamp":"1681734483.124291788","T_map_cam":"[[-0.69722334,-0.69708643,-0.16718288,0.36839942],[-0.20047654,0.41352156,-0.88814924,0.22487505],[0.68825051,-0.58572214,-0.42806636,-0.14538477],[0.00000000,0.00000000,0.00000000,1.00000000]]","center_3d":"[1.62854452,-0.79011263,-0.39431962]","nearest_3d":"[1.37101233,-0.68158382,-0.45364219]","type":"obstacle"}}