{"0":{"unique_id":"c17aeb2a-dcfd-4651-846b-765b884da9c9","ros_timestamp":"1681734484.394846510","T_map_cam":"[[-0.58630643,-0.78985623,-0.17992195,0.29079482],[-0.18282166,0.34538474,-0.92048119,0.26179305],[0.78919010,-0.50679041,-0.34690412,-0.20105866],[0.00000000,0.00000000,0.00000000,1.00000000]]","center_3d":"[2.38729564,-1.44433210,-0.00160745]","nearest_3d":"[1.39591599,0.48961991,0.24864951]","type":"wall-front"},"1":{"unique_id":"c417ee3e-b95a-49fd-9f0c-89eb1d4d1ed7","ros_timestamp":"1681734484.394846510","T_map_cam":"[[-0.58630643,-0.78985623,-0.17992195,0.29079482],[-0.18282166,0.34538474,-0.92048119,0.26179305],[0.78919010,-0.50679041,-0.34690412,-0.20105866],[0.00000000,0.00000000,0.00000000,1.00000000]]","center_3d":"[0.48890015,-3.12708820,-0.04994134]","nearest_3d":"[-0.52969843,-1.16764605,0.14897425]","type":"wall-back"},"2":{"unique_id":"bb9a5a70-c062-4ec4-a65f-cbac86e8fc98","ros_timestamp":"1681734484.394846510","T_map_cam":"[[-0.58630643,-0.78985623,-0.17992195,0.29079482],[-0.18282166,0.34538474,-0.92048119,0.26179305],[0.78919010,-0.50679041,-0.34690412,-0.20105866],[0.00000000,0.00000000,0.00000000,1.00000000]]","center_3d":"[1.64052227,-0.79671649,-0.38705848]","nearest_3d":"[1.37101233,-0.68158376,-0.45364219]","type":"obstacle"}}