{"0":{"unique_id":"c17aeb2a-dcfd-4651-846b-765b884da9c9","ros_timestamp":"1681734485.695070525","T_map_cam":"[[-0.54193997,-0.82632564,-0.15325471,0.13949227],[-0.15090677,0.27507166,-0.94950657,0.35854025],[0.82675765,-0.49144839,-0.27377046,-0.28346292],[0.00000000,0.00000000,0.00000000,1.00000000]]","center_3d":"[2.38729564,-1.44433210,-0.00160745]","nearest_3d":"[1.39355588,0.48326963,0.35159653]","type":"wall-front"},"1":{"unique_id":"c417ee3e-b95a-49fd-9f0c-89eb1d4d1ed7","ros_timestamp":"1681734485.695070525","T_map_cam":"[[-0.54193997,-0.82632564,-0.15325471,0.13949227],[-0.15090677,0.27507166,-0.94950657,0.35854025],[0.82675765,-0.49144839,-0.27377046,-0.28346292],[0.00000000,0.00000000,0.00000000,1.00000000]]","center_3d":"[0.48890015,-3.12708820,-0.04994134]","nearest_3d":"[-0.54226041,-1.16556895,0.26343504]","type":"wall-back"},"2":{"unique_id":"bb9a5a70-c062-4ec4-a65f-cbac86e8fc98","ros_timestamp":"1681734485.695070525","T_map_cam":"[[-0.54193997,-0.82632564,-0.15325471,0.13949227],[-0.15090677,0.27507166,-0.94950657,0.35854025],[0.82675765,-0.49144839,-0.27377046,-0.28346292],[0.00000000,0.00000000,0.00000000,1.00000000]]","center_3d":"[1.61305303,-0.80028068,-0.41731423]","nearest_3d":"[1.29429114,-0.68313581,-0.52485448]","type":"obstacle"}}