{"0":{"unique_id":"c17aeb2a-dcfd-4651-846b-765b884da9c9","ros_timestamp":"1681734486.350162149","T_map_cam":"[[-0.55279148,-0.82176041,-0.13831634,-0.08749460],[-0.09654552,0.22802074,-0.96885784,0.38688833],[0.82770801,-0.52222253,-0.20538521,-0.39640502],[0.00000000,0.00000000,0.00000000,1.00000000]]","center_3d":"[2.38729564,-1.44433210,-0.00160745]","nearest_3d":"[1.59426355,-0.02312916,0.46197742]","type":"wall-front"},"1":{"unique_id":"c417ee3e-b95a-49fd-9f0c-89eb1d4d1ed7","ros_timestamp":"1681734486.350162149","T_map_cam":"[[-0.55279148,-0.82176041,-0.13831634,-0.08749460],[-0.09654552,0.22802074,-0.96885784,0.38688833],[0.82770801,-0.52222253,-0.20538521,-0.39640502],[0.00000000,0.00000000,0.00000000,1.00000000]]","center_3d":"[0.48890015,-3.12708820,-0.04994134]","nearest_3d":"[-0.54226041,-1.16556895,0.26343504]","type":"wall-back"},"2":{"unique_id":"bb9a5a70-c062-4ec4-a65f-cbac86e8fc98","ros_timestamp":"1681734486.350162149","T_map_cam":"[[-0.55279148,-0.82176041,-0.13831634,-0.08749460],[-0.09654552,0.22802074,-0.96885784,0.38688833],[0.82770801,-0.52222253,-0.20538521,-0.39640502],[0.00000000,0.00000000,0.00000000,1.00000000]]","center_3d":"[1.61305303,-0.80028068,-0.41731423]","nearest_3d":"[1.29429114,-0.68313581,-0.52485448]","type":"obstacle"},"3":{"unique_id":"e4b4f491-f458-4959-80cc-cbdef303775a","ros_timestamp":"1681734486.350162149","T_map_cam":"[[-0.55279148,-0.82176041,-0.13831634,-0.08749460],[-0.09654552,0.22802074,-0.96885784,0.38688833],[0.82770801,-0.52222253,-0.20538521,-0.39640502],[0.00000000,0.00000000,0.00000000,1.00000000]]","center_3d":"[0.27981504,-2.98301906,-0.41722114]","nearest_3d":"[-0.16315338,-2.07415485,-0.23437445]","type":"obstacle"}}