{"0":{"unique_id":"c17aeb2a-dcfd-4651-846b-765b884da9c9","ros_timestamp":"1681734487.823533804","T_map_cam":"[[-0.54211790,-0.82609942,-0.15384386,-0.10603284],[-0.08301539,0.23483774,-0.96848319,0.38699450],[0.83619174,-0.51226066,-0.19588871,-0.40515700],[0.00000000,0.00000000,0.00000000,1.00000000]]","center_3d":"[2.38729564,-1.44433210,-0.00160745]","nearest_3d":"[1.59426355,-0.02312916,0.46197742]","type":"wall-front"},"1":{"unique_id":"c417ee3e-b95a-49fd-9f0c-89eb1d4d1ed7","ros_timestamp":"1681734487.823533804","T_map_cam":"[[-0.54211790,-0.82609942,-0.15384386,-0.10603284],[-0.08301539,0.23483774,-0.96848319,0.38699450],[0.83619174,-0.51226066,-0.19588871,-0.40515700],[0.00000000,0.00000000,0.00000000,1.00000000]]","center_3d":"[0.48890015,-3.12708820,-0.04994134]","nearest_3d":"[-0.55556267,-1.16689968,0.25157657]","type":"wall-back"},"2":{"unique_id":"bb9a5a70-c062-4ec4-a65f-cbac86e8fc98","ros_timestamp":"1681734487.823533804","T_map_cam":"[[-0.54211790,-0.82609942,-0.15384386,-0.10603284],[-0.08301539,0.23483774,-0.96848319,0.38699450],[0.83619174,-0.51226066,-0.19588871,-0.40515700],[0.00000000,0.00000000,0.00000000,1.00000000]]","center_3d":"[1.60714881,-0.81853646,-0.40782034]","nearest_3d":"[1.27998817,-0.69061208,-0.51466787]","type":"obstacle"},"3":{"unique_id":"e4b4f491-f458-4959-80cc-cbdef303775a","ros_timestamp":"1681734487.823533804","T_map_cam":"[[-0.54211790,-0.82609942,-0.15384386,-0.10603284],[-0.08301539,0.23483774,-0.96848319,0.38699450],[0.83619174,-0.51226066,-0.19588871,-0.40515700],[0.00000000,0.00000000,0.00000000,1.00000000]]","center_3d":"[0.27981504,-2.98301906,-0.41722114]","nearest_3d":"[-0.16315338,-2.07415485,-0.23437445]","type":"obstacle"},"4":{"unique_id":"05a8ffaa-e8de-433b-976f-2ece9f4451b1","ros_timestamp":"1681734487.823533804","T_map_cam":"[[-0.54211790,-0.82609942,-0.15384386,-0.10603284],[-0.08301539,0.23483774,-0.96848319,0.38699450],[0.83619174,-0.51226066,-0.19588871,-0.40515700],[0.00000000,0.00000000,0.00000000,1.00000000]]","center_3d":"[0.47080803,-3.44345496,-0.10843332]","nearest_3d":"[-0.17161298,-2.05795050,0.34895718]","type":"obstacle"}}