{"0":{"unique_id":"c17aeb2a-dcfd-4651-846b-765b884da9c9","ros_timestamp":"1681734489.980020018","T_map_cam":"[[-0.68408420,-0.71570356,-0.14070257,0.03439624],[-0.21846184,0.38508598,-0.89665111,0.37860675],[0.69591898,-0.58264672,-0.41978515,-0.35016801],[0.00000000,0.00000000,0.00000000,1.00000000]]","center_3d":"[2.38729564,-1.44433210,-0.00160745]","nearest_3d":"[1.49013543,0.28200465,0.35096294]","type":"wall-front"},"1":{"unique_id":"c417ee3e-b95a-49fd-9f0c-89eb1d4d1ed7","ros_timestamp":"1681734489.980020018","T_map_cam":"[[-0.68408420,-0.71570356,-0.14070257,0.03439624],[-0.21846184,0.38508598,-0.89665111,0.37860675],[0.69591898,-0.58264672,-0.41978515,-0.35016801],[0.00000000,0.00000000,0.00000000,1.00000000]]","center_3d":"[0.48890015,-3.12708820,-0.04994134]","nearest_3d":"[-0.55773258,-1.16295242,0.15369679]","type":"wall-back"},"2":{"unique_id":"bb9a5a70-c062-4ec4-a65f-cbac86e8fc98","ros_timestamp":"1681734489.980020018","T_map_cam":"[[-0.68408420,-0.71570356,-0.14070257,0.03439624],[-0.21846184,0.38508598,-0.89665111,0.37860675],[0.69591898,-0.58264672,-0.41978515,-0.35016801],[0.00000000,0.00000000,0.00000000,1.00000000]]","center_3d":"[1.60726381,-0.81849387,-0.40790054]","nearest_3d":"[1.27998817,-0.69061208,-0.51466787]","type":"obstacle"},"3":{"unique_id":"e4b4f491-f458-4959-80cc-cbdef303775a","ros_timestamp":"1681734489.980020018","T_map_cam":"[[-0.68408420,-0.71570356,-0.14070257,0.03439624],[-0.21846184,0.38508598,-0.89665111,0.37860675],[0.69591898,-0.58264672,-0.41978515,-0.35016801],[0.00000000,0.00000000,0.00000000,1.00000000]]","center_3d":"[0.27981504,-2.98301906,-0.41722114]","nearest_3d":"[-0.16315338,-2.07415485,-0.23437445]","type":"obstacle"},"4":{"unique_id":"05a8ffaa-e8de-433b-976f-2ece9f4451b1","ros_timestamp":"1681734489.980020018","T_map_cam":"[[-0.68408420,-0.71570356,-0.14070257,0.03439624],[-0.21846184,0.38508598,-0.89665111,0.37860675],[0.69591898,-0.58264672,-0.41978515,-0.35016801],[0.00000000,0.00000000,0.00000000,1.00000000]]","center_3d":"[0.47286946,-3.44788121,-0.11009996]","nearest_3d":"[-0.15295066,-2.14236307,0.05741101]","type":"obstacle"}}