{"0":{"unique_id":"c17aeb2a-dcfd-4651-846b-765b884da9c9","ros_timestamp":"1681734493.954948998","T_map_cam":"[[-0.90967730,-0.40619424,-0.08656470,0.18783511],[-0.04690620,0.30758087,-0.95036510,0.50008990],[0.41265848,-0.86046513,-0.29885236,-0.54457543],[0.00000000,0.00000000,0.00000000,1.00000000]]","center_3d":"[2.38729564,-1.44433210,-0.00160745]","nearest_3d":"[1.59426355,-0.02312916,0.46197742]","type":"wall-front"},"1":{"unique_id":"c417ee3e-b95a-49fd-9f0c-89eb1d4d1ed7","ros_timestamp":"1681734493.954948998","T_map_cam":"[[-0.90967730,-0.40619424,-0.08656470,0.18783511],[-0.04690620,0.30758087,-0.95036510,0.50008990],[0.41265848,-0.86046513,-0.29885236,-0.54457543],[0.00000000,0.00000000,0.00000000,1.00000000]]","center_3d":"[0.48890015,-3.12708820,-0.04994134]","nearest_3d":"[-0.47849640,-1.26732349,0.34062225]","type":"wall-back"},"2":{"unique_id":"bb9a5a70-c062-4ec4-a65f-cbac86e8fc98","ros_timestamp":"1681734493.954948998","T_map_cam":"[[-0.90967730,-0.40619424,-0.08656470,0.18783511],[-0.04690620,0.30758087,-0.95036510,0.50008990],[0.41265848,-0.86046513,-0.29885236,-0.54457543],[0.00000000,0.00000000,0.00000000,1.00000000]]","center_3d":"[1.60343422,-0.81890791,-0.40658775]","nearest_3d":"[1.29216421,-0.75211716,-0.48785126]","type":"obstacle"},"3":{"unique_id":"e4b4f491-f458-4959-80cc-cbdef303775a","ros_timestamp":"1681734493.954948998","T_map_cam":"[[-0.90967730,-0.40619424,-0.08656470,0.18783511],[-0.04690620,0.30758087,-0.95036510,0.50008990],[0.41265848,-0.86046513,-0.29885236,-0.54457543],[0.00000000,0.00000000,0.00000000,1.00000000]]","center_3d":"[0.27981504,-2.98301906,-0.41722114]","nearest_3d":"[-0.16315338,-2.07415485,-0.23437445]","type":"obstacle"},"4":{"unique_id":"05a8ffaa-e8de-433b-976f-2ece9f4451b1","ros_timestamp":"1681734493.954948998","T_map_cam":"[[-0.90967730,-0.40619424,-0.08656470,0.18783511],[-0.04690620,0.30758087,-0.95036510,0.50008990],[0.41265848,-0.86046513,-0.29885236,-0.54457543],[0.00000000,0.00000000,0.00000000,1.00000000]]","center_3d":"[0.47587680,-3.45427227,-0.11194074]","nearest_3d":"[-0.15295066,-2.14236307,0.05741101]","type":"obstacle"}}