{"0":{"unique_id":"c17aeb2a-dcfd-4651-846b-765b884da9c9","ros_timestamp":"1681734499.275305841","T_map_cam":"[[-0.99676362,0.07585268,0.02662054,0.52792247],[-0.02170878,0.06485837,-0.99765832,0.52909648],[-0.07740162,-0.99500742,-0.06300179,-0.32986742],[0.00000000,0.00000000,0.00000000,1.00000000]]","center_3d":"[2.38729564,-1.44433210,-0.00160745]","nearest_3d":"[1.59420514,-0.02901246,0.56708860]","type":"wall-front"},"1":{"unique_id":"c417ee3e-b95a-49fd-9f0c-89eb1d4d1ed7","ros_timestamp":"1681734499.275305841","T_map_cam":"[[-0.99676362,0.07585268,0.02662054,0.52792247],[-0.02170878,0.06485837,-0.99765832,0.52909648],[-0.07740162,-0.99500742,-0.06300179,-0.32986742],[0.00000000,0.00000000,0.00000000,1.00000000]]","center_3d":"[0.48890015,-3.12708820,-0.04994134]","nearest_3d":"[-0.55304641,-1.15950394,0.54534358]","type":"wall-back"},"2":{"unique_id":"bb9a5a70-c062-4ec4-a65f-cbac86e8fc98","ros_timestamp":"1681734499.275305841","T_map_cam":"[[-0.99676362,0.07585268,0.02662054,0.52792247],[-0.02170878,0.06485837,-0.99765832,0.52909648],[-0.07740162,-0.99500742,-0.06300179,-0.32986742],[0.00000000,0.00000000,0.00000000,1.00000000]]","center_3d":"[1.60343421,-0.81890791,-0.40658775]","nearest_3d":"[1.27998817,-0.69061208,-0.51466787]","type":"obstacle"},"3":{"unique_id":"e4b4f491-f458-4959-80cc-cbdef303775a","ros_timestamp":"1681734499.275305841","T_map_cam":"[[-0.99676362,0.07585268,0.02662054,0.52792247],[-0.02170878,0.06485837,-0.99765832,0.52909648],[-0.07740162,-0.99500742,-0.06300179,-0.32986742],[0.00000000,0.00000000,0.00000000,1.00000000]]","center_3d":"[0.27981504,-2.98301906,-0.41722114]","nearest_3d":"[-0.16315338,-2.07415485,-0.23437445]","type":"obstacle"}}