{"0":{"unique_id":"c17aeb2a-dcfd-4651-846b-765b884da9c9","ros_timestamp":"1681734501.140027446","T_map_cam":"[[-0.97195910,0.23479959,0.01283197,0.72510528],[-0.01346986,-0.00111310,-0.99990866,0.54555583],[-0.23476386,-0.97204317,0.00424460,-0.16814429],[0.00000000,0.00000000,0.00000000,1.00000000]]","center_3d":"[2.38729564,-1.44433210,-0.00160745]","nearest_3d":"[1.59420514,-0.02901246,0.56708860]","type":"wall-front"},"1":{"unique_id":"c417ee3e-b95a-49fd-9f0c-89eb1d4d1ed7","ros_timestamp":"1681734501.140027446","T_map_cam":"[[-0.97195910,0.23479959,0.01283197,0.72510528],[-0.01346986,-0.00111310,-0.99990866,0.54555583],[-0.23476386,-0.97204317,0.00424460,-0.16814429],[0.00000000,0.00000000,0.00000000,1.00000000]]","center_3d":"[0.48890015,-3.12708820,-0.04994134]","nearest_3d":"[-0.48798296,-1.25731301,0.46402761]","type":"wall-back"},"2":{"unique_id":"bb9a5a70-c062-4ec4-a65f-cbac86e8fc98","ros_timestamp":"1681734501.140027446","T_map_cam":"[[-0.97195910,0.23479959,0.01283197,0.72510528],[-0.01346986,-0.00111310,-0.99990866,0.54555583],[-0.23476386,-0.97204317,0.00424460,-0.16814429],[0.00000000,0.00000000,0.00000000,1.00000000]]","center_3d":"[1.59953840,-0.82422866,-0.39240961]","nearest_3d":"[1.37114084,-0.72499424,-0.39485157]","type":"obstacle"}}