{"0":{"unique_id":"c17aeb2a-dcfd-4651-846b-765b884da9c9","ros_timestamp":"1681734503.187928000","T_map_cam":"[[-0.96379038,0.26662741,-0.00423344,0.79666538],[-0.04828340,-0.19010157,-0.98057642,0.68915349],[-0.26225333,-0.94486571,0.19609174,0.03502456],[0.00000000,0.00000000,0.00000000,1.00000000]]","center_3d":"[2.38729564,-1.44433210,-0.00160745]","nearest_3d":"[1.48879337,0.26022568,0.62044871]","type":"wall-front"},"1":{"unique_id":"c417ee3e-b95a-49fd-9f0c-89eb1d4d1ed7","ros_timestamp":"1681734503.187928000","T_map_cam":"[[-0.96379038,0.26662741,-0.00423344,0.79666538],[-0.04828340,-0.19010157,-0.98057642,0.68915349],[-0.26225333,-0.94486571,0.19609174,0.03502456],[0.00000000,0.00000000,0.00000000,1.00000000]]","center_3d":"[0.48890015,-3.12708820,-0.04994134]","nearest_3d":"[-0.58472210,-1.06279862,0.94064015]","type":"wall-back"},"2":{"unique_id":"bb9a5a70-c062-4ec4-a65f-cbac86e8fc98","ros_timestamp":"1681734503.187928000","T_map_cam":"[[-0.96379038,0.26662741,-0.00423344,0.79666538],[-0.04828340,-0.19010157,-0.98057642,0.68915349],[-0.26225333,-0.94486571,0.19609174,0.03502456],[0.00000000,0.00000000,0.00000000,1.00000000]]","center_3d":"[1.59038587,-0.83101813,-0.38528463]","nearest_3d":"[1.59295130,-0.63754725,-0.18052047]","type":"obstacle"}}