{"0":{"unique_id":"c17aeb2a-dcfd-4651-846b-765b884da9c9","ros_timestamp":"1681734505.325990203","T_map_cam":"[[-0.99762935,0.04479048,-0.05224455,0.73724659],[0.03296141,-0.35542403,-0.93412382,0.70767930],[-0.06040882,-0.93363139,0.35310509,-0.16212644],[0.00000000,0.00000000,0.00000000,1.00000000]]","center_3d":"[2.38729564,-1.44433210,-0.00160745]","nearest_3d":"[1.42490220,0.44251829,0.73505998]","type":"wall-front"},"1":{"unique_id":"c417ee3e-b95a-49fd-9f0c-89eb1d4d1ed7","ros_timestamp":"1681734505.325990203","T_map_cam":"[[-0.99762935,0.04479048,-0.05224455,0.73724659],[0.03296141,-0.35542403,-0.93412382,0.70767930],[-0.06040882,-0.93363139,0.35310509,-0.16212644],[0.00000000,0.00000000,0.00000000,1.00000000]]","center_3d":"[0.48890015,-3.12708820,-0.04994134]","nearest_3d":"[-0.58472210,-1.06279874,0.94064015]","type":"wall-back"},"2":{"unique_id":"bb9a5a70-c062-4ec4-a65f-cbac86e8fc98","ros_timestamp":"1681734505.325990203","T_map_cam":"[[-0.99762935,0.04479048,-0.05224455,0.73724659],[0.03296141,-0.35542403,-0.93412382,0.70767930],[-0.06040882,-0.93363139,0.35310509,-0.16212644],[0.00000000,0.00000000,0.00000000,1.00000000]]","center_3d":"[1.59038587,-0.83101813,-0.38528463]","nearest_3d":"[1.59295130,-0.63754725,-0.18052047]","type":"obstacle"}}