{"0":{"unique_id":"c17aeb2a-dcfd-4651-846b-765b884da9c9","ros_timestamp":"1681734507.547674927","T_map_cam":"[[-0.88421626,-0.45391406,-0.11010737,0.42427004],[0.31228276,-0.39921408,-0.86203689,0.60839965],[0.34733426,-0.79661167,0.49474111,-0.37666727],[0.00000000,0.00000000,0.00000000,1.00000000]]","center_3d":"[2.38729564,-1.44433210,-0.00160745]","nearest_3d":"[1.29235053,0.66329634,0.52942449]","type":"wall-front"},"1":{"unique_id":"c417ee3e-b95a-49fd-9f0c-89eb1d4d1ed7","ros_timestamp":"1681734507.547674927","T_map_cam":"[[-0.88421626,-0.45391406,-0.11010737,0.42427004],[0.31228276,-0.39921408,-0.86203689,0.60839965],[0.34733426,-0.79661167,0.49474111,-0.37666727],[0.00000000,0.00000000,0.00000000,1.00000000]]","center_3d":"[0.48890015,-3.12708820,-0.04994134]","nearest_3d":"[-0.58472210,-1.06279886,0.94064015]","type":"wall-back"},"2":{"unique_id":"bb9a5a70-c062-4ec4-a65f-cbac86e8fc98","ros_timestamp":"1681734507.547674927","T_map_cam":"[[-0.88421626,-0.45391406,-0.11010737,0.42427004],[0.31228276,-0.39921408,-0.86203689,0.60839965],[0.34733426,-0.79661167,0.49474111,-0.37666727],[0.00000000,0.00000000,0.00000000,1.00000000]]","center_3d":"[1.59038588,-0.83101813,-0.38528463]","nearest_3d":"[1.59295130,-0.63754725,-0.18052047]","type":"obstacle"}}