{"0":{"unique_id":"c17aeb2a-dcfd-4651-846b-765b884da9c9","ros_timestamp":"1681734509.989236394","T_map_cam":"[[-0.57391802,-0.81013893,-0.11955340,0.29189250],[0.36239429,-0.12033806,-0.92422353,0.60570980],[0.73436264,-0.57375401,0.36265390,-0.27127189],[0.00000000,0.00000000,0.00000000,1.00000000]]","center_3d":"[2.38729564,-1.44433210,-0.00160745]","nearest_3d":"[1.29235053,0.66329634,0.52942449]","type":"wall-front"},"1":{"unique_id":"c417ee3e-b95a-49fd-9f0c-89eb1d4d1ed7","ros_timestamp":"1681734509.989236394","T_map_cam":"[[-0.57391802,-0.81013893,-0.11955340,0.29189250],[0.36239429,-0.12033806,-0.92422353,0.60570980],[0.73436264,-0.57375401,0.36265390,-0.27127189],[0.00000000,0.00000000,0.00000000,1.00000000]]","center_3d":"[0.48890015,-3.12708820,-0.04994134]","nearest_3d":"[-0.58472210,-1.06279886,0.94064015]","type":"wall-back"},"2":{"unique_id":"bb9a5a70-c062-4ec4-a65f-cbac86e8fc98","ros_timestamp":"1681734509.989236394","T_map_cam":"[[-0.57391802,-0.81013893,-0.11955340,0.29189250],[0.36239429,-0.12033806,-0.92422353,0.60570980],[0.73436264,-0.57375401,0.36265390,-0.27127189],[0.00000000,0.00000000,0.00000000,1.00000000]]","center_3d":"[1.59438044,-0.83052891,-0.37743962]","nearest_3d":"[1.27655184,-0.75742912,-0.45197535]","type":"obstacle"}}