{"0":{"unique_id":"c17aeb2a-dcfd-4651-846b-765b884da9c9","ros_timestamp":"1681734524.298838289","T_map_cam":"[[-0.38105705,-0.91631732,-0.12311822,0.68919062],[-0.11554152,0.17931810,-0.97698269,0.15157235],[0.91730348,-0.35806088,-0.17420312,0.54095169],[0.00000000,0.00000000,0.00000000,1.00000000]]","center_3d":"[2.38729564,-1.44433210,-0.00160745]","nearest_3d":"[1.00105715,1.20122015,0.21348158]","type":"wall-front"},"1":{"unique_id":"c417ee3e-b95a-49fd-9f0c-89eb1d4d1ed7","ros_timestamp":"1681734524.298838289","T_map_cam":"[[-0.38105705,-0.91631732,-0.12311822,0.68919062],[-0.11554152,0.17931810,-0.97698269,0.15157235],[0.91730348,-0.35806088,-0.17420312,0.54095169],[0.00000000,0.00000000,0.00000000,1.00000000]]","center_3d":"[0.48890015,-3.12708820,-0.04994134]","nearest_3d":"[-0.54310864,-1.15236390,0.55719179]","type":"wall-back"},"2":{"unique_id":"bcf93a05-bddf-42a0-a578-064a02eb83c9","ros_timestamp":"1681734524.298838289","T_map_cam":"[[-0.38105705,-0.91631732,-0.12311822,0.68919062],[-0.11554152,0.17931810,-0.97698269,0.15157235],[0.91730348,-0.35806088,-0.17420312,0.54095169],[0.00000000,0.00000000,0.00000000,1.00000000]]","center_3d":"[2.21707087,-2.49991583,1.20338557]","nearest_3d":"[1.18622065,1.30580878,0.34458905]","type":"obstacle"}}