{"0":{"unique_id":"c17aeb2a-dcfd-4651-846b-765b884da9c9","ros_timestamp":"1681734529.276551968","T_map_cam":"[[-0.96755826,-0.24762017,-0.05015251,0.39074510],[-0.02679913,0.29797689,-0.95419682,0.20776870],[0.25122267,-0.92189697,-0.29494600,0.51702471],[0.00000000,0.00000000,0.00000000,1.00000000]]","center_3d":"[2.38729564,-1.44433210,-0.00160745]","nearest_3d":"[1.19792676,0.76647949,0.36000329]","type":"wall-front"},"1":{"unique_id":"c417ee3e-b95a-49fd-9f0c-89eb1d4d1ed7","ros_timestamp":"1681734529.276551968","T_map_cam":"[[-0.96755826,-0.24762017,-0.05015251,0.39074510],[-0.02679913,0.29797689,-0.95419682,0.20776870],[0.25122267,-0.92189697,-0.29494600,0.51702471],[0.00000000,0.00000000,0.00000000,1.00000000]]","center_3d":"[0.48890015,-3.12708820,-0.04994134]","nearest_3d":"[-0.54133928,-1.15214825,0.54901141]","type":"wall-back"},"2":{"unique_id":"bb9a5a70-c062-4ec4-a65f-cbac86e8fc98","ros_timestamp":"1681734529.276551968","T_map_cam":"[[-0.96755826,-0.24762017,-0.05015251,0.39074510],[-0.02679913,0.29797689,-0.95419682,0.20776870],[0.25122267,-0.92189697,-0.29494600,0.51702471],[0.00000000,0.00000000,0.00000000,1.00000000]]","center_3d":"[1.59438044,-0.83052891,-0.37743962]","nearest_3d":"[1.27655184,-0.75742912,-0.45197535]","type":"obstacle"},"3":{"unique_id":"bcf93a05-bddf-42a0-a578-064a02eb83c9","ros_timestamp":"1681734529.276551968","T_map_cam":"[[-0.96755826,-0.24762017,-0.05015251,0.39074510],[-0.02679913,0.29797689,-0.95419682,0.20776870],[0.25122267,-0.92189697,-0.29494600,0.51702471],[0.00000000,0.00000000,0.00000000,1.00000000]]","center_3d":"[2.22450386,-2.52032316,1.16784243]","nearest_3d":"[1.22282994,1.25952172,0.45141935]","type":"obstacle"}}