{"0":{"unique_id":"c17aeb2a-dcfd-4651-846b-765b884da9c9","ros_timestamp":"1681734533.59708364","T_map_cam":"[[-0.98708954,-0.15347021,-0.04583815,0.36918949],[0.01640359,0.18781705,-0.98206704,0.36333350],[0.15932722,-0.97014002,-0.18287478,0.19521684],[0.00000000,0.00000000,0.00000000,1.00000000]]","center_3d":"[2.38729564,-1.44433210,-0.00160745]","nearest_3d":"[1.27269328,0.55045301,0.45543584]","type":"wall-front"},"1":{"unique_id":"c417ee3e-b95a-49fd-9f0c-89eb1d4d1ed7","ros_timestamp":"1681734533.59708364","T_map_cam":"[[-0.98708954,-0.15347021,-0.04583815,0.36918949],[0.01640359,0.18781705,-0.98206704,0.36333350],[0.15932722,-0.97014002,-0.18287478,0.19521684],[0.00000000,0.00000000,0.00000000,1.00000000]]","center_3d":"[0.48890015,-3.12708820,-0.04994134]","nearest_3d":"[-0.54372895,-1.14972556,0.56097519]","type":"wall-back"},"2":{"unique_id":"bb9a5a70-c062-4ec4-a65f-cbac86e8fc98","ros_timestamp":"1681734533.59708364","T_map_cam":"[[-0.98708954,-0.15347021,-0.04583815,0.36918949],[0.01640359,0.18781705,-0.98206704,0.36333350],[0.15932722,-0.97014002,-0.18287478,0.19521684],[0.00000000,0.00000000,0.00000000,1.00000000]]","center_3d":"[1.59438044,-0.83052891,-0.37743962]","nearest_3d":"[1.27655184,-0.75742912,-0.45197535]","type":"obstacle"},"3":{"unique_id":"bcf93a05-bddf-42a0-a578-064a02eb83c9","ros_timestamp":"1681734533.59708364","T_map_cam":"[[-0.98708954,-0.15347021,-0.04583815,0.36918949],[0.01640359,0.18781705,-0.98206704,0.36333350],[0.15932722,-0.97014002,-0.18287478,0.19521684],[0.00000000,0.00000000,0.00000000,1.00000000]]","center_3d":"[2.24413519,-2.53443394,1.26231570]","nearest_3d":"[1.39221191,0.17285459,0.35497057]","type":"obstacle"}}