{"0":{"unique_id":"c17aeb2a-dcfd-4651-846b-765b884da9c9","ros_timestamp":"1681734537.37232210","T_map_cam":"[[-0.95322458,-0.30153727,0.02093263,0.39540841],[-0.00309211,-0.05952148,-0.99822224,0.08272779],[0.30224715,-0.95159470,0.05580495,-0.40739112],[0.00000000,0.00000000,0.00000000,1.00000000]]","center_3d":"[2.38729564,-1.44433210,-0.00160745]","nearest_3d":"[1.37273431,0.35025525,0.14058316]","type":"wall-front"},"1":{"unique_id":"c417ee3e-b95a-49fd-9f0c-89eb1d4d1ed7","ros_timestamp":"1681734537.37232210","T_map_cam":"[[-0.95322458,-0.30153727,0.02093263,0.39540841],[-0.00309211,-0.05952148,-0.99822224,0.08272779],[0.30224715,-0.95159470,0.05580495,-0.40739112],[0.00000000,0.00000000,0.00000000,1.00000000]]","center_3d":"[0.48890015,-3.12708820,-0.04994134]","nearest_3d":"[-0.55890805,-1.16062295,0.24877818]","type":"wall-back"},"2":{"unique_id":"bb9a5a70-c062-4ec4-a65f-cbac86e8fc98","ros_timestamp":"1681734537.37232210","T_map_cam":"[[-0.95322458,-0.30153727,0.02093263,0.39540841],[-0.00309211,-0.05952148,-0.99822224,0.08272779],[0.30224715,-0.95159470,0.05580495,-0.40739112],[0.00000000,0.00000000,0.00000000,1.00000000]]","center_3d":"[1.59438044,-0.83052891,-0.37743962]","nearest_3d":"[1.27655184,-0.75742912,-0.45197535]","type":"obstacle"},"3":{"unique_id":"bcf93a05-bddf-42a0-a578-064a02eb83c9","ros_timestamp":"1681734537.37232210","T_map_cam":"[[-0.95322458,-0.30153727,0.02093263,0.39540841],[-0.00309211,-0.05952148,-0.99822224,0.08272779],[0.30224715,-0.95159470,0.05580495,-0.40739112],[0.00000000,0.00000000,0.00000000,1.00000000]]","center_3d":"[2.29466759,-2.58410081,1.26267439]","nearest_3d":"[1.44265485,0.05404448,0.24542828]","type":"obstacle"}}