timestamp;T_cam_map;trans_cam_map;rot_quat_cam_map;rot_eul_cam_map;T_map_cam;trans_map_cam;rot_quat_map_cam;rot_eul_map_cam
1681734467.9851983;[[-0.48314518653589317, -0.08630583736476649, 0.8712760935340551, -0.06414223823413012], [-0.8554141766385505, 0.25867259436462053, -0.448726058225358, 0.3214570958484088], [-0.18664756931979537, -0.962101757280093, -0.1988036556645003, 0.1948885153694711], [0.0, 0.0, 0.0, 1.0]];[-0.06414223823413012, 0.3214570958484088, 0.1948885153694711];[-0.3380036518900301, 0.6965309462911562, -0.5063765734378843, 0.379711651178966];[-1.7745632379102525, 0.1877486360886366, -2.084937685026127];[[-0.48314518653589317, -0.8554141766385505, -0.18664756931979537, 0.28036441099538306], [-0.08630583736476649, 0.25867259436462053, -0.962101757280093, 0.09881459256940525], [0.8712760935340551, -0.448726058225358, -0.1988036556645003, 0.23887632357026917], [0.0, 0.0, 0.0, 1.0]];[0.28036441099538306, 0.09881459256940525, 0.23887632357026917];[0.3380036518900301, -0.6965309462911562, 0.5063765734378843, 0.379711651178966];[-1.9878473788318956, -1.0577964139588818, -2.9648238019705735]
