timestamp;T_cam_map;trans_cam_map;rot_quat_cam_map;rot_eul_cam_map;T_map_cam;trans_map_cam;rot_quat_map_cam;rot_eul_map_cam
1681734468.085298;[[-0.5011057294422545, -0.08099873916550954, 0.8615870543211195, -0.06745508275829586], [-0.8438671468055825, 0.26638074892362196, -0.46575694857414174, 0.3287653131517637], [-0.19178447920087666, -0.9604584847126334, -0.20183709441319378, 0.19647054715990947], [0.0, 0.0, 0.0, 1.0]];[-0.06745508275829586, 0.3287653131517637, 0.19647054715990947];[-0.32952640867133753, 0.7016629484266415, -0.5081554599985715, 0.37531251147149824];[-1.7779289342635047, 0.1929800555365167, -2.106659791052588];[[-0.5011057294422545, -0.8438671468055825, -0.19178447920087666, 0.2813121198932138], [-0.08099873916550954, 0.26638074892362196, -0.9604584847126334, 0.09566127702466569], [0.8615870543211195, -0.46575694857414174, -0.20183709441319378, 0.25089819947982156], [0.0, 0.0, 0.0, 1.0]];[0.2813121198932138, 0.09566127702466569, 0.25089819947982156];[0.32952640867133753, -0.7016629484266415, 0.5081554599985715, 0.37531251147149824];[-1.9797205748367748, -1.0383879493241668, -2.981338720202295]
