timestamp;T_cam_map;trans_cam_map;rot_quat_cam_map;rot_eul_cam_map;T_map_cam;trans_map_cam;rot_quat_map_cam;rot_eul_map_cam
1681734468.1852562;[[-0.540728678475598, -0.08528979262348924, 0.8368620839470957, -0.057840611739372806], [-0.8235331946823695, 0.25647623001431485, -0.5059772926662767, 0.3415611156340168], [-0.1714805339689729, -0.9627801383035934, -0.20892302830906292, 0.20234719996667766], [0.0, 0.0, 0.0, 1.0]];[-0.057840611739372806, 0.3415611156340168, 0.20234719996667766];[-0.320826323662488, 0.7081892290904627, -0.5184904580009694, 0.3559580464147615];[-1.7844830742181108, 0.17233226729355522, -2.1517945530302844];[[-0.540728678475598, -0.8235331946823695, -0.1714805339689729, 0.2847094450867172], [-0.08528979262348924, 0.25647623001431485, -0.9627801383035934, 0.10228034413149983], [0.8368620839470957, -0.5059772926662767, -0.20892302830906292, 0.26350177323245705], [0.0, 0.0, 0.0, 1.0]];[0.2847094450867172, 0.10228034413149983, 0.26350177323245705];[0.320826323662488, -0.7081892290904627, 0.5184904580009694, 0.3559580464147615];[-1.9623821419419984, -0.9915255951158826, -2.9851503227762053]
