timestamp;T_cam_map;trans_cam_map;rot_quat_cam_map;rot_eul_cam_map;T_map_cam;trans_map_cam;rot_quat_map_cam;rot_eul_map_cam
1681734468.2852578;[[-0.5556231674619402, -0.07715792925449116, 0.8278463321974192, -0.048460703963176185], [-0.8138515268301459, 0.25415626408643255, -0.5225421377284972, 0.3546525682716857], [-0.17008406173360585, -0.9640805191366469, -0.20401020701281708, 0.1907102322079396], [0.0, 0.0, 0.0, 1.0]];[-0.048460703963176185, 0.3546525682716857, 0.1907102322079396];[-0.3139389970457813, 0.7095402804917402, -0.523797837042759, 0.3516116073210878];[-1.7793311387545785, 0.1709149731615164, -2.169822588332123];[[-0.5556231674619402, -0.8138515268301459, -0.17008406173360585, 0.2941454152567741], [-0.07715792925449116, 0.25415626408643255, -0.9640805191366469, 0.08998372030309718], [0.8278463321974192, -0.5225421377284972, -0.20401020701281708, 0.26434576115941294], [0.0, 0.0, 0.0, 1.0]];[0.2941454152567741, 0.08998372030309718, 0.26434576115941294];[0.3139389970457813, -0.7095402804917402, 0.523797837042759, 0.3516116073210878];[-1.9430157473731773, -0.975257447765631, -3.003607739380297]
