timestamp;T_cam_map;trans_cam_map;rot_quat_cam_map;rot_eul_cam_map;T_map_cam;trans_map_cam;rot_quat_map_cam;rot_eul_map_cam
1681734468.3852448;[[-0.5658485102926931, -0.07871326449916638, 0.820743373650634, -0.037569783843110494], [-0.8095536101473664, 0.24177508199281436, -0.5349465038905609, 0.3665826549756263], [-0.15632791080579905, -0.9671344434561578, -0.20053067741331246, 0.19701400741765782], [0.0, 0.0, 0.0, 1.0]];[-0.037569783843110494, 0.3665826549756263, 0.19701400741765782];[-0.31341150470579604, 0.708546799742053, -0.5299864976786122, 0.34474479484352216];[-1.7752444926370123, 0.15697175115458573, -2.180826385765522];[[-0.5658485102926931, -0.8095536101473664, -0.15632791080579905, 0.3063082937123628], [-0.07871326449916638, 0.24177508199281436, -0.9671344434561578, 0.09895124062024893], [0.820743373650634, -0.5349465038905609, -0.20053067741331246, 0.26644461317222484], [0.0, 0.0, 0.0, 1.0]];[0.3063082937123628, 0.09895124062024893, 0.26644461317222484];[0.31341150470579604, -0.708546799742053, 0.5299864976786122, 0.34474479484352216];[-1.9294452858599986, -0.9627110085820283, -3.003373041684866]
