timestamp;T_cam_map;trans_cam_map;rot_quat_cam_map;rot_eul_cam_map;T_map_cam;trans_map_cam;rot_quat_map_cam;rot_eul_map_cam
1681734468.4852479;[[-0.5743638300570084, -0.08289971954640013, 0.8143916915228033, -0.033416669192258976], [-0.8054765684131071, 0.2346600986674714, -0.5441894300983974, 0.37349968627547564], [-0.1459920835514374, -0.9685361503797891, -0.20155405465484766, 0.2016718498229593], [0.0, 0.0, 0.0, 1.0]];[-0.033416669192258976, 0.37349968627547564, 0.2016718498229593];[-0.31326112347782964, 0.7089742561227677, -0.5334204900298378, 0.3386525557099841];[-1.775969742600973, 0.1465157265729027, -2.1902425336256486];[[-0.5743638300570084, -0.8054765684131071, -0.1459920835514374, 0.3110944130488546], [-0.08289971954640013, 0.2346600986674714, -0.9685361503797891, 0.10491077132961403], [0.8143916915228033, -0.5441894300983974, -0.20155405465484766, 0.2711166182062839], [0.0, 0.0, 0.0, 1.0]];[0.3110944130488546, 0.10491077132961403, 0.2711166182062839];[0.31326112347782964, -0.7089742561227677, 0.5334204900298378, 0.3386525557099841];[-1.9255058794606945, -0.951680185234548, -2.998249448149339]
