timestamp;T_cam_map;trans_cam_map;rot_quat_cam_map;rot_eul_cam_map;T_map_cam;trans_map_cam;rot_quat_map_cam;rot_eul_map_cam
1681734468.5852368;[[-0.5913323015851, -0.08537001970862329, 0.8018965449713686, -0.01959356337961002], [-0.7947367613673113, 0.23039989224430454, -0.5615241488887283, 0.38325071894097346], [-0.13681954989498468, -0.9693440304601678, -0.20408959154687842, 0.20225778085993418], [0.0, 0.0, 0.0, 1.0]];[-0.01959356337961002, 0.38325071894097346, 0.20225778085993418];[-0.30917527299149994, 0.7116568318677694, -0.537783138865918, 0.329764309436424];[-1.7783095085868232, 0.13725005396263606, -2.210485362103834];[[-0.5913323015851, -0.7947367613673113, -0.13681954989498468, 0.32066994677333915], [-0.08537001970862329, 0.23039989224430454, -0.9693440304601678, 0.10608374525226594], [0.8018965449713686, -0.5615241488887283, -0.20408959154687842, 0.272195252424992], [0.0, 0.0, 0.0, 1.0]];[0.32066994677333915, 0.10608374525226594, 0.272195252424992];[0.30917527299149994, -0.7116568318677694, 0.537783138865918, 0.329764309436424];[-1.9194084473775477, -0.9304628207167374, -2.9982143488306523]
