timestamp;T_cam_map;trans_cam_map;rot_quat_cam_map;rot_eul_cam_map;T_map_cam;trans_map_cam;rot_quat_map_cam;rot_eul_map_cam
1681734468.685265;[[-0.5971353645682341, -0.08542551248768848, 0.7975787347956177, -0.018363009496152417], [-0.790629293784892, 0.2305258456999318, -0.5672417070998346, 0.3885477084663432], [-0.1354055988176468, -0.9693091953966739, -0.20519504752378281, 0.20419716360691428], [0.0, 0.0, 0.0, 1.0]];[-0.018363009496152417, 0.3885477084663432, 0.20419716360691428];[-0.3072189110616471, 0.7128913412631599, -0.5388447066049084, 0.32718321839907794];[-1.7794085474903656, 0.1358228200302584, -2.2176591174877474];[[-0.5971353645682341, -0.790629293784892, -0.1354055988176468, 0.3238814371914872], [-0.08542551248768848, 0.2305258456999318, -0.9693091953966739, 0.10679122977210151], [0.7975787347956177, -0.5672417070998346, -0.20519504752378281, 0.2769466580117009], [0.0, 0.0, 0.0, 1.0]];[0.3238814371914872, 0.10679122977210151, 0.2769466580117009];[0.3072189110616471, -0.7128913412631599, 0.5388447066049084, 0.32718321839907794];[-1.9178930301483461, -0.9232705636762468, -2.9994979086964433]
