timestamp;T_cam_map;trans_cam_map;rot_quat_cam_map;rot_eul_cam_map;T_map_cam;trans_map_cam;rot_quat_map_cam;rot_eul_map_cam
1681734468.785225;[[-0.6008190015781029, -0.07846660802587907, 0.7955246814320756, -0.015993755136585446], [-0.7867530843641519, 0.2342608718462143, -0.5710879338292358, 0.3980813605367618], [-0.141548972395372, -0.9690019790210778, -0.20248222901541157, 0.20297308542197323], [0.0, 0.0, 0.0, 1.0]];[-0.015993755136585446, 0.3980813605367618, 0.20297308542197323];[-0.3030686207738664, 0.7137159978660504, -0.5394617457977157, 0.32823758211572146];[-1.7767918200016244, 0.14202596757835337, -2.2229884016656767];[[-0.6008190015781029, -0.7867530843641519, -0.141548972395372, 0.33231301790292567], [-0.07846660802587907, 0.2342608718462143, -0.9690019790210778, 0.10217145916167292], [0.7955246814320756, -0.5710879338292358, -0.20248222901541157, 0.28116133141118177], [0.0, 0.0, 0.0, 1.0]];[0.33231301790292567, 0.10217145916167292, 0.28116133141118177];[0.3030686207738664, -0.7137159978660504, 0.5394617457977157, 0.32823758211572146];[-1.9115235034176978, -0.9198730115056637, -3.0117282449737908]
