timestamp;T_cam_map;trans_cam_map;rot_quat_cam_map;rot_eul_cam_map;T_map_cam;trans_map_cam;rot_quat_map_cam;rot_eul_map_cam
1681734468.8852565;[[-0.6018911124936087, -0.07712106349716857, 0.794845538621355, -0.020170445758444757], [-0.7861203703533595, 0.23234208964971745, -0.5727407063346378, 0.40444757192681036], [-0.14050570101139404, -0.9695718101008654, -0.20047107781679727, 0.20133475125420144], [0.0, 0.0, 0.0, 1.0]];[-0.020170445758444757, 0.40444757192681036, 0.20133475125420144];[-0.3025879523681797, 0.7132153040912897, -0.5406195392850442, 0.3278642628204969];[-1.7746857405170828, 0.1409721641175074, -2.2242368658485523];[[-0.6018911124936087, -0.7861203703533595, -0.14050570101139404, 0.33409274335750505], [-0.07712106349716857, 0.23234208964971745, -0.9695718101008654, 0.0996827389664108], [0.794845538621355, -0.5727407063346378, -0.20047107781679727, 0.28803777142970105], [0.0, 0.0, 0.0, 1.0]];[0.33409274335750505, 0.0996827389664108, 0.28803777142970105];[0.3025879523681797, -0.7132153040912897, 0.5406195392850442, 0.3278642628204969];[-1.9074895479500562, -0.9187529912794913, -3.0141557748667775]
