timestamp;T_cam_map;trans_cam_map;rot_quat_cam_map;rot_eul_cam_map;T_map_cam;trans_map_cam;rot_quat_map_cam;rot_eul_map_cam
1681734458.9853191;[[-0.002584968038820412, -0.001001861196899878, 0.9999961570998066, 0.0015662528891677962], [-0.9999965019732078, 0.0005629319776805086, -0.002584404948438368, -0.01511060200673214], [-0.0005603405993541699, -0.9999993396906476, -0.0010033128535328895, 0.0024754603181553693], [0.0, 0.0, 0.0, 1.0]];[0.0015662528891677962, -0.01511060200673214, 0.0024754603181553693];[-0.49946356544722864, 0.5010367284117089, -0.5002546159726083, 0.49924308985836935];[-1.5717996399742695, 0.0005603406286769459, -1.5733812981183621];[[-0.002584968038820412, -0.9999965019732078, -0.0005603405993541699, -0.01510511333486391], [-0.001001861196899878, 0.0005629319776805086, -0.9999993396906476, 0.002485534092651551], [0.9999961570998066, -0.002584404948438368, -0.0010033128535328895, -0.0016028151236587296], [0.0, 0.0, 0.0, 1.0]];[-0.01510511333486391, 0.002485534092651551, -0.0016028151236587296];[0.49946356544722864, -0.5010367284117089, 0.5002546159726083, 0.49924308985836935];[-1.9411048396043804, -1.5680239982953454, -2.771845778177642]
