timestamp;T_cam_map;trans_cam_map;rot_quat_cam_map;rot_eul_cam_map;T_map_cam;trans_map_cam;rot_quat_map_cam;rot_eul_map_cam
1681734468.9852917;[[-0.6075629500821095, -0.07917219857863678, 0.7903157752821018, -0.01946395822271677], [-0.7828159840822714, 0.22807088840509546, -0.5789497430066068, 0.4181512619814863], [-0.13441129696878096, -0.9704202351735747, -0.2005446843295399, 0.2037556202863629], [0.0, 0.0, 0.0, 1.0]];[-0.01946395822271677, 0.4181512619814863, 0.2037556202863629];[-0.30203925483384403, 0.713473637007133, -0.5428967160859131, 0.32402285953056087];[-1.7745851204578356, 0.13481934443154941, -2.2308087786632433];[[-0.6075629500821095, -0.7828159840822714, -0.13441129696878096, 0.3428969689525805], [-0.07917219857863678, 0.22807088840509546, -0.9704202351735747, 0.10081944278286523], [0.7903157752821018, -0.5789497430066068, -0.2005446843295399, 0.2983333454456128], [0.0, 0.0, 0.0, 1.0]];[0.3428969689525805, 0.10081944278286523, 0.2983333454456128];[0.30203925483384403, -0.713473637007133, 0.5428967160859131, 0.32402285953056087];[-1.9042550182363231, -0.9113242096421221, -3.012011728315298]
