timestamp;T_cam_map;trans_cam_map;rot_quat_cam_map;rot_eul_cam_map;T_map_cam;trans_map_cam;rot_quat_map_cam;rot_eul_map_cam
1681734469.0852764;[[-0.6115316340044484, -0.07902792116651375, 0.7872633919394123, -0.021049054192931155], [-0.7802385781249046, 0.22543116204722405, -0.5834454150849637, 0.4279310033837147], [-0.1313652230138425, -0.971048597575908, -0.19951891972538824, 0.20539509627653194], [0.0, 0.0, 0.0, 1.0]];[-0.021049054192931155, 0.4279310033837147, 0.20539509627653194];[-0.30106316765494406, 0.7135267541895435, -0.5446516208164253, 0.32186200782221386];[-1.7734435201524739, 0.13174601190636287, -2.2355654934970257];[[-0.6115316340044484, -0.7802385781249046, -0.1313652230138425, 0.3479978877391382], [-0.07902792116651375, 0.22543116204722405, -0.971048597575908, 0.10131617382408095], [0.7872633919394123, -0.5834454150849637, -0.19951891972538824, 0.3072257394239657], [0.0, 0.0, 0.0, 1.0]];[0.3479978877391382, 0.10131617382408095, 0.3072257394239657];[0.30106316765494406, -0.7135267541895435, 0.5446516208164253, 0.32186200782221386];[-1.9002967088880456, -0.9063582357628601, -3.0130754288518924]
