timestamp;T_cam_map;trans_cam_map;rot_quat_cam_map;rot_eul_cam_map;T_map_cam;trans_map_cam;rot_quat_map_cam;rot_eul_map_cam
1681734469.1851807;[[-0.6133327278270599, -0.07184627990163256, 0.7865501109532145, -0.028847850894479513], [-0.7787366468974155, 0.22128935728163146, -0.5870266221670468, 0.44888307698713104], [-0.1318794895167092, -0.9725580355013159, -0.19167333624329042, 0.20630673088837675], [0.0, 0.0, 0.0, 1.0]];[-0.028847850894479513, 0.44888307698713104, 0.20630673088837675];[-0.2987688283332948, 0.7117400194860449, -0.5478069993853079, 0.3226000981134698];[-1.7653842064714478, 0.13226479183592701, -2.2379302248225565];[[-0.6133327278270599, -0.7787366468974155, -0.1318794895167092, 0.3590759974943138], [-0.07184627990163256, 0.22128935728163146, -0.9725580355013159, 0.09923961053248978], [0.7865501109532145, -0.5870266221670468, -0.19167333624329042, 0.3257400961523426], [0.0, 0.0, 0.0, 1.0]];[0.3590759974943138, 0.09923961053248978, 0.3257400961523426];[0.2987688283332948, -0.7117400194860449, 0.5478069993853079, 0.3226000981134698];[-1.8863984021510725, -0.9052023231583779, -3.0249832962163965]
