timestamp;T_cam_map;trans_cam_map;rot_quat_cam_map;rot_eul_cam_map;T_map_cam;trans_map_cam;rot_quat_map_cam;rot_eul_map_cam
1681734469.285328;[[-0.6146417892172731, -0.0661818698189155, 0.786025082968134, -0.02197349063792784], [-0.7775374863586986, 0.2186663004205331, -0.5895935094345888, 0.4671255775013722], [-0.1328567960429069, -0.9735527767756968, -0.18586033083351627, 0.2112518493362906], [0.0, 0.0, 0.0, 1.0]];[-0.02197349063792784, 0.4671255775013722, 0.2112518493362906];[-0.2968805488726528, 0.7104872307915396, -0.5500261716416828, 0.32332807656069085];[-1.759435796000907, 0.13325077443657732, -2.2397164212071248];[[-0.6146417892172731, -0.7775374863586986, -0.1328567960429069, 0.37776806560418574], [-0.0661818698189155, 0.2186663004205331, -0.9735527767756968, 0.10206595595945028], [0.786025082968134, -0.5895935094345888, -0.18586033083351627, 0.3319492619943048], [0.0, 0.0, 0.0, 1.0]];[0.37776806560418574, 0.10206595595945028, 0.3319492619943048];[0.2968805488726528, -0.7104872307915396, 0.5500261716416828, 0.32332807656069085];[-1.8761706476667397, -0.904352571591279, -3.0343304003530576]
