timestamp;T_cam_map;trans_cam_map;rot_quat_cam_map;rot_eul_cam_map;T_map_cam;trans_map_cam;rot_quat_map_cam;rot_eul_map_cam
1681734469.3853166;[[-0.6194497472600928, -0.06051225472962668, 0.7827006309227967, -0.04105341251007079], [-0.7744385516526606, 0.2103761693655909, -0.5966462914300146, 0.49060347931408427], [-0.12855714812306895, -0.9757459374194684, -0.17718048785311064, 0.22089559609603318], [0.0, 0.0, 0.0, 1.0]];[-0.04105341251007079, 0.49060347931408427, 0.22089559609603318];[-0.29468397107215855, 0.7083442673726517, -0.5549533967013337, 0.3216154280551492];[-1.750423761791272, 0.12891391726675364, -2.245457667291514];[[-0.6194497472600928, -0.7744385516526606, -0.12855714812306895, 0.3829094298192791], [-0.06051225472962668, 0.2103761693655909, -0.9757459374194684, 0.10984246527369837], [0.7827006309227967, -0.5966462914300146, -0.17718048785311064, 0.36398766784947534], [0.0, 0.0, 0.0, 1.0]];[0.3829094298192791, 0.10984246527369837, 0.36398766784947534];[0.29468397107215855, -0.7083442673726517, 0.5549533967013337, 0.3216154280551492];[-1.8594624262179906, -0.898993127881866, -3.0442145131094427]
