timestamp;T_cam_map;trans_cam_map;rot_quat_cam_map;rot_eul_cam_map;T_map_cam;trans_map_cam;rot_quat_map_cam;rot_eul_map_cam
1681734469.485509;[[-0.6265030950482704, -0.05488933620840564, 0.7774837828955268, -0.03796226114069624], [-0.768818440376168, 0.20747789529072913, -0.6048728202715724, 0.5058613025677513], [-0.1281096313026252, -0.9766985633942183, -0.17218547741077228, 0.22103438024992406], [0.0, 0.0, 0.0, 1.0]];[-0.03796226114069624, 0.5058613025677513, 0.22103438024992406];[-0.29077675589349156, 0.708196030020956, -0.558309887595314, 0.3196831723877902];[-1.7452966508078764, 0.12846266910877951, -2.2545513195167954];[[-0.6265030950482704, -0.768818440376168, -0.1281096313026252, 0.3934486565461404], [-0.05488933620840564, 0.20747789529072913, -0.9766985633942183, 0.10884519997006542], [0.7774837828955268, -0.6048728202715724, -0.17218547741077228, 0.37355570543687044], [0.0, 0.0, 0.0, 1.0]];[0.3934486565461404, 0.10884519997006542, 0.37355570543687044];[0.29077675589349156, -0.708196030020956, 0.558309887595314, 0.3196831723877902];[-1.8481246379744676, -0.8906549001632487, -3.0542035597866786]
