timestamp;T_cam_map;trans_cam_map;rot_quat_cam_map;rot_eul_cam_map;T_map_cam;trans_map_cam;rot_quat_map_cam;rot_eul_map_cam
1681734469.5853114;[[-0.6327565423649532, -0.04146485369767128, 0.7732398230834855, -0.04823027856549021], [-0.7631878594473158, 0.20233763971150023, -0.613680511950806, 0.5339406519335207], [-0.1310093480884983, -0.9784376042772527, -0.15967593822995638, 0.21539657159936437], [0.0, 0.0, 0.0, 1.0]];[-0.04823027856549021, 0.5339406519335207, 0.21539657159936437];[-0.2848603851685519, 0.7061816551543961, -0.563636177960459, 0.3201191805861493];[-1.7325650907726582, 0.13138703455404888, -2.263029084681182];[[-0.6327565423649532, -0.7631878594473158, -0.1310093480884983, 0.4051979633443801], [-0.04146485369767128, 0.20233763971150023, -0.9784376042772527, 0.10071595278245157], [0.7732398230834855, -0.613680511950806, -0.15967593822995638, 0.39935619435680136], [0.0, 0.0, 0.0, 1.0]];[0.4051979633443801, 0.10071595278245157, 0.39935619435680136];[0.2848603851685519, -0.7061816551543961, 0.563636177960459, 0.3201191805861493];[-1.8253460181343213, -0.8839345711206675, -3.076155712288624]
