timestamp;T_cam_map;trans_cam_map;rot_quat_cam_map;rot_eul_cam_map;T_map_cam;trans_map_cam;rot_quat_map_cam;rot_eul_map_cam
1681734469.6853063;[[-0.6344168104533675, -0.03977174742355011, 0.7719673041787802, -0.04797228543520833], [-0.7621729378469704, 0.1986814522566503, -0.6161315552241313, 0.5460311293511233], [-0.1288709564948381, -0.979256804232713, -0.15635980281402195, 0.22300869718403757], [0.0, 0.0, 0.0, 1.0]];[-0.04797228543520833, 0.5460311293511233, 0.22300869718403757];[-0.28428046894924225, 0.7052407506525769, -0.5655474240465374, 0.3193371411961272];[-1.7291316705795245, 0.12923035787205026, -2.264971174005776];[[-0.6344168104533675, -0.7621729378469704, -0.1288709564948381, 0.41447506981025606], [-0.03977174742355011, 0.1986814522566503, -0.979256804232713, 0.10798858474406184], [0.7719673041787802, -0.6161315552241313, -0.15635980281402195, 0.4083296407081173], [0.0, 0.0, 0.0, 1.0]];[0.41447506981025606, 0.10798858474406184, 0.4083296407081173];[0.28428046894924225, -0.7052407506525769, 0.5655474240465374, 0.3193371411961272];[-1.8193263144809466, -0.8819302513867784, -3.0789843377270745]
