timestamp;T_cam_map;trans_cam_map;rot_quat_cam_map;rot_eul_cam_map;T_map_cam;trans_map_cam;rot_quat_map_cam;rot_eul_map_cam
1681734469.7852592;[[-0.6398611994646557, -0.032509917464967786, 0.7678025466785543, -0.04794081545285894], [-0.7576095053925713, 0.19421737709479947, -0.62314320005376, 0.5724253912977882], [-0.12886226274001245, -0.9804196630529387, -0.14890198635574525, 0.21940624711961992], [0.0, 0.0, 0.0, 1.0]];[-0.04794081545285894, 0.5724253912977882, 0.21940624711961992];[-0.280545633452158, 0.704091713293659, -0.5693728646533199, 0.318376424721743];[-1.7215202566906518, 0.1292215910186469, -2.2721348833681962];[[-0.6398611994646557, -0.7576095053925713, -0.12886226274001245, 0.43127263535941507], [-0.032509917464967786, 0.19421737709479947, -0.9804196630529387, 0.10237668883883114], [0.7678025466785543, -0.62314320005376, -0.14890198635574525, 0.42618209633485216], [0.0, 0.0, 0.0, 1.0]];[0.43127263535941507, 0.10237668883883114, 0.42618209633485216];[0.280545633452158, -0.704091713293659, 0.5693728646533199, 0.318376424721743];[-1.8053511700643308, -0.8754042253153974, -3.0908285398636477]
