timestamp;T_cam_map;trans_cam_map;rot_quat_cam_map;rot_eul_cam_map;T_map_cam;trans_map_cam;rot_quat_map_cam;rot_eul_map_cam
1681734469.8852706;[[-0.6419169550606348, -0.036229165248277684, 0.7659177961054937, -0.046230403374570087], [-0.7565514439427091, 0.1924903870397054, -0.6249618896904889, 0.575424400579764], [-0.12478996543747195, -0.9806298478440874, -0.15097207040839428, 0.22849616026308894], [0.0, 0.0, 0.0, 1.0]];[-0.046230403374570087, 0.575424400579764, 0.22849616026308894];[-0.2813204259861227, 0.7045174611939604, -0.5697487379565959, 0.31607015106249614];[-1.7235511881915642, 0.1251161390488337, -2.274405896394737];[[-0.6419169550606348, -0.7565514439427091, -0.12478996543747195, 0.43417610931488515], [-0.036229165248277684, 0.1924903870397054, -0.9806298478440874, 0.11163160036870998], [0.7659177961054937, -0.6249618896904889, -0.15097207040839428, 0.4295235478213515], [0.0, 0.0, 0.0, 1.0]];[0.43417610931488515, 0.11163160036870998, 0.4295235478213515];[0.2813204259861227, -0.7045174611939604, 0.5697487379565959, 0.31607015106249614];[-1.807825311305078, -0.8724676213458862, -3.085213443424502]
