timestamp;T_cam_map;trans_cam_map;rot_quat_cam_map;rot_eul_cam_map;T_map_cam;trans_map_cam;rot_quat_map_cam;rot_eul_map_cam
1681734459.085283;[[-0.0014326113136537144, -0.0010011222281104404, 0.999998472688388, 0.0014114597870967206], [-0.9999989738054368, 5.025585395390664e-06, -0.0014326070003278235, -0.016985091327353898], [-3.591363007537929e-06, -0.9999994988643885, -0.001001128400474699, 0.0023074046485746956], [0.0, 0.0, 0.0, 1.0]];[0.0014114597870967206, -0.016985091327353898, 0.0023074046485746956];[-0.4998908609640273, 0.5006093200539529, -0.5001066029677532, 0.49939245235367424];[-1.5717974553626095, 3.591363007545649e-06, -1.572228938598603];[[-0.0014326113136537144, -0.9999989738054368, -3.591363007537929e-06, -0.01698304353735806], [-0.0010011222281104404, 5.025585395390664e-06, -0.9999994988643885, 0.0023089018960459184], [0.999998472688388, -0.0014326070003278235, -0.001001128400474699, -0.0014334805837694963], [0.0, 0.0, 0.0, 1.0]];[-0.01698304353735806, 0.0023089018960459184, -0.0014334805837694963];[0.4998908609640273, -0.5006093200539529, 0.5001066029677532, 0.49939245235367424];[-2.1807270807793713, -1.5690485785288468, -2.5316662080830072]
