timestamp;T_cam_map;trans_cam_map;rot_quat_cam_map;rot_eul_cam_map;T_map_cam;trans_map_cam;rot_quat_map_cam;rot_eul_map_cam
1681734469.9852793;[[-0.6542845144882885, -0.03513708646524211, 0.755431770086193, -0.030890972316295087], [-0.7459269803688895, 0.19445901298740376, -0.6370075605718626, 0.5896324180723708], [-0.12451792665546191, -0.9802811216292493, -0.15344122170631397, 0.23277005356386798], [0.0, 0.0, 0.0, 1.0]];[-0.030890972316295087, 0.5896324180723708, 0.23277005356386798];[-0.2759971441114118, 0.7074928885123168, -0.5714858440492142, 0.310939414031416];[-1.7260642110972086, 0.12484196175958265, -2.2908386856741454];[[-0.6542845144882885, -0.7459269803688895, -0.12451792665546191, 0.4485952887735455], [-0.03513708646524211, 0.19445901298740376, -0.9802811216292493, 0.11243533238028641], [0.755431770086193, -0.6370075605718626, -0.15344122170631397, 0.434652851562436], [0.0, 0.0, 0.0, 1.0]];[0.4485952887735455, 0.11243533238028641, 0.434652851562436];[0.2759971441114118, -0.7074928885123168, 0.5714858440492142, 0.310939414031416];[-1.807171493428038, -0.8563128316984334, -3.0879411222811846]
