timestamp;T_cam_map;trans_cam_map;rot_quat_cam_map;rot_eul_cam_map;T_map_cam;trans_map_cam;rot_quat_map_cam;rot_eul_map_cam
1681734470.085343;[[-0.6597883126339917, -0.038323134199513165, 0.7504736636929483, -0.025759931770367634], [-0.7416928120692591, 0.19363957296244635, -0.6421802615369898, 0.5888363236025174], [-0.12071103941390454, -0.9803239531746881, -0.1561851202758037, 0.24065095760603952], [0.0, 0.0, 0.0, 1.0]];[-0.025759931770367634, 0.5888363236025174, 0.24065095760603952];[-0.2751169000076903, 0.7088040995000385, -0.5722682105874268, 0.3072727371784923];[-1.7287884007456138, 0.12100612832062675, -2.297819501626387];[[-0.6597883126339917, -0.7416928120692591, -0.12071103941390454, 0.44878879401351424], [-0.038323134199513165, 0.19363957296244635, -0.9803239531746881, 0.12090668252625253], [0.7504736636929483, -0.6421802615369898, -0.1561851202758037, 0.4350573134239189], [0.0, 0.0, 0.0, 1.0]];[0.44878879401351424, 0.12090668252625253, 0.4350573134239189];[0.2751169000076903, -0.7088040995000385, 0.5722682105874268, 0.3072727371784923];[-1.8093749374968455, -0.8487784822111979, -3.083573857335971]
