timestamp;T_cam_map;trans_cam_map;rot_quat_cam_map;rot_eul_cam_map;T_map_cam;trans_map_cam;rot_quat_map_cam;rot_eul_map_cam
1681734470.1853504;[[-0.6974123008248199, -1.4580907676253752e-05, 0.716670135031193, -0.013205663877868631], [-0.7014434942610009, 0.20505373099823082, -0.6825906472862213, 0.5932062041580539], [-0.14694593229194325, -0.9787507175941699, -0.1430172220110198, 0.23819827300741278], [0.0, 0.0, 0.0, 1.0]];[-0.013205663877868631, 0.5932062041580539, 0.23819827300741278];[-0.24523009103083634, 0.7151019601836632, -0.580805765255384, 0.3019206055250251];[-1.715891678437598, 0.14747997451659772, -2.3533127190396783];[[-0.6974123008248199, -0.7014434942610009, -0.14694593229194325, 0.4418931075303514], [-1.4580907676253752e-05, 0.20505373099823082, -0.9787507175941699, 0.11149739267122422], [0.716670135031193, -0.6825906472862213, -0.1430172220110198, 0.4484475670783194], [0.0, 0.0, 0.0, 1.0]];[0.4418931075303514, 0.11149739267122422, 0.4484475670783194];[0.24523009103083634, -0.7151019601836632, 0.580805765255384, 0.3019206055250251];[-1.7773299148280817, -0.7990159293318666, -3.14157174643393]
