timestamp;T_cam_map;trans_cam_map;rot_quat_cam_map;rot_eul_cam_map;T_map_cam;trans_map_cam;rot_quat_map_cam;rot_eul_map_cam
1681734470.2853217;[[-0.7034531538442914, 0.003182706599100138, 0.7107345008688013, -0.01732782176709402], [-0.695227486866608, 0.20471395215377575, -0.6890217262893257, 0.5946759203478119], [-0.14769022260007786, -0.9788166672938738, -0.14179397016817674, 0.24013636318963816], [0.0, 0.0, 0.0, 1.0]];[-0.01732782176709402, 0.5946759203478119, 0.24013636318963816];[-0.24167481466327317, 0.7158842567353754, -0.5824399607518226, 0.2997777627432144];[-1.7146582180748553, 0.14823247525187866, -2.3620754410743516];[[-0.7034531538442914, -0.695227486866608, -0.14769022260007786, 0.43671152766603305], [0.003182706599100138, 0.20471395215377575, -0.9788166672938738, 0.11336616618095452], [0.7107345008688013, -0.6890217262893257, -0.14179397016817674, 0.45610999829392784], [0.0, 0.0, 0.0, 1.0]];[0.43671152766603305, 0.11336616618095452, 0.45610999829392784];[0.24167481466327317, -0.7158842567353754, 0.5824399607518226, 0.2997777627432144];[-1.7737532082397118, -0.7905417848448439, 3.137068279983597]
