timestamp;T_cam_map;trans_cam_map;rot_quat_cam_map;rot_eul_cam_map;T_map_cam;trans_map_cam;rot_quat_map_cam;rot_eul_map_cam
1681734470.3853006;[[-0.7470810801807262, 0.006556969484923181, 0.6647005835616315, 0.007435360891574186], [-0.6496101652165216, 0.2048792954471918, -0.7321414532345687, 0.5990074276237092], [-0.14098401641095065, -0.9787652836345577, -0.14880197131893352, 0.24053820157542935], [0.0, 0.0, 0.0, 1.0]];[0.007435360891574186, 0.5990074276237092, 0.24053820157542935];[-0.2218341698718976, 0.724700342718777, -0.590211786864385, 0.2779371529444796];[-1.7216712956700497, 0.14145528859116505, -2.425868543699105];[[-0.7470810801807262, -0.6496101652165216, -0.14098401641095065, 0.42858817322934295], [0.006556969484923181, 0.2048792954471918, -0.9787652836345577, 0.11265746791626582], [0.6647005835616315, -0.7321414532345687, -0.14880197131893352, 0.4694084384070373], [0.0, 0.0, 0.0, 1.0]];[0.42858817322934295, 0.11265746791626582, 0.4694084384070373];[0.2218341698718976, -0.724700342718777, 0.590211786864385, 0.2779371529444796];[-1.7713073443642984, -0.7270929802347369, 3.132816094657591]
