timestamp;T_cam_map;trans_cam_map;rot_quat_cam_map;rot_eul_cam_map;T_map_cam;trans_map_cam;rot_quat_map_cam;rot_eul_map_cam
1681734470.4852855;[[-0.7629002499310973, 0.004647201610908425, 0.6464995067068939, 0.026937367284836755], [-0.6323736948564651, 0.2026485937568459, -0.7476878075119023, 0.5977294205769003], [-0.13448687188217257, -0.9792404970003848, -0.15166189477185005, 0.24234608972223814], [0.0, 0.0, 0.0, 1.0]];[0.026937367284836755, 0.5977294205769003, 0.24234608972223814];[-0.21570410930479916, 0.7275319131247429, -0.5934201212889569, 0.26836842635353864];[-1.7244525745665131, 0.13489561181441775, -2.4494720705749007];[[-0.7629002499310973, -0.6323736948564651, -0.13448687188217257, 0.43113125396833635], [0.004647201610908425, 0.2026485937568459, -0.9792404970003848, 0.11606089544206141], [0.6464995067068939, -0.7476878075119023, -0.15166189477185005, 0.4662546724526964], [0.0, 0.0, 0.0, 1.0]];[0.43113125396833635, 0.11606089544206141, 0.4662546724526964];[0.21570410930479916, -0.7275319131247429, 0.5934201212889569, 0.26836842635353864];[-1.7709223145016435, -0.702987148326493, 3.1355012358291177]
