timestamp;T_cam_map;trans_cam_map;rot_quat_cam_map;rot_eul_cam_map;T_map_cam;trans_map_cam;rot_quat_map_cam;rot_eul_map_cam
1681734470.5852532;[[-0.7971669369010178, -0.00339715847913008, 0.6037493967086976, 0.05634210480636746], [-0.5925615988920685, 0.19609733402173637, -0.7812916146408093, 0.5858937097335845], [-0.11573947567845708, -0.9805785511134919, -0.15833533675664643, 0.2553255126676748], [0.0, 0.0, 0.0, 1.0]];[0.05634210480636746, 0.5858937097335845, 0.2553255126676748];[-0.20314469340465938, 0.7334165950671215, -0.600569368625023, 0.24525245175332713];[-1.7308858767670297, 0.11599944631840753, -2.5023712017849378];[[-0.7971669369010178, -0.5925615988920685, -0.11573947567845708, 0.4216434174910762], [-0.00339715847913008, 0.19609733402173637, -0.9805785511134919, 0.1356659298341921], [0.6037493967086976, -0.7812916146408093, -0.15833533675664643, 0.464164381730303], [0.0, 0.0, 0.0, 1.0]];[0.4216434174910762, 0.1356659298341921, 0.464164381730303];[0.20314469340465938, -0.7334165950671215, 0.600569368625023, 0.24525245175332713];[-1.7707467634857863, -0.6481961381506935, -3.137331139774867]
