timestamp;T_cam_map;trans_cam_map;rot_quat_cam_map;rot_eul_cam_map;T_map_cam;trans_map_cam;rot_quat_map_cam;rot_eul_map_cam
1681734470.6852882;[[-0.8052588826555469, -0.007245004063747507, 0.5928791123158723, 0.05760204528542665], [-0.582652448854677, 0.19497925318183945, -0.7889861942216102, 0.5856177973897888], [-0.10988291836308445, -0.9807806078551761, -0.16123009491792567, 0.262144351653948], [0.0, 0.0, 0.0, 1.0]];[0.05760204528542665, 0.5856177973897888, 0.262144351653948];[-0.20061901647185607, 0.7350966315314118, -0.6018823669446927, 0.23900328219941205];[-1.7337286284923756, 0.11010525428075277, -2.515229527554349];[[-0.8052588826555469, -0.582652448854677, -0.10988291836308445, 0.41640138875939403], [-0.007245004063747507, 0.19497925318183945, -0.9807806078551761, 0.1433401028280786], [0.5928791123158723, -0.7889861942216102, -0.16123009491792567, 0.4701588664539732], [0.0, 0.0, 0.0, 1.0]];[0.41640138875939403, 0.1433401028280786, 0.4701588664539732];[0.20061901647185607, -0.7350966315314118, 0.6018823669446927, 0.23900328219941205];[-1.7723719906689195, -0.6346293978377215, -3.132595784707357]
