timestamp;T_cam_map;trans_cam_map;rot_quat_cam_map;rot_eul_cam_map;T_map_cam;trans_map_cam;rot_quat_map_cam;rot_eul_map_cam
1681734470.7853012;[[-0.8350599731926032, -0.009811066737697327, 0.5500714354890986, 0.07891741360043703], [-0.5417068297350778, 0.18924902103091162, -0.8189862750115007, 0.5794804304943793], [-0.09606535166198418, -0.9818801103028365, -0.16334900428759674, 0.2606142054141175], [0.0, 0.0, 0.0, 1.0]];[0.07891741360043703, 0.5794804304943793, 0.2606142054141175];[-0.18644034573026436, 0.7395366790280099, -0.6087819699765455, 0.21842621382901356];[-1.7356500093669078, 0.0962137260133407, -2.56612897311157];[[-0.8350599731926032, -0.5417068297350778, -0.09606535166198418, 0.4048452754734544], [-0.009811066737697327, 0.18924902103091162, -0.9818801103028365, 0.14700006459246753], [0.5500714354890986, -0.8189862750115007, -0.16334900428759674, 0.47374737518597226], [0.0, 0.0, 0.0, 1.0]];[0.4048452754734544, 0.14700006459246753, 0.47374737518597226];[0.18644034573026436, -0.7395366790280099, 0.6087819699765455, 0.21842621382901356];[-1.7676655583697698, -0.5824497748953255, -3.1298442574766083]
