timestamp;T_cam_map;trans_cam_map;rot_quat_cam_map;rot_eul_cam_map;T_map_cam;trans_map_cam;rot_quat_map_cam;rot_eul_map_cam
1681734470.8852847;[[-0.8460684877096527, -0.010699504462960474, 0.532966823272283, 0.08677764383661962], [-0.5251286509031181, 0.1887060645400944, -0.8298372859822951, 0.5743172206831095], [-0.0916952240052499, -0.9819753264772173, -0.16527687099104407, 0.26290408899867], [0.0, 0.0, 0.0, 1.0]];[0.08677764383661962, 0.5743172206831095, 0.26290408899867];[-0.18062552334962048, 0.7416285160443857, -0.6107547691542232, 0.21057107222942437];[-1.7375440937262279, 0.09182420841942296, -2.586113685245685];[[-0.8460684877096527, -0.5251286509031181, -0.0916952240052499, 0.3991173065082343], [-0.010699504462960474, 0.1887060645400944, -0.9819753264772173, 0.15071666390146482], [0.532966823272283, -0.8298372859822951, -0.16527687099104407, 0.4737922037383606], [0.0, 0.0, 0.0, 1.0]];[0.3991173065082343, 0.15071666390146482, 0.4737922037383606];[0.18062552334962048, -0.7416285160443857, 0.6107547691542232, 0.21057107222942437];[-1.7673915715072845, -0.5621030281045618, -3.1289471830393074]
