timestamp;T_cam_map;trans_cam_map;rot_quat_cam_map;rot_eul_cam_map;T_map_cam;trans_map_cam;rot_quat_map_cam;rot_eul_map_cam
1681734459.185295;[[-0.0018709595975840432, -0.00018625090556373403, 0.9999982324088301, 0.002429394003545118], [-0.999998234003384, -0.00017713507246538973, -0.0018709925921933657, -0.016828155429578794], [0.00017748323342758887, -0.9999999669668829, -0.00018591916408139397, 0.0007209465125722797], [0.0, 0.0, 0.0, 1.0]];[0.002429394003545118, -0.016828155429578794, 0.0007209465125722797];[-0.4996228814413334, 0.5004697152898464, -0.5004653273469521, 0.49944118426644324];[-1.5709822459629772, -0.0001774832343593847, -1.572667287513496];[[-0.0018709595975840432, -0.999998234003384, 0.00017748323342758887, -0.016823708369004178], [-0.00018625090556373403, -0.00017713507246538973, -0.9999999669668829, 0.0007184181090588229], [0.9999982324088301, -0.0018709925921933657, -0.00018591916408139397, -0.0024607410257457838], [0.0, 0.0, 0.0, 1.0]];[-0.016823708369004178, 0.0007184181090588229, -0.0024607410257457838];[0.4996228814413334, -0.5004697152898464, 0.5004653273469521, 0.49944118426644324];[-1.669840453111465, -1.5689161184602545, -3.0423712179625673]
