timestamp;T_cam_map;trans_cam_map;rot_quat_cam_map;rot_eul_cam_map;T_map_cam;trans_map_cam;rot_quat_map_cam;rot_eul_map_cam
1681734470.9853122;[[-0.8599410032312331, -0.005890013395942306, 0.5103594602864302, 0.1027656528848802], [-0.5018745325697456, 0.1916888552109175, -0.8434318800862507, 0.5622122795130948], [-0.09286239561609466, -0.9814380726923752, -0.16779715417824104, 0.2606601149207012], [0.0, 0.0, 0.0, 1.0]];[0.1027656528848802, 0.5622122795130948, 0.2606601149207012];[-0.17041661871432212, 0.7448870740958644, -0.6124653038830188, 0.20245412924996337];[-1.7401297669958404, 0.09299638151775758, -2.6133080199980294];[[-0.8599410032312331, -0.5018745325697456, -0.09286239561609466, 0.3947379463382449], [-0.005890013395942306, 0.1916888552109175, -0.9814380726923752, 0.14865722364229517], [0.5103594602864302, -0.8434318800862507, -0.16779715417824104, 0.46547836226646294], [0.0, 0.0, 0.0, 1.0]];[0.3947379463382449, 0.14865722364229517, 0.46547836226646294];[0.17041661871432212, -0.7448870740958644, 0.6124653038830188, 0.20245412924996337];[-1.7671779409839676, -0.5356027344032331, -3.134743438039071]
