timestamp;T_cam_map;trans_cam_map;rot_quat_cam_map;rot_eul_cam_map;T_map_cam;trans_map_cam;rot_quat_map_cam;rot_eul_map_cam
1681734471.085279;[[-0.8667269933551223, -0.007278478402858141, 0.49872972915370617, 0.10622869017058675], [-0.4908509803604185, 0.19005638110921486, -0.8502610699537436, 0.559192940090515], [-0.08859816064008288, -0.9817461972179, -0.16829964402632003, 0.2650188440343602], [0.0, 0.0, 0.0, 1.0]];[0.10622869017058675, 0.559192940090515, 0.2650188440343602];[-0.1669702589999062, 0.7458356083096759, -0.6140787751216426, 0.19686908323031105];[-1.7405748935917884, 0.08871448252160842, -2.6263007184233103];[[-0.8667269933551223, -0.4908509803604185, -0.08859816064008288, 0.3900318582100649], [-0.007278478402858141, 0.19005638110921486, -0.9817461972179, 0.15467623901356217], [0.49872972915370617, -0.8502610699537436, -0.16829964402632003, 0.4670831587860609], [0.0, 0.0, 0.0, 1.0]];[0.3900318582100649, 0.15467623901356217, 0.4670831587860609];[0.1669702589999062, -0.7458356083096759, 0.6140787751216426, 0.19686908323031105];[-1.7662091668425168, -0.5221326131881682, -3.1331951912152984]
