timestamp;T_cam_map;trans_cam_map;rot_quat_cam_map;rot_eul_cam_map;T_map_cam;trans_map_cam;rot_quat_map_cam;rot_eul_map_cam
1681734471.185279;[[-0.8739212213092411, -0.008900768180136104, 0.48598608547073396, 0.1157382248677147], [-0.47892282618859894, 0.18656704036935445, -0.8578028130073627, 0.5538891652795117], [-0.08303388164411588, -0.982401911527875, -0.1673076768277172, 0.2681868346122959], [0.0, 0.0, 0.0, 1.0]];[0.1157382248677147, 0.5538891652795117, 0.2681868346122959];[-0.1634161980566196, 0.7462901477485672, -0.6164508301787275, 0.1906161996213832];[-1.7394826243904944, 0.08312959348257372, -2.6402739307653897];[[-0.8739212213092411, -0.47892282618859894, -0.08303388164411588, 0.38868484914317203], [-0.008900768180136104, 0.18656704036935445, -0.982401911527875, 0.16115995582000683], [0.48598608547073396, -0.8578028130073627, -0.1673076768277172, 0.46375023348303546], [0.0, 0.0, 0.0, 1.0]];[0.38868484914317203, 0.16115995582000683, 0.46375023348303546];[0.1634161980566196, -0.7462901477485672, 0.6164508301787275, 0.1906161996213832];[-1.7634201783371342, -0.5074911016251152, -3.1314081424243736]
