timestamp;T_cam_map;trans_cam_map;rot_quat_cam_map;rot_eul_cam_map;T_map_cam;trans_map_cam;rot_quat_map_cam;rot_eul_map_cam
1681734471.2852647;[[-0.8836312983518916, -0.008934868394216755, 0.4680981699384526, 0.1329848341264604], [-0.4622029301397895, 0.1759441239991037, -0.869144473951472, 0.5423763055863522], [-0.07459343096508747, -0.984359605711737, -0.1595994570789347, 0.2701358257490607], [0.0, 0.0, 0.0, 1.0]];[0.1329848341264604, 0.5423763055863522, 0.2701358257490607];[-0.15813288298764688, 0.7448447622541776, -0.6221108657775262, 0.18214923041854825];[-1.7315329103563637, 0.07466277995950583, -2.6596581430044632];[[-0.8836312983518916, -0.4622029301397895, -0.07459343096508747, 0.38834783738989037], [-0.008934868394216755, 0.1759441239991037, -0.984359605711737, 0.1716710729500455], [0.4680981699384526, -0.869144473951472, -0.1595994570789347, 0.4522669424455477], [0.0, 0.0, 0.0, 1.0]];[0.38834783738989037, 0.1716710729500455, 0.4522669424455477];[0.15813288298764688, -0.7448447622541776, 0.6221108657775262, 0.18214923041854825];[-1.7524013886699454, -0.4871373690207915, -3.1314814636399566]
