timestamp;T_cam_map;trans_cam_map;rot_quat_cam_map;rot_eul_cam_map;T_map_cam;trans_map_cam;rot_quat_map_cam;rot_eul_map_cam
1681734471.385276;[[-0.8926037537423817, -0.0075494654549445595, 0.45077881979564505, 0.13404422285682352], [-0.4454807649200183, 0.16850694526698085, -0.879290792333837, 0.5312493717468877], [-0.06932118645324381, -0.9856715553206027, -0.15377307352257508, 0.2707703214663239], [0.0, 0.0, 0.0, 1.0]];[0.13404422285682352, 0.5312493717468877, 0.2707703214663239];[-0.15220247576272594, 0.7441242793599631, -0.6265627931326647, 0.1747355988358012];[-1.725557248849113, 0.06937682650472757, -2.678681240509311];[[-0.8926037537423817, -0.4454807649200183, -0.06932118645324381, 0.3750798729189354], [-0.0075494654549445595, 0.16850694526698085, -0.9856715553206027, 0.1783833573161927], [0.45077881979564505, -0.879290792333837, -0.15377307352257508, 0.44833556898092275], [0.0, 0.0, 0.0, 1.0]];[0.3750798729189354, 0.1783833573161927, 0.44833556898092275];[0.15220247576272594, -0.7441242793599631, 0.6265627931326647, 0.1747355988358012];[-1.7439285359388874, -0.46763764161279947, -3.1331350536575666]
