timestamp;T_cam_map;trans_cam_map;rot_quat_cam_map;rot_eul_cam_map;T_map_cam;trans_map_cam;rot_quat_map_cam;rot_eul_map_cam
1681734471.4853227;[[-0.8985815558876155, -0.004384345769623071, 0.4387846452768882, 0.1346060969153135], [-0.43306864477676243, 0.1700400097172422, -0.8851767868660918, 0.5229944155260956], [-0.07073002424579386, -0.9854274060566472, -0.15469353917554807, 0.26951652420227895], [0.0, 0.0, 0.0, 1.0]];[0.1346060969153135, 0.5229944155260956, 0.26951652420227895];[-0.14669012711383345, 0.7455392519479449, -0.6272654954233543, 0.1708544077965788];[-1.7265067257021929, 0.07078913135013315, -2.6924915049779345];[[-0.8985815558876155, -0.43306864477676243, -0.07073002424579386, 0.36650994904729184], [-0.004384345769623071, 0.1700400097172422, -0.9854274060566472, 0.17724915350751075], [0.4387846452768882, -0.8851767868660918, -0.15469353917554807, 0.44557189279234943], [0.0, 0.0, 0.0, 1.0]];[0.36650994904729184, 0.17724915350751075, 0.44557189279234943];[0.14669012711383345, -0.7455392519479449, 0.6272654954233543, 0.1708544077965788];[-1.7438091634840753, -0.4542457163816646, -3.136713507173428]
