timestamp;T_cam_map;trans_cam_map;rot_quat_cam_map;rot_eul_cam_map;T_map_cam;trans_map_cam;rot_quat_map_cam;rot_eul_map_cam
1681734471.5853498;[[-0.9137040523697684, 0.0005822230241981641, 0.4063798293461599, 0.13720768958725582], [-0.3999783418259659, 0.17551294265665462, -0.899562411970483, 0.49506196613772385], [-0.07184866563280609, -0.9844769514703493, -0.16013401034893637, 0.2609354012219508], [0.0, 0.0, 0.0, 1.0]];[0.13720768958725582, 0.49506196613772385, 0.2609354012219508];[-0.13315124419481927, 0.7498918264282121, -0.6281037134431258, 0.15943249350269695];[-1.7320431110264272, 0.07191062624094652, -2.7289683605453803];[[-0.9137040523697684, -0.3999783418259659, -0.07184866563280609, 0.34212914670319616], [0.0005822230241981641, 0.17551294265665462, -0.9844769514703493, 0.16991522037548273], [0.4063798293461599, -0.899562411970483, -0.16013401034893637, 0.4313653310939301], [0.0, 0.0, 0.0, 1.0]];[0.34212914670319616, 0.16991522037548273, 0.4313653310939301];[0.13315124419481927, -0.7498918264282121, 0.6281037134431258, 0.15943249350269695];[-1.7469641815260293, -0.4184884731703194, 3.140955441853798]
