timestamp;T_cam_map;trans_cam_map;rot_quat_cam_map;rot_eul_cam_map;T_map_cam;trans_map_cam;rot_quat_map_cam;rot_eul_map_cam
1681734471.6853206;[[-0.9223680213612269, 0.0026109924511409366, 0.38630352818553876, 0.14182108041540392], [-0.37955800644270393, 0.1800496701642658, -0.9074788350253571, 0.485703436543204], [-0.07192324322091981, -0.9836540545294159, -0.16508103492656342, 0.2567701080001141], [0.0, 0.0, 0.0, 1.0]];[0.14182108041540392, 0.485703436543204, 0.2567701080001141];[-0.12516323681603825, 0.7529108058814233, -0.6279405458063682, 0.1521517448770105];[-1.7370711202641766, 0.07198539727234421, -2.751208656394272];[[-0.9223680213612269, -0.37955800644270393, -0.07192324322091981, 0.33363159635633066], [0.0026109924511409366, 0.1800496701642658, -0.9836540545294159, 0.16475192049863663], [0.38630352818553876, -0.9074788350253571, -0.16508103492656342, 0.4283674801933483], [0.0, 0.0, 0.0, 1.0]];[0.33363159635633066, 0.16475192049863663, 0.4283674801933483];[0.12516323681603825, -0.7529108058814233, 0.6279405458063682, 0.1521517448770105];[-1.750740369185616, -0.3966206402431414, 3.138761912045612]
