timestamp;T_cam_map;trans_cam_map;rot_quat_cam_map;rot_eul_cam_map;T_map_cam;trans_map_cam;rot_quat_map_cam;rot_eul_map_cam
1681734471.7853348;[[-0.9305650978923979, 0.012257173737661747, 0.36592124873595067, 0.1438704530603863], [-0.3570344095914887, 0.1909674791362845, -0.9143619919266058, 0.45902205299240484], [-0.08108655222766467, -0.9815198335256899, -0.17333143812803456, 0.2514383416158929], [0.0, 0.0, 0.0, 1.0]];[0.1438704530603863, 0.45902205299240484, 0.2514383416158929];[-0.11379681574999428, 0.7574404292016496, -0.6257527827800845, 0.14753892970657978];[-1.7455891214041888, 0.08117567390831851, -2.7752384233883056];[[-0.9305650978923979, -0.3570344095914887, -0.08108655222766467, 0.3181557581350527], [0.012257173737661747, 0.1909674791362845, -0.9815198335256899, 0.1573699897380079], [0.36592124873595067, -0.9143619919266058, -0.17333143812803456, 0.41064923222512245], [0.0, 0.0, 0.0, 1.0]];[0.3181557581350527, 0.1573699897380079, 0.41064923222512245];[0.11379681574999428, -0.7574404292016496, 0.6257527827800845, 0.14753892970657978];[-1.7581388260092565, -0.37462251328850743, 3.1284216621287047]
