timestamp;T_cam_map;trans_cam_map;rot_quat_cam_map;rot_eul_cam_map;T_map_cam;trans_map_cam;rot_quat_map_cam;rot_eul_map_cam
1681734471.8852992;[[-0.9351272894959906, 0.01578499552723861, 0.35396014797726505, 0.1507860332448855], [-0.34425117246645215, 0.19589682424237725, -0.9182132456609546, 0.4448293134227718], [-0.08383366087291758, -0.9804974595418168, -0.17775446305701698, 0.24696483261998214], [0.0, 0.0, 0.0, 1.0]];[0.1507860332448855, 0.4448293134227718, 0.24696483261998214];[-0.10808601819690816, 0.7597332717466347, -0.6247951668740316, 0.14406168096458705];[-1.7501385767279707, 0.08393217106090835, -2.7888559558392343];[[-0.9351272894959906, -0.34425117246645215, -0.08383366087291758, 0.31484111328077846], [0.01578499552723861, 0.19589682424237725, -0.9804974595418168, 0.15262758429028384], [0.35396014797726505, -0.9182132456609546, -0.17775446305701698, 0.3989750222191237], [0.0, 0.0, 0.0, 1.0]];[0.31484111328077846, 0.15262758429028384, 0.3989750222191237];[0.10808601819690816, -0.7597332717466347, 0.6247951668740316, 0.14406168096458705];[-1.762018335937886, -0.3618020015948813, 3.124714206428134]
