timestamp;T_cam_map;trans_cam_map;rot_quat_cam_map;rot_eul_cam_map;T_map_cam;trans_map_cam;rot_quat_map_cam;rot_eul_map_cam
1681734459.2852986;[[-0.0018938932941679476, -0.0005029798782559824, 0.9999980800878734, 0.0023458324849579214], [-0.9999981865501829, -0.0001992090173377481, -0.0018939936941161917, -0.016924639732075586], [0.0002001612755915816, -0.9999998536634942, -0.0005026016855051441, 0.0015685143234794583], [0.0, 0.0, 0.0, 1.0]];[0.0023458324849579214, -0.016924639732075586, 0.0015685143234794583];[-0.4997018904828846, 0.5005490200675493, -0.5003974671763439, 0.49935065234837467];[-1.5712989285116306, -0.00020016127692814307, -1.5726902212591853];[[-0.0018938932941679476, -0.9999981865501829, 0.0002001612755915816, -0.016920480239506028], [-0.0005029798782559824, -0.0001992090173377481, -0.9999998536634942, 0.0015663224596364237], [0.9999980800878734, -0.0018939936941161917, -0.0005026016855051441, -0.0023770948041507067], [0.0, 0.0, 0.0, 1.0]];[-0.016920480239506028, 0.0015663224596364237, -0.0023770948041507067];[0.4997018904828846, -0.5005490200675493, 0.5003974671763439, 0.49935065234837467];[-1.8301840868341286, -1.5688367795303697, -2.8820052082112775]
