timestamp;T_cam_map;trans_cam_map;rot_quat_cam_map;rot_eul_cam_map;T_map_cam;trans_map_cam;rot_quat_map_cam;rot_eul_map_cam
1681734471.9852881;[[-0.9449613128651678, 0.015976083097883564, 0.3267918021569511, 0.1561613290815562], [-0.3169839072072537, 0.20272637827254184, -0.9265113157021458, 0.4195129782202959], [-0.08105134027122267, -0.979105091561344, -0.18650442332258696, 0.24273584384582067], [0.0, 0.0, 0.0, 1.0]];[0.1561613290815562, 0.4195129782202959, 0.24273584384582067];[-0.0985098119286566, 0.7639031539502074, -0.6236446326374578, 0.13347344500385377];[-1.7590259290495074, 0.08114034566883233, -2.817941511403073];[[-0.9449613128651678, -0.3169839072072537, -0.08105134027122267, 0.30021934298366776], [0.015976083097883564, 0.20272637827254184, -0.979105091561344, 0.1501227075308711], [0.3267918021569511, -0.9265113157021458, -0.18650442332258696, 0.3829225878234118], [0.0, 0.0, 0.0, 1.0]];[0.30021934298366776, 0.1501227075308711, 0.3829225878234118];[0.0985098119286566, -0.7639031539502074, 0.6236446326374578, 0.13347344500385377];[-1.7694391831183858, -0.3329070018292794, 3.1246876639602856]
