timestamp;T_cam_map;trans_cam_map;rot_quat_cam_map;rot_eul_cam_map;T_map_cam;trans_map_cam;rot_quat_map_cam;rot_eul_map_cam
1681734472.085308;[[-0.947757482185361, 0.01747986215461883, 0.31851249485808386, 0.15802738726825719], [-0.30840296614389057, 0.20491949244532115, -0.9289217470215684, 0.40975714543099795], [-0.08150684287417621, -0.9786227342725121, -0.18882314087440888, 0.240993490328338], [0.0, 0.0, 0.0, 1.0]];[0.15802738726825719, 0.40975714543099795, 0.240993490328338];[-0.0950607256490908, 0.7650980518053048, -0.6233006595667999, 0.13070852055771975];[-1.761401857397268, 0.0815973603632584, -2.8269964523815627];[[-0.947757482185361, -0.30840296614389057, -0.08150684287417621, 0.2957845762731589], [0.01747986215461883, 0.20491949244532115, -0.9786227342725121, 0.14911218523332695], [0.31851249485808386, -0.9289217470215684, -0.18882314087440888, 0.3758037737876995], [0.0, 0.0, 0.0, 1.0]];[0.2957845762731589, 0.14911218523332695, 0.3758037737876995];[0.0950607256490908, -0.7650980518053048, 0.6233006595667999, 0.13070852055771975];[-1.7713353895829318, -0.32415983982780544, 3.123151353033567]
