timestamp;T_cam_map;trans_cam_map;rot_quat_cam_map;rot_eul_cam_map;T_map_cam;trans_map_cam;rot_quat_map_cam;rot_eul_map_cam
1681734472.1852686;[[-0.9534959935057153, 0.01611534773569645, 0.3009745602802779, 0.1638894876978636], [-0.29108485933743933, 0.20983951528791892, -0.9334007619925295, 0.386856653023441], [-0.07819843369948168, -0.9776030244383909, -0.19539020337739274, 0.24171171842451347], [0.0, 0.0, 0.0, 1.0]];[0.1638894876978636, 0.386856653023441, 0.24171171842451347];[-0.08951912447035926, 0.7679071741055403, -0.6221467421035819, 0.12344362924510405];[-1.7680636246813701, 0.07827835097986079, -2.845297352008385];[[-0.9534959935057153, -0.29108485933743933, -0.07819843369948168, 0.28777756211430505], [0.01611534773569645, 0.20983951528791892, -0.9776030244383909, 0.15247915833318332], [0.3009745602802779, -0.9334007619925295, -0.19539020337739274, 0.3589938300411996], [0.0, 0.0, 0.0, 1.0]];[0.28777756211430505, 0.15247915833318332, 0.3589938300411996];[0.08951912447035926, -0.7679071741055403, 0.6221467421035819, 0.12344362924510405];[-1.7771481930036095, -0.30571443512463214, 3.124692935465551]
