timestamp;T_cam_map;trans_cam_map;rot_quat_cam_map;rot_eul_cam_map;T_map_cam;trans_map_cam;rot_quat_map_cam;rot_eul_map_cam
1681734472.2852924;[[-0.9553842023396416, 0.01864586457261655, 0.29477679293693826, 0.1711259488753797], [-0.28426263707650934, 0.21302047546011824, -0.9347818088714895, 0.38759421031121943], [-0.08022330759919871, -0.9768698013395055, -0.19821607439549285, 0.2430082872392819], [0.0, 0.0, 0.0, 1.0]];[0.1711259488753797, 0.38759421031121943, 0.2430082872392819];[-0.0863298856070901, 0.7691912558322624, -0.6213186888554114, 0.1218812934015962];[-1.7709878240074945, 0.0803096076814408, -2.8523965521819052];[[-0.9553842023396416, -0.28426263707650934, -0.08022330759919871, 0.2931645090809246], [0.01864586457261655, 0.21302047546011824, -0.9768698013395055, 0.1516311630456148], [0.29477679293693826, -0.9347818088714895, -0.19821607439549285, 0.36004020736720604], [0.0, 0.0, 0.0, 1.0]];[0.2931645090809246, 0.1516311630456148, 0.36004020736720604];[0.0863298856070901, -0.7691912558322624, 0.6213186888554114, 0.1218812934015962];[-1.7797466099343482, -0.29922192405128484, 3.122078517103482]
