timestamp;T_cam_map;trans_cam_map;rot_quat_cam_map;rot_eul_cam_map;T_map_cam;trans_map_cam;rot_quat_map_cam;rot_eul_map_cam
1681734472.385291;[[-0.9599641048786236, 0.021153565425159504, 0.27932318918125454, 0.17603179795766435], [-0.26797187348990315, 0.22115264968350143, -0.9377006881496239, 0.36625716447417167], [-0.08160877626147052, -0.9750097600576983, -0.2066300448369869, 0.23722919158120828], [0.0, 0.0, 0.0, 1.0]];[0.17603179795766435, 0.36625716447417167, 0.23722919158120828];[-0.07986440113539667, 0.7726167871912816, -0.6189065782406371, 0.11678880507982248];[-1.779632579616347, 0.08169963446523441, -2.869374364692491];[[-0.9599641048786236, -0.26797187348990315, -0.08160877626147052, 0.28649080991828774], [0.021153565425159504, 0.22115264968350143, -0.9750097600576983, 0.1465783346182407], [0.27932318918125454, -0.9377006881496239, -0.2066300448369869, 0.34328851045738296], [0.0, 0.0, 0.0, 1.0]];[0.28649080991828774, 0.1465783346182407, 0.34328851045738296];[0.07986440113539667, -0.7726167871912816, 0.6189065782406371, 0.11678880507982248];[-1.7876882787774067, -0.28308917035065373, 3.1195604313146847]
