timestamp;T_cam_map;trans_cam_map;rot_quat_cam_map;rot_eul_cam_map;T_map_cam;trans_map_cam;rot_quat_map_cam;rot_eul_map_cam
1681734472.4853146;[[-0.9611058334575101, 0.021797833061368566, 0.27531878135676374, 0.17500301579621236], [-0.2637239936106812, 0.22357332368359725, -0.9383307647791916, 0.35373135876037], [-0.0820075123874524, -0.9744433402773596, -0.20912901401078635, 0.23965600699311856], [0.0, 0.0, 0.0, 1.0]];[0.17500301579621236, 0.35373135876037, 0.23965600699311856];[-0.07818225001507534, 0.7735968218574671, -0.6181430853295875, 0.11547562103675907];[-1.7822033462537759, 0.08209971161407234, -2.873787678878228];[[-0.9611058334575101, -0.2637239936106812, -0.0820075123874524, 0.2811374589142296], [0.021797833061368566, 0.22357332368359725, -0.9744433402773596, 0.15063161787917598], [0.27531878135676374, -0.9383307647791916, -0.20912901401078635, 0.33385442379346214], [0.0, 0.0, 0.0, 1.0]];[0.2811374589142296, 0.15063161787917598, 0.33385442379346214];[0.07818225001507534, -0.7735968218574671, 0.6181430853295875, 0.11547562103675907];[-1.79008576799454, -0.2789212832275313, 3.118916590248952]
