timestamp;T_cam_map;trans_cam_map;rot_quat_cam_map;rot_eul_cam_map;T_map_cam;trans_map_cam;rot_quat_map_cam;rot_eul_map_cam
1681734472.5852952;[[-0.9661872558883745, 0.02642914878378065, 0.2564833067734776, 0.18273620928706344], [-0.24425640277334587, 0.2248056570564187, -0.9432927574510774, 0.349787393297301], [-0.08258932293655186, -0.9740451307049365, -0.21074887208923637, 0.2326322866556641], [0.0, 0.0, 0.0, 1.0]];[0.18273620928706344, 0.349787393297301, 0.2326322866556641];[-0.07027794665548232, 0.7748776976133118, -0.6185937129374011, 0.10939553130590846];[-1.7838764160154617, 0.08268350254720608, -2.8939762888917135];[[-0.9661872558883745, -0.24425640277334587, -0.08258932293655186, 0.28120815007284883], [0.02642914878378065, 0.2248056570564187, -0.9740451307049365, 0.14313059881802098], [0.2564833067734776, -0.9432927574510774, -0.21074887208923637, 0.3321101195440602], [0.0, 0.0, 0.0, 1.0]];[0.28120815007284883, 0.14313059881802098, 0.3321101195440602];[0.07027794665548232, -0.7748776976133118, 0.6185937129374011, 0.10939553130590846];[-1.790604783212095, -0.25938203408251387, 3.1142454082647903]
