timestamp;T_cam_map;trans_cam_map;rot_quat_cam_map;rot_eul_cam_map;T_map_cam;trans_map_cam;rot_quat_map_cam;rot_eul_map_cam
1681734472.6852756;[[-0.9690113925684798, 0.032024514092942574, 0.24493132010750845, 0.18890803940345982], [-0.2312345515300103, 0.23113334859441295, -0.9450438917564881, 0.3417656159190153], [-0.08687636762210343, -0.9723948815500032, -0.21656567383623979, 0.23998605479610988], [0.0, 0.0, 0.0, 1.0]];[0.18890803940345982, 0.3417656159190153, 0.23998605479610988];[-0.06407209352235044, 0.7772886231959034, -0.6167074610659877, 0.10671958839605483];[-1.789933584971309, 0.08698602374320717, -2.907344082805011];[[-0.9690113925684798, -0.2312345515300103, -0.08687636762210343, 0.28293117797578415], [0.032024514092942574, 0.23113334859441295, -0.9723948815500032, 0.1483180919151756], [0.24493132010750845, -0.9450438917564881, -0.21656567383623979, 0.328686753934869], [0.0, 0.0, 0.0, 1.0]];[0.28293117797578415, 0.1483180919151756, 0.328686753934869];[0.06407209352235044, -0.7772886231959034, 0.6167074610659877, 0.10671958839605483];[-1.7960661844501558, -0.24744885432547276, 3.1085560321666788]
