timestamp;T_cam_map;trans_cam_map;rot_quat_cam_map;rot_eul_cam_map;T_map_cam;trans_map_cam;rot_quat_map_cam;rot_eul_map_cam
1681734472.7853067;[[-0.9706500570788203, 0.03715459793561526, 0.23760892774709713, 0.19305703858372725], [-0.22294524497972013, 0.23149236650082503, -0.9469459868402105, 0.33607402380562107], [-0.09018805039369153, -0.9721269567829555, -0.2164146378184584, 0.23413688909760255], [0.0, 0.0, 0.0, 1.0]];[0.19305703858372725, 0.33607402380562107, 0.23413688909760255];[-0.05973318641846581, 0.7775855357126481, -0.6169973769716401, 0.10538936331948567];[-1.7898440395259823, 0.09031076328259417, -2.9158220050640296];[[-0.9706500570788203, -0.22294524497972013, -0.09018805039369153, 0.28343328064238404], [0.03715459793561526, 0.23149236650082503, -0.9721269567829555, 0.14263925373164393], [0.23760892774709713, -0.9469459868402105, -0.2164146378184584, 0.32304252224606295], [0.0, 0.0, 0.0, 1.0]];[0.28343328064238404, 0.14263925373164393, 0.32304252224606295];[0.05973318641846581, -0.7775855357126481, 0.6169973769716401, 0.10538936331948567];[-1.795477227440949, -0.23990353761852393, 3.1033332755819836]
