timestamp;T_cam_map;trans_cam_map;rot_quat_cam_map;rot_eul_cam_map;T_map_cam;trans_map_cam;rot_quat_map_cam;rot_eul_map_cam
1681734472.8852973;[[-0.9752738880856892, 0.04600575660610852, 0.2161580754386067, 0.20801176943829844], [-0.19955914654033502, 0.23693367230935353, -0.9508094351436028, 0.3249301649257149], [-0.09495783406499947, -0.970435935693389, -0.22189435428730636, 0.2334553562486164], [0.0, 0.0, 0.0, 1.0]];[0.20801176943829844, 0.3249301649257149, 0.2334553562486164];[-0.04921075566444749, 0.7800804308983703, -0.6157202817613345, 0.09970635628729757];[-1.795586255198563, 0.0951011218850255, -2.939760132810124];[[-0.9752738880856892, -0.19955914654033502, -0.09495783406499947, 0.2898796485257006], [0.04600575660610852, 0.23693367230935353, -0.970435935693389, 0.13999683102784166], [0.2161580754386067, -0.9508094351436028, -0.22189435428730636, 0.31578566835347466], [0.0, 0.0, 0.0, 1.0]];[0.2898796485257006, 0.13999683102784166, 0.31578566835347466];[0.04921075566444749, -0.7800804308983703, 0.6157202817613345, 0.09970635628729757];[-1.800066979411191, -0.21787779159520404, 3.0944554560430504]
