timestamp;T_cam_map;trans_cam_map;rot_quat_cam_map;rot_eul_cam_map;T_map_cam;trans_map_cam;rot_quat_map_cam;rot_eul_map_cam
1681734459.385256;[[-0.001982769053619382, 0.0004319867607642802, 0.9999979410050395, 0.002518831387903461], [-0.9999980342615586, 9.138414651443938e-06, -0.0019827731862081532, -0.016504833955400075], [-9.994927601508774e-06, -0.9999999066519596, 0.0004319677922255405, -5.293848406138978e-05], [0.0, 0.0, 0.0, 1.0]];[0.002518831387903461, -0.016504833955400075, -5.293848406138978e-05];[-0.49939366354097436, 0.500389832949283, -0.5006010383606874, 0.4996144356284298];[-1.5703643589892156, 9.994927601675187e-06, -1.5727790971477849];[[-0.001982769053619382, -0.9999980342615586, -9.994927601508774e-06, -0.016499807779402596], [0.0004319867607642802, 9.138414651443938e-06, -0.9999999066519596, -5.387575291542022e-05], [0.9999979410050395, -0.0019827731862081532, 0.0004319677922255405, -0.0025515286761318293], [0.0, 0.0, 0.0, 1.0]];[-0.016499807779402596, -5.387575291542022e-05, -0.0025515286761318293];[0.49939366354097436, -0.500389832949283, 0.5006010383606874, 0.4996144356284298];[-1.3562877440201062, -1.5687670433415037, 2.927074504134035]
