timestamp;T_cam_map;trans_cam_map;rot_quat_cam_map;rot_eul_cam_map;T_map_cam;trans_map_cam;rot_quat_map_cam;rot_eul_map_cam
1681734472.9852974;[[-0.9775450130079935, 0.04818672822063458, 0.2051433322498992, 0.21279146214370975], [-0.18806047553714636, 0.23972573597039867, -0.9524520087931952, 0.32149472091299364], [-0.09507368239394229, -0.9696440639414244, -0.22528067866378246, 0.23175903057403735], [0.0, 0.0, 0.0, 1.0]];[0.21279146214370975, 0.32149472091299364, 0.23175903057403735];[-0.04474910525750836, 0.7814332069412866, -0.6149265399976269, 0.09604692121383013];[-1.799079724004684, 0.095217496720732, -2.951534276667032];[[-0.9775450130079935, -0.18806047553714636, -0.09507368239394229, 0.2905078671915664], [0.04818672822063458, 0.23972573597039867, -0.9696440639414244, 0.1373994853254787], [0.2051433322498992, -0.9524520087931952, -0.22528067866378246, 0.314766374825679], [0.0, 0.0, 0.0, 1.0]];[0.2905078671915664, 0.1373994853254787, 0.314766374825679];[0.04474910525750836, -0.7814332069412866, 0.6149265399976269, 0.09604692121383013];[-1.8030549410221264, -0.20661015190490822, 3.092338905299526]
