timestamp;T_cam_map;trans_cam_map;rot_quat_cam_map;rot_eul_cam_map;T_map_cam;trans_map_cam;rot_quat_map_cam;rot_eul_map_cam
1681734473.0853066;[[-0.9807182859977503, 0.056751878922471286, 0.18700499391300732, 0.2268637299307179], [-0.1678723727207852, 0.2452617580011609, -0.954811780687311, 0.30531805031589376], [-0.10005253613341605, -0.9677943450449321, -0.2310056183566156, 0.23478194712393508], [0.0, 0.0, 0.0, 1.0]];[0.2268637299307179, 0.30531805031589376, 0.23478194712393508];[-0.03544564274245965, 0.783738741921619, -0.6132803008494514, 0.0915667156323669];[-1.8051050099376327, 0.10022022210243423, -2.972062782701229];[[-0.9807182859977503, -0.1678723727207852, -0.10005253613341605, 0.2972344031618148], [0.056751878922471286, 0.2452617580011609, -0.9677943450449321, 0.1394628560422913], [0.18700499391300732, -0.954811780687311, -0.2310056183566156, 0.3033325697376555], [0.0, 0.0, 0.0, 1.0]];[0.2972344031618148, 0.1394628560422913, 0.3033325697376555];[0.03544564274245965, -0.783738741921619, 0.6132803008494514, 0.0915667156323669];[-1.8081733126516955, -0.18811246666113657, 3.083789450575717]
