timestamp;T_cam_map;trans_cam_map;rot_quat_cam_map;rot_eul_cam_map;T_map_cam;trans_map_cam;rot_quat_map_cam;rot_eul_map_cam
1681734473.18529;[[-0.9818192009345402, 0.057880641307422084, 0.18077856078114649, 0.2296217616712735], [-0.16151417859099437, 0.2455879224668639, -0.9558241169025221, 0.2894974848493532], [-0.09972074403220979, -0.9676447714426257, -0.23177439355850182, 0.23358041171752322], [0.0, 0.0, 0.0, 1.0]];[0.2296217616712735, 0.2894974848493532, 0.23358041171752322];[-0.03304266241201603, 0.7840888847828262, -0.6132815187393906, 0.08943479185113296];[-1.8058914250066556, 0.09988676230842007, -2.978547942994153];[[-0.9818192009345402, -0.16151417859099437, -0.09972074403220979, 0.29549781547869447], [0.057880641307422084, 0.2455879224668639, -0.9676447714426257, 0.14163512342266876], [0.18077856078114649, -0.9558241169025221, -0.23177439355850182, 0.2893359444756441], [0.0, 0.0, 0.0, 1.0]];[0.29549781547869447, 0.14163512342266876, 0.2893359444756441];[0.03304266241201603, -0.7840888847828262, 0.6132815187393906, 0.08943479185113296];[-1.8086910046786357, -0.18177799712543005, 3.082708361946555]
