timestamp;T_cam_map;trans_cam_map;rot_quat_cam_map;rot_eul_cam_map;T_map_cam;trans_map_cam;rot_quat_map_cam;rot_eul_map_cam
1681734473.2852516;[[-0.9852033560260903, 0.05711331965418491, 0.16159336617883768, 0.2472443348074262], [-0.14294666729419192, 0.2463394681443939, -0.9585839122079095, 0.288568321330935], [-0.0945547332734466, -0.9674993204919663, -0.2345303120348654, 0.23362140037542461], [0.0, 0.0, 0.0, 1.0]];[0.2472443348074262, 0.288568321330935, 0.23362140037542461];[-0.027328958379260138, 0.7851867829066771, -0.613256385178098, 0.08155642231522653];[-1.8086176325839605, 0.0946961991410022, -2.997504594676443];[[-0.9852033560260903, -0.14294666729419192, -0.0945547332734466, 0.30692583743111845], [0.05711331965418491, 0.2463394681443939, -0.9674993204919663, 0.14082183458907893], [0.16159336617883768, -0.9585839122079095, -0.2345303120348654, 0.2914552059985678], [0.0, 0.0, 0.0, 1.0]];[0.30692583743111845, 0.14082183458907893, 0.2914552059985678];[0.027328958379260138, -0.7851867829066771, 0.613256385178098, 0.08155642231522653];[-1.8107459494578597, -0.16230502626726653, 3.0836863657695988]
