timestamp;T_cam_map;trans_cam_map;rot_quat_cam_map;rot_eul_cam_map;T_map_cam;trans_map_cam;rot_quat_map_cam;rot_eul_map_cam
1681734473.3852832;[[-0.9869559160392026, 0.05750355047611804, 0.15037074674902443, 0.25668177296415856], [-0.13173967744594203, 0.2483921807658339, -0.9596593051290822, 0.2863509058662881], [-0.09253473500074363, -0.9669512222532398, -0.2375766331129985, 0.2383660522262928], [0.0, 0.0, 0.0, 1.0]];[0.25668177296415856, 0.2863509058662881, 0.2383660522262928];[-0.023603687783703142, 0.7862767849043419, -0.6125738939426758, 0.07723281623382783];[-1.8117206533122148, 0.0926673039647234, -3.0088962211103847];[[-0.9869559160392026, -0.13173967744594203, -0.09253473500074363, 0.3131145098175193], [0.05750355047611804, 0.2483921807658339, -0.9669512222532398, 0.14460090628355016], [0.15037074674902443, -0.9596593051290822, -0.2375766331129985, 0.292832085605601], [0.0, 0.0, 0.0, 1.0]];[0.3131145098175193, 0.14460090628355016, 0.292832085605601];[0.023603687783703142, -0.7862767849043419, 0.6125738939426758, 0.07723281623382783];[-1.813480518483299, -0.15094327283316808, 3.0833949025173766]
