timestamp;T_cam_map;trans_cam_map;rot_quat_cam_map;rot_eul_cam_map;T_map_cam;trans_map_cam;rot_quat_map_cam;rot_eul_map_cam
1681734473.4852982;[[-0.9889052188610145, 0.052957022435360504, 0.13878768635664362, 0.2573736888642806], [-0.12158997550460966, 0.24816271616626087, -0.9610573053474867, 0.2667257293671661], [-0.08533666249764973, -0.9672697762670788, -0.23897036208282738, 0.2364660362965558], [0.0, 0.0, 0.0, 1.0]];[0.2573736888642806, 0.2667257293671661, 0.2364660362965558];[-0.021808410393425293, 0.7867716150685189, -0.6127340656051217, 0.07121645740701216];[-1.8130027986778263, 0.08544057858124393, -3.0192525640568566];[[-0.9889052188610145, -0.12158997550460966, -0.08533666249764973, 0.307128581347197], [0.052957022435360504, 0.24816271616626087, -0.9672697762670788, 0.14890532433669235], [0.13878768635664362, -0.9610573053474867, -0.23897036208282738, 0.27712678623998244], [0.0, 0.0, 0.0, 1.0]];[0.307128581347197, 0.14890532433669235, 0.27712678623998244];[0.021808410393425293, -0.7867716150685189, 0.6127340656051217, 0.07121645740701216];[-1.8145073922601302, -0.13923714850020488, 3.0880925948792597]
