timestamp;T_cam_map;trans_cam_map;rot_quat_cam_map;rot_eul_cam_map;T_map_cam;trans_map_cam;rot_quat_map_cam;rot_eul_map_cam
1681734473.5852656;[[-0.990503754534802, 0.051945279423676244, 0.1272949339057016, 0.266756212188433], [-0.1105440962313538, 0.249602515018341, -0.9620179765913485, 0.26236692407131407], [-0.08174542825659382, -0.9669541211671396, -0.24148998429962062, 0.24137887572422817], [0.0, 0.0, 0.0, 1.0]];[0.266756212188433, 0.26236692407131407, 0.24137887572422817];[-0.01859915822340924, 0.7876541521906623, -0.6122522468755914, 0.06634903198977055];[-1.8155330551921982, 0.08183674456672974, -3.0304486652926226];[[-0.990503754534802, -0.1105440962313538, -0.08174542825659382, 0.312957763788761], [0.051945279423676244, 0.249602515018341, -0.9669541211671396, 0.1540581285582775], [0.1272949339057016, -0.9620179765913485, -0.24148998429962062, 0.27673556392902354], [0.0, 0.0, 0.0, 1.0]];[0.312957763788761, 0.1540581285582775, 0.27673556392902354];[0.01859915822340924, -0.7876541521906623, 0.6122522468755914, 0.06634903198977055];[-1.8167388974237562, -0.1276412463268251, 3.0891973588401744]
