timestamp;T_cam_map;trans_cam_map;rot_quat_cam_map;rot_eul_cam_map;T_map_cam;trans_map_cam;rot_quat_map_cam;rot_eul_map_cam
1681734473.6852813;[[-0.9917343542306833, 0.04707172475074228, 0.11936173326338603, 0.2738665145927087], [-0.10409742480993686, 0.24867546101368496, -0.962976760486758, 0.24904064538350099], [-0.07501131105765918, -0.9674423847540595, -0.24171995241350988, 0.2403705197953492], [0.0, 0.0, 0.0, 1.0]];[0.2738665145927087, 0.24904064538350099, 0.2403705197953492];[-0.018097908505829707, 0.7877388157977678, -0.6126456848790107, 0.06168702126357628];[-1.8156381599243396, 0.07508183408640472, -3.037010586173015];[[-0.9917343542306833, -0.10409742480993686, -0.07501131105765918, 0.3155578286818953], [0.04707172475074228, 0.24867546101368496, -0.9674423847540595, 0.1577229624001446], [0.11936173326338603, -0.962976760486758, -0.24171995241350988, 0.2652335226628896], [0.0, 0.0, 0.0, 1.0]];[0.3155578286818953, 0.1577229624001446, 0.2652335226628896];[0.018097908505829707, -0.7877388157977678, 0.6126456848790107, 0.06168702126357628];[-1.8167284348716695, -0.1196469948373451, 3.094164202646948]
