timestamp;T_cam_map;trans_cam_map;rot_quat_cam_map;rot_eul_cam_map;T_map_cam;trans_map_cam;rot_quat_map_cam;rot_eul_map_cam
1681734473.785255;[[-0.9932916219999636, 0.04675839437198702, 0.10576108083995253, 0.2848103426774934], [-0.09068636418290328, 0.252488553683209, -0.9633408086499019, 0.2458813014982328], [-0.07174773178273355, -0.966469442256047, -0.2465544162437937, 0.24256688094898582], [0.0, 0.0, 0.0, 1.0]];[0.2848103426774934, 0.2458813014982328, 0.24256688094898582];[-0.01391258926854605, 0.789356477126616, -0.6111973192171578, 0.056219470469428046];[-1.8205770316415582, 0.07180943122460834, -3.0505462342394063];[[-0.9932916219999636, -0.09068636418290328, -0.07174773178273355, 0.32260143200763014], [0.04675839437198702, 0.252488553683209, -0.966469442256047, 0.1590339896233865], [0.10576108083995253, -0.9633408086499019, -0.2465544162437937, 0.2665515778736841], [0.0, 0.0, 0.0, 1.0]];[0.32260143200763014, 0.1590339896233865, 0.2665515778736841];[0.01391258926854605, -0.789356477126616, 0.6111973192171578, 0.056219470469428046];[-1.8213547651411215, -0.10595924334896017, 3.0945531934282005]
