timestamp;T_cam_map;trans_cam_map;rot_quat_cam_map;rot_eul_cam_map;T_map_cam;trans_map_cam;rot_quat_map_cam;rot_eul_map_cam
1681734473.8852758;[[-0.9932917995304611, 0.04865801504070525, 0.10489899216788126, 0.2829608368018255], [-0.08917005270180181, 0.2552517197156235, -0.9627539983211574, 0.23295776517998038], [-0.07362134667809739, -0.9656495001575446, -0.24920060224403182, 0.24235166760035834], [0.0, 0.0, 0.0, 1.0]];[0.2829608368018255, 0.23295776517998038, 0.24235166760035834];[-0.012816815106992785, 0.790212648831015, -0.6100900502325058, 0.05647857545373042];[-1.8233513125384957, 0.07368801529076269, -3.052060391102665];[[-0.9932917995304611, -0.08917005270180181, -0.07362134667809739, 0.31967779112034417], [0.04865801504070525, 0.2552517197156235, -0.9656495001575446, 0.16079558384430123], [0.10489899216788126, -0.9627539983211574, -0.24920060224403182, 0.2549928947843502], [0.0, 0.0, 0.0, 1.0]];[0.31967779112034417, 0.16079558384430123, 0.2549928947843502];[0.012816815106992785, -0.790212648831015, 0.6100900502325058, 0.05647857545373042];[-1.8240788507704637, -0.1050923323002329, 3.09264515434622]
