timestamp;T_cam_map;trans_cam_map;rot_quat_cam_map;rot_eul_cam_map;T_map_cam;trans_map_cam;rot_quat_map_cam;rot_eul_map_cam
1681734459.4852273;[[-0.0014143209250951638, -6.257815502508368e-06, 0.9999989998280803, 0.000881056012030072], [-0.9999989896357004, -0.00014290350114007366, -0.0014143218049445516, -0.017354655109897144], [0.0001429122087768797, -0.9999999897697147, -6.055697767931578e-06, 0.00020303436095312432], [0.0, 0.0, 0.0, 1.0]];[0.000881056012030072, -0.017354655109897144, 0.00020303436095312432];[-0.4996835594338213, 0.5003192663494289, -0.5003876419158619, 0.4996090271091979];[-1.5708023824927266, -0.00014291220926335047, -1.5722106482059472];[[-0.0014143209250951638, -0.9999989896357004, 0.0001429122087768797, -0.017353420495508178], [-6.257815502508368e-06, -0.00014290350114007366, -0.9999999897697147, 0.0002005598313857132], [0.9999989998280803, -0.0014143218049445516, -6.055697767931578e-06, -0.0009055989684470835], [0.0, 0.0, 0.0, 1.0]];[-0.017353420495508178, 0.0002005598313857132, -0.0009055989684470835];[0.4996835594338213, -0.5003192663494289, 0.5003876419158619, 0.4996090271091979];[-1.5750779978694227, -1.56938199155426, -3.137168074588514]
