timestamp;T_cam_map;trans_cam_map;rot_quat_cam_map;rot_eul_cam_map;T_map_cam;trans_map_cam;rot_quat_map_cam;rot_eul_map_cam
1681734473.9852974;[[-0.9932109200887904, 0.050379509641489205, 0.10485214935642133, 0.28674207432283355], [-0.0886608382647622, 0.25567866123773236, -0.9626877364679943, 0.22369240875922564], [-0.07530819327648132, -0.9654482519513742, -0.24947614881881625, 0.234941542953051], [0.0, 0.0, 0.0, 1.0]];[0.28674207432283355, 0.22369240875922564, 0.234941542953051];[-0.012109577741331035, 0.7903109720460262, -0.6099295266734186, 0.056990333237588675];[-1.823669308648, 0.07537955841793552, -3.052561758065417];[[-0.9932109200887904, -0.0886608382647622, -0.07530819327648132, 0.32232113906578974], [0.050379509641489205, 0.25567866123773236, -0.9654482519513742, 0.15518460125621153], [0.10485214935642133, -0.9626877364679943, -0.24947614881881625, 0.24389272718330213], [0.0, 0.0, 0.0, 1.0]];[0.32232113906578974, 0.15518460125621153, 0.24389272718330213];[0.012109577741331035, -0.7903109720460262, 0.6099295266734186, 0.056990333237588675];[-1.8243637807468889, -0.10504522973468337, 3.090912211140818]
