timestamp;T_cam_map;trans_cam_map;rot_quat_cam_map;rot_eul_cam_map;T_map_cam;trans_map_cam;rot_quat_map_cam;rot_eul_map_cam
1681734474.0852542;[[-0.9934115057042894, 0.04999655283121227, 0.10312092435259168, 0.28341224264134635], [-0.0867526885737574, 0.2598914833832567, -0.9617330127899715, 0.20897191036369483], [-0.07488358538132239, -0.9643426577570062, -0.2538418544499547, 0.23557332088137045], [0.0, 0.0, 0.0, 1.0]];[0.28341224264134635, 0.20897191036369483, 0.23557332088137045];[-0.011606736862797451, 0.7916983079964078, -0.6082101133389426, 0.05620970385310009];[-1.8281854748049093, 0.07495374816639268, -3.0544855877631756];[[-0.9934115057042894, -0.0867526885737574, -0.07488358538132239, 0.3173144326455957], [0.04999655283121227, 0.2598914833832567, -0.9643426577570062, 0.15869374742330075], [0.10312092435259168, -0.9617330127899715, -0.2538418544499547, 0.23154782113999672], [0.0, 0.0, 0.0, 1.0]];[0.3173144326455957, 0.15869374742330075, 0.23154782113999672];[0.011606736862797451, -0.7916983079964078, 0.6082101133389426, 0.05620970385310009];[-1.8288533376376797, -0.10330456786337565, 3.0913069420482167]
