timestamp;T_cam_map;trans_cam_map;rot_quat_cam_map;rot_eul_cam_map;T_map_cam;trans_map_cam;rot_quat_map_cam;rot_eul_map_cam
1681734474.185255;[[-0.9939719996297437, 0.05041458086040364, 0.09735519497550323, 0.28559725530655367], [-0.08089360571119723, 0.2621185890454644, -0.9616392617982358, 0.19135164380546144], [-0.07399924666569103, -0.9637179127283483, -0.2564603208674307, 0.2340839191136985], [0.0, 0.0, 0.0, 1.0]];[0.28559725530655367, 0.19135164380546144, 0.2340839191136985];[-0.009614210734926243, 0.7925514036235505, -0.607328800921883, 0.054051522985689215];[-1.830884118496644, 0.07406694889790068, -3.060387432904431];[[-0.9939719996297437, -0.08089360571119723, -0.07399924666569103, 0.31667683304297645], [0.05041458086040364, 0.2621185890454644, -0.9637179127283483, 0.16103577712454567], [0.09735519497550323, -0.9616392617982358, -0.2564603208674307, 0.21624011402392973], [0.0, 0.0, 0.0, 1.0]];[0.31667683304297645, 0.16103577712454567, 0.21624011402392973];[0.009614210734926243, -0.7925514036235505, 0.607328800921883, 0.054051522985689215];[-1.8314212270299448, -0.09750964393704264, 3.0909157571351225]
