timestamp;T_cam_map;trans_cam_map;rot_quat_cam_map;rot_eul_cam_map;T_map_cam;trans_map_cam;rot_quat_map_cam;rot_eul_map_cam
1681734474.2852879;[[-0.9944881203926451, 0.04777143107924099, 0.09333417793362521, 0.2797104811605675], [-0.07794917809070313, 0.2584919167337948, -0.9628633623823648, 0.16540961540001609], [-0.0701234913056112, -0.9648314979082775, -0.25334339662044014, 0.23266455297433333], [0.0, 0.0, 0.0, 1.0]];[0.2797104811605675, 0.16540961540001609, 0.23266455297433333];[-0.009530995409720855, 0.7915686062728359, -0.6088211574506938, 0.05162460585977818];[-1.8275775030854156, 0.0701810886018265, -3.0633713732389363];[[-0.9944881203926451, -0.07794917809070313, -0.0701234913056112, 0.3073775449898452], [0.04777143107924099, 0.2584919167337948, -0.9648314979082775, 0.1683628706525324], [0.09333417793362521, -0.9628633623823648, -0.25334339662044014, 0.19210433875958685], [0.0, 0.0, 0.0, 1.0]];[0.3073775449898452, 0.1683628706525324, 0.19210433875958685];[0.009530995409720855, -0.7915686062728359, 0.6088211574506938, 0.05162460585977818];[-1.828079539172685, -0.09347022176433185, 3.0935933491553054]
