timestamp;T_cam_map;trans_cam_map;rot_quat_cam_map;rot_eul_cam_map;T_map_cam;trans_map_cam;rot_quat_map_cam;rot_eul_map_cam
1681734474.3852956;[[-0.994958599650348, 0.048577402819037926, 0.08773608674413973, 0.27522184212518763], [-0.07281347280724679, 0.25166458641890566, -0.9650715694291018, 0.14766452329039895], [-0.06896073636183576, -0.9665946264479014, -0.24685875508572772, 0.23528680900399498], [0.0, 0.0, 0.0, 1.0]];[0.27522184212518763, 0.14766452329039895, 0.23528680900399498];[-0.007674128883363884, 0.7895381468230306, -0.6116443529833564, 0.04961660932296219];[-1.8208416112334207, 0.06901551174908452, -3.068540467562678];[[-0.994958599650348, -0.07281347280724679, -0.06896073636183576, 0.30081185699040847], [0.048577402819037926, 0.25166458641890566, -0.9665946264479014, 0.17689547178519924], [0.08773608674413973, -0.9650715694291018, -0.24685875508572772, 0.17644255458510769], [0.0, 0.0, 0.0, 1.0]];[0.30081185699040847, 0.17689547178519924, 0.17644255458510769];[0.007674128883363884, -0.7895381468230306, 0.6116443529833564, 0.04961660932296219];[-1.8212199473623927, -0.0878490382955203, 3.0928078505402423]
