timestamp;T_cam_map;trans_cam_map;rot_quat_cam_map;rot_eul_cam_map;T_map_cam;trans_map_cam;rot_quat_map_cam;rot_eul_map_cam
1681734474.4852743;[[-0.9955932318908698, 0.048181819320047614, 0.0804526500502187, 0.27071224725297544], [-0.0662492913459904, 0.24582357207035785, -0.9670479837167976, 0.13590541044383214], [-0.0663712890431303, -0.9681163585548898, -0.241548273206772, 0.23429539745751018], [0.0, 0.0, 0.0, 1.0]];[0.27071224725297544, 0.13590541044383214, 0.23429539745751018];[-0.005733001952388073, 0.7878713532627011, -0.614048325991884, 0.046588804912543025];[-1.815307498628715, 0.06642011511923195, -3.075148079375888];[[-0.9955932318908698, -0.0662492913459904, -0.0663712890431303, 0.29407340583314745], [0.048181819320047614, 0.24582357207035785, -0.9681163585548898, 0.1803730449688775], [0.0804526500502187, -0.9670479837167976, -0.241548273206772, 0.1662411841295157], [0.0, 0.0, 0.0, 1.0]];[0.29407340583314745, 0.1803730449688775, 0.1662411841295157];[0.005733001952388073, -0.7878713532627011, 0.614048325991884, 0.046588804912543025];[-1.8155669741265774, -0.08053969384493845, 3.093235297136635]
