timestamp;T_cam_map;trans_cam_map;rot_quat_cam_map;rot_eul_cam_map;T_map_cam;trans_map_cam;rot_quat_map_cam;rot_eul_map_cam
1681734474.5852904;[[-0.9960361575316757, 0.057582238772313867, 0.06779571275164366, 0.2671635880962384], [-0.052155089358740726, 0.23934217878347608, -0.9695334796226279, 0.1157696638111223], [-0.07205428192353953, -0.969226293098339, -0.2353902572821065, 0.24010564952903257], [0.0, 0.0, 0.0, 1.0]];[0.2671635880962384, 0.1157696638111223, 0.24010564952903257];[0.0017263376664782837, 0.7859339338642367, -0.6167057080703269, 0.04448528961829412];[-1.8090476409044713, 0.07211677684683201, -3.0892777851572246];[[-0.9960361575316757, -0.052155089358740726, -0.07205428192353953, 0.2894432110434525], [0.057582238772313867, 0.23934217878347608, -0.969226293098339, 0.18962426755038286], [0.06779571275164366, -0.9695334796226279, -0.2353902572821065, 0.15064854973079442], [0.0, 0.0, 0.0, 1.0]];[0.2894432110434525, 0.18962426755038286, 0.15064854973079442];[-0.0017263376664782837, -0.7859339338642367, 0.6167057080703269, 0.04448528961829412];[-1.8089749765640608, -0.06784775490202145, 3.0838455356391576]
