timestamp;T_cam_map;trans_cam_map;rot_quat_cam_map;rot_eul_cam_map;T_map_cam;trans_map_cam;rot_quat_map_cam;rot_eul_map_cam
1681734474.6852875;[[-0.996812541996373, 0.05616031151388957, 0.05666370557413691, 0.25896654805114006], [-0.04212715614271408, 0.23262971974399546, -0.9716525697013093, 0.09597711843482012], [-0.06774997294506456, -0.9709425487136164, -0.22952234806974672, 0.23371913322199164], [0.0, 0.0, 0.0, 1.0]];[0.25896654805114006, 0.09597711843482012, 0.23371913322199164];[0.004474548283865953, 0.7840543045303232, -0.6194070701450362, 0.03966998133940791];[-1.8029263419392858, 0.06780190968709664, -3.099355923415517];[[-0.996812541996373, -0.04212715614271408, -0.06774997294506456, 0.27801881106184806], [0.05616031151388957, 0.23262971974399546, -0.9709425487136164, 0.1900570787201407], [0.05666370557413691, -0.9716525697013093, -0.22952234806974672, 0.13222617377333698], [0.0, 0.0, 0.0, 1.0]];[0.27801881106184806, 0.1900570787201407, 0.13222617377333698];[-0.004474548283865953, -0.7840543045303232, 0.6194070701450362, 0.03966998133940791];[-1.80276273809197, -0.05669407187589351, 3.0853122588136914]
