timestamp;T_cam_map;trans_cam_map;rot_quat_cam_map;rot_eul_cam_map;T_map_cam;trans_map_cam;rot_quat_map_cam;rot_eul_map_cam
1681734474.7853003;[[-0.9972851467886781, 0.05935252011422537, 0.0435845655109212, 0.25772053799478367], [-0.028847638589118665, 0.22967050447316006, -0.972840826200708, 0.08544784568107179], [-0.0677506438531539, -0.9714570179535145, -0.22733480271693662, 0.23786721565000601], [0.0, 0.0, 0.0, 1.0]];[0.25772053799478367, 0.08544784568107179, 0.23786721565000601];[0.009735905904160347, 0.7833087600012486, -0.6205400550324253, 0.035533628324256716];[-1.8006739382273278, 0.06780258214027615, -3.112674548382962];[[-0.9972851467886781, -0.028847638589118665, -0.0677506438531539, 0.27560149014685614], [0.05935252011422537, 0.22967050447316006, -0.9714570179535145, 0.19615656274535953], [0.0435845655109212, -0.972840826200708, -0.22733480271693662, 0.12597001166032212], [0.0, 0.0, 0.0, 1.0]];[0.27560149014685614, 0.19615656274535953, 0.12597001166032212];[-0.009735905904160347, -0.7833087600012486, 0.6205400550324253, 0.035533628324256716];[-1.8003583260363805, -0.04359837629769353, 3.0821486773641844]
