timestamp;T_cam_map;trans_cam_map;rot_quat_cam_map;rot_eul_cam_map;T_map_cam;trans_map_cam;rot_quat_map_cam;rot_eul_map_cam
1681734474.8852887;[[-0.9973450026127846, 0.06329671942716354, 0.03600654208702153, 0.25485486085968584], [-0.020902468284242467, 0.22481122476295526, -0.9741781151515398, 0.07683289322216763], [-0.06975695365289222, -0.9723443004051289, -0.22289129387826986, 0.24150348904259614], [0.0, 0.0, 0.0, 1.0]];[0.25485486085968584, 0.07683289322216763, 0.24150348904259614];[0.013556054943552942, 0.781832386329386, -0.6224231848131059, 0.03381910803045052];[-1.7961340697240207, 0.06981365116043646, -3.120637609328674];[[-0.9973450026127846, -0.020902468284242467, -0.06975695365289222, 0.2726307666759032], [0.06329671942716354, 0.22481122476295526, -0.9723443004051289, 0.20142016764867957], [0.03600654208702153, -0.9741781151515398, -0.22289129387826986, 0.11950150597600531], [0.0, 0.0, 0.0, 1.0]];[0.2726307666759032, 0.20142016764867957, 0.11950150597600531];[-0.013556054943552942, -0.781832386329386, 0.6224231848131059, 0.03381910803045052];[-1.7957240643862686, -0.03601432686965555, 3.078212437961035]
