timestamp;T_cam_map;trans_cam_map;rot_quat_cam_map;rot_eul_cam_map;T_map_cam;trans_map_cam;rot_quat_map_cam;rot_eul_map_cam
1681734459.5853043;[[-0.0003738804969042886, -0.0006028130774692331, 0.9999997484148524, -0.0005334598454964213], [-0.9999999213818972, -0.0001318714405821042, -0.0003739600554223399, -0.01934342357952995], [0.00013209683541703932, -0.9999998096131405, -0.0006027637259174434, 0.0014362775328942664], [0.0, 0.0, 0.0, 1.0]];[-0.0005334598454964213, -0.01934342357952995, 0.0014362775328942664];[-0.50009018053487, 0.5002111486118237, -0.4999757464646583, 0.4997227942411163];[-1.571399090562573, -0.00013209683580121156, -1.5711702073037737];[[-0.0003738804969042886, -0.9999999213818972, 0.00013209683541703932, -0.019343811236735675], [-0.0006028130774692331, -0.0001318714405821042, -0.9999998096131405, 0.0014334048377415047], [0.9999997484148524, -0.0003739600554223399, -0.0006027637259174434, 0.0005270917795291681], [0.0, 0.0, 0.0, 1.0]];[-0.019343811236735675, 0.0014334048377415047, 0.0005270917795291681];[0.50009018053487, -0.5002111486118237, 0.4999757464646583, 0.4997227942411163];[-2.5863015275627226, -1.570086981803862, -2.1259554686671542]
