timestamp;T_cam_map;trans_cam_map;rot_quat_cam_map;rot_eul_cam_map;T_map_cam;trans_map_cam;rot_quat_map_cam;rot_eul_map_cam
1681734474.9852595;[[-0.9973332051305646, 0.06672028733948955, 0.029578390783323447, 0.2555246059817698], [-0.01419951084564336, 0.2201437802165534, -0.9753640807020268, 0.06303948520356215], [-0.0715880704848196, -0.9731829834565037, -0.21860930646923232, 0.2505980449658072], [0.0, 0.0, 0.0, 1.0]];[0.2555246059817698, 0.06303948520356215, 0.2505980449658072];[0.01682498976310398, 0.7803983424854819, -0.6242155313761383, 0.03240859691793396];[-1.791761712766849, 0.07164935830698448, -3.1273561361970805];[[-0.9973332051305646, -0.01419951084564336, -0.0715880704848196, 0.273678134633745], [0.06672028733948955, 0.2201437802165534, -0.9731829834565037, 0.2129513273391601], [0.029578390783323447, -0.9753640807020268, -0.21860930646923232, 0.10871150769553849], [0.0, 0.0, 0.0, 1.0]];[0.273678134633745, 0.2129513273391601, 0.10871150769553849];[-0.01682498976310398, -0.7803983424854819, 0.6242155313761383, 0.03240859691793396];[-1.791283468841528, -0.02958270541187071, 3.0747934942754966]
