timestamp;T_cam_map;trans_cam_map;rot_quat_cam_map;rot_eul_cam_map;T_map_cam;trans_map_cam;rot_quat_map_cam;rot_eul_map_cam
1681734475.0852873;[[-0.9977031444915033, 0.06527146091634836, 0.018112754114498853, 0.2616580949318252], [-0.003992874438397728, 0.21026034973566, -0.9776372754159679, 0.06071419797311559], [-0.0676202072274692, -0.9754641058075297, -0.20951679134530132, 0.25273972294018265], [0.0, 0.0, 0.0, 1.0]];[0.2616580949318252, 0.06071419797311559, 0.25273972294018265];[0.0197059452839633, 0.777412420400598, -0.6280776232701142, 0.027569974151490317];[-1.7823686756259598, 0.06767184569818344, -3.1375906083488743];[[-0.9977031444915033, -0.003992874438397728, -0.0676202072274692, 0.2783898407041012], [0.06527146091634836, 0.21026034973566, -0.9754641058075297, 0.2166939332233519], [0.018112754114498853, -0.9776372754159679, -0.20951679134530132, 0.10757033014586156], [0.0, 0.0, 0.0, 1.0]];[0.2783898407041012, 0.2166939332233519, 0.10757033014586156];[-0.0197059452839633, -0.777412420400598, 0.6280776232701142, 0.027569974151490317];[-1.7819122406619328, -0.018113744641566527, 3.07626402451032]
