timestamp;T_cam_map;trans_cam_map;rot_quat_cam_map;rot_eul_cam_map;T_map_cam;trans_map_cam;rot_quat_map_cam;rot_eul_map_cam
1681734475.1852744;[[-0.9976439777264514, 0.06828392923601519, 0.006618059703214937, 0.2673596876795103], [0.007376912886493319, 0.20268379132272354, -0.9792164530333997, 0.053987452758443216], [-0.06820612041752218, -0.9768605764095192, -0.20270998839340135, 0.26235191963342813], [0.0, 0.0, 0.0, 1.0]];[0.2673596876795103, 0.053987452758443216, 0.26235191963342813];[0.024403992215551673, 0.7750867302183957, -0.6309219836894112, 0.024134131447345886];[-1.775404121081967, 0.06825911476250945, 3.1341984542476755];[[-0.9976439777264514, 0.007376912886493319, -0.06820612041752218, 0.28422552818661134], [0.06828392923601519, 0.20268379132272354, -0.9768605764095192, 0.22708249583224596], [0.006618059703214937, -0.9792164530333997, -0.20270998839340135, 0.10427735420701387], [0.0, 0.0, 0.0, 1.0]];[0.28422552818661134, 0.22708249583224596, 0.10427735420701387];[-0.024403992215551673, -0.7750867302183957, 0.6309219836894112, 0.024134131447345886];[-1.7749254361449986, -0.0066181080145847546, 3.073254049258698]
