timestamp;T_cam_map;trans_cam_map;rot_quat_cam_map;rot_eul_cam_map;T_map_cam;trans_map_cam;rot_quat_map_cam;rot_eul_map_cam
1681734475.2852821;[[-0.9974955939980148, 0.070689401910645, -0.0023555067529401966, 0.2719608854775989], [0.016119871094853692, 0.1947876770766507, -0.980712960358416, 0.05222411416083636], [-0.06886718892501092, -0.9782948273994901, -0.1954393536956391, 0.26804295217525037], [0.0, 0.0, 0.0, 1.0]];[0.2719608854775989, 0.05222411416083636, 0.26804295217525037];[0.028089511481038942, 0.7726128760204403, -0.6338904801355131, 0.021521671537063247];[-1.7679760270854892, 0.06892174138320195, 3.1254337170080664];[[-0.9974955939980148, 0.016119871094853692, -0.06886718892501092, 0.28889730364285865], [0.070689401910645, 0.1947876770766507, -0.9782948273994901, 0.2328276674116603], [-0.0023555067529401966, -0.980712960358416, -0.1954393536956391, 0.1042436126388498], [0.0, 0.0, 0.0, 1.0]];[0.28889730364285865, 0.2328276674116603, 0.1042436126388498];[-0.028089511481038942, -0.7726128760204403, 0.6338904801355131, 0.021521671537063247];[-1.7675023027151215, 0.002355508931165982, 3.0708440499106837]
