timestamp;T_cam_map;trans_cam_map;rot_quat_cam_map;rot_eul_cam_map;T_map_cam;trans_map_cam;rot_quat_map_cam;rot_eul_map_cam
1681734475.385281;[[-0.9971774325304388, 0.07393231015687123, -0.013083637371571852, 0.28079234221471716], [0.026634607702117136, 0.18540412535152465, -0.982301332573254, 0.04930157013713561], [-0.07019804644402092, -0.9798771983353346, -0.1868499677761246, 0.2732300129080184], [0.0, 0.0, 0.0, 1.0]];[0.28079234221471716, 0.04930157013713561, 0.2732300129080184];[0.03266653445868273, 0.7696478944390882, -0.637362404641737, 0.018552122823019435];[-1.759221375655319, 0.07025582792059169, 3.1148890042487976];[[-0.9971774325304388, 0.026634607702117136, -0.07019804644402092, 0.2978668720401964], [0.07393231015687123, 0.18540412535152465, -0.9798771983353346, 0.23783151852541104], [-0.013083637371571852, -0.982301332573254, -0.1868499677761246, 0.10315580233324702], [0.0, 0.0, 0.0, 1.0]];[0.2978668720401964, 0.23783151852541104, 0.10315580233324702];[-0.03266653445868273, -0.7696478944390882, 0.637362404641737, 0.018552122823019435];[-1.7587672672104337, 0.01308401067992008, 3.0675864789521645]
