timestamp;T_cam_map;trans_cam_map;rot_quat_cam_map;rot_eul_cam_map;T_map_cam;trans_map_cam;rot_quat_map_cam;rot_eul_map_cam
1681734475.4852955;[[-0.9970948167235969, 0.07423556307480692, -0.01705894597867925, 0.2861131428329322], [0.0300537527896546, 0.17763203789647805, -0.9836379573074653, 0.05035497194786387], [-0.06999070228391382, -0.9812929941091554, -0.17934704153147887, 0.2780956934330357], [0.0, 0.0, 0.0, 1.0]];[0.2861131428329322, 0.05035497194786387, 0.2780956934330357];[0.033985978400673134, 0.7671495773562601, -0.6403350172557409, 0.017249490147556112];[-1.7515672068333663, 0.07004797251154996, 3.111460457559408];[[-0.9970948167235969, 0.0300537527896546, -0.06999070228391382, 0.3032326887220739], [0.07423556307480692, 0.17763203789647805, -0.9812929941091554, 0.24270892911114098], [-0.01705894597867925, -0.9836379573074653, -0.17934704153147887, 0.10428749027430874], [0.0, 0.0, 0.0, 1.0]];[0.3032326887220739, 0.24270892911114098, 0.10428749027430874];[-0.033985978400673134, -0.7671495773562601, 0.6403350172557409, 0.017249490147556112];[-1.7511455493476566, 0.017059773467642085, 3.0672779026928367]
