timestamp;T_cam_map;trans_cam_map;rot_quat_cam_map;rot_eul_cam_map;T_map_cam;trans_map_cam;rot_quat_map_cam;rot_eul_map_cam
1681734475.5852516;[[-0.9970457536567473, 0.06916418827167808, -0.03340778615486461, 0.2972376621115422], [0.04412622810605408, 0.159767358578567, -0.986167971050551, 0.0529353204491145], [-0.06287003346731874, -0.9847287475206296, -0.16234732119216128, 0.28408097132276483], [0.0, 0.0, 0.0, 1.0]];[0.2972376621115422, 0.0529353204491145, 0.28408097132276483];[0.03719613204638078, 0.7614394975025061, -0.647095640899786, 0.009673206935380041];[-1.7341915367793694, 0.06291152442237871, 3.0973645406492936];[[-0.9970457536567473, 0.04412622810605408, -0.06287003346731874, 0.31188389298465813], [0.06916418827167808, 0.159767358578567, -0.9847287475206296, 0.25072716113772897], [-0.03340778615486461, -0.986167971050551, -0.16234732119216128, 0.10825295451312633], [0.0, 0.0, 0.0, 1.0]];[0.31188389298465813, 0.25072716113772897, 0.10825295451312633];[-0.03719613204638078, -0.7614394975025061, 0.647095640899786, 0.009673206935380041];[-1.7339572887874661, 0.033414003572623203, 3.0723344814875007]
