timestamp;T_cam_map;trans_cam_map;rot_quat_cam_map;rot_eul_cam_map;T_map_cam;trans_map_cam;rot_quat_map_cam;rot_eul_map_cam
1681734475.6853535;[[-0.9968687860517969, 0.0666981217539876, -0.042473332222790434, 0.3016102219256773], [0.052319090451459195, 0.15360001913149038, -0.986747053148444, 0.0565454810040327], [-0.05929027044928461, -0.9858795031226161, -0.156608649674131, 0.29091495195147266], [0.0, 0.0, 0.0, 1.0]];[0.3016102219256773, 0.0565454810040327, 0.29091495195147266];[0.039178579896557764, 0.7594533321504058, -0.6493573972101526, 0.0055358695243579725];[-1.7283317660064328, 0.05932506305460693, 3.0891573355242246];[[-0.9968687860517969, 0.052319090451459195, -0.05929027044928461, 0.31495583383553516], [0.0666981217539876, 0.15360001913149038, -0.9858795031226161, 0.25800486601259276], [-0.042473332222790434, -0.986747053148444, -0.156608649674131, 0.11416627570236422], [0.0, 0.0, 0.0, 1.0]];[0.31495583383553516, 0.25800486601259276, 0.11416627570236422];[-0.039178579896557764, -0.7594533321504058, 0.6493573972101526, 0.0055358695243579725];[-1.7281955377972107, 0.04248611280229962, 3.0747846026648737]
