timestamp;T_cam_map;trans_cam_map;rot_quat_cam_map;rot_eul_cam_map;T_map_cam;trans_map_cam;rot_quat_map_cam;rot_eul_map_cam
1681734475.7853334;[[-0.9964499692996721, 0.06531556231383193, -0.0531162498893796, 0.30612217620833637], [0.06219231911845019, 0.1458662500086142, -0.9873475338253972, 0.0588719452576532], [-0.05674129118509673, -0.9871458425319193, -0.14941054663776465, 0.30286599886616317], [0.0, 0.0, 0.0, 1.0]];[0.30612217620833637, 0.0588719452576532, 0.30286599886616317];[0.04211391494945199, 0.756922513528639, -0.6521451473125621, 0.0011972960345761896];[-1.7210122707676256, 0.05677178251403526, 3.079259618651133];[[-0.9964499692996721, 0.06219231911845019, -0.05674129118509673, 0.3185590581098878], [0.06531556231383193, 0.1458662500086142, -0.9871458425319193, 0.27039093966378225], [-0.0531162498893796, -0.9873475338253972, -0.14941054663776465, 0.11963850641839639], [0.0, 0.0, 0.0, 1.0]];[0.3185590581098878, 0.27039093966378225, 0.11963850641839639];[-0.04211391494945199, -0.756922513528639, 0.6521451473125621, 0.0011972960345761896];[-1.7209820446640218, 0.05314125811757137, 3.076138029328319]
