timestamp;T_cam_map;trans_cam_map;rot_quat_cam_map;rot_eul_cam_map;T_map_cam;trans_map_cam;rot_quat_map_cam;rot_eul_map_cam
1681734475.8853586;[[-0.9961599389799328, 0.05882401640157875, -0.06484682772413275, 0.3141567820706211], [0.07205775898740815, 0.13014737126239562, -0.9888727628583978, 0.06556074748874627], [-0.04972982345845556, -0.9897481481911825, -0.13388632421168312, 0.30788507701181844], [0.0, 0.0, 0.0, 1.0]];[0.3141567820706211, 0.06556074748874627, 0.30788507701181844];[0.04352876626253771, 0.7516970191596498, -0.658051336049448, -0.0050276254529308395];[-1.7052532806684464, 0.0497503437374251, 3.069382890651086];[[-0.9961599389799328, 0.07205775898740815, -0.04972982345845556, 0.32353731084131426], [0.05882401640157875, 0.13014737126239562, -0.9897481481911825, 0.2777161621832995], [-0.06484682772413275, -0.9888727628583978, -0.13388632421168312, 0.1264249094703031], [0.0, 0.0, 0.0, 1.0]];[0.32353731084131426, 0.2777161621832995, 0.1264249094703031];[-0.04352876626253771, -0.7516970191596498, 0.658051336049448, -0.0050276254529308395];[-1.7053708754963526, 0.064892361960109, 3.0826103719310556]
