timestamp;T_cam_map;trans_cam_map;rot_quat_cam_map;rot_eul_cam_map;T_map_cam;trans_map_cam;rot_quat_map_cam;rot_eul_map_cam
1681734459.685359;[[-0.0004250820347963813, -0.00023825073458044743, 0.9999998812709188, 0.000834463450882726], [-0.9999999095771499, 1.2387703968663732e-05, -0.00042507909544897693, -0.018983131775803935], [-1.2286427091112717e-05, -0.999999971541566, -0.00023825597882762284, 0.0010594072760895777], [0.0, 0.0, 0.0, 1.0]];[0.000834463450882726, -0.018983131775803935, 0.0010594072760895777];[-0.49995019407938596, 0.5001689029012082, -0.5000436076863698, 0.4998372359304439];[-1.5710345827759966, 1.2286427091421837e-05, -1.571221408842527];[[-0.0004250820347963813, -0.9999999095771499, -1.2286427091112717e-05, -0.018982762327543132], [-0.00023825073458044743, 1.2387703968663732e-05, -0.999999971541566, 0.0010598412148874956], [0.9999998812709188, -0.00042507909544897693, -0.00023825597882762284, -0.0008422802741741529], [0.0, 0.0, 0.0, 1.0]];[-0.018982762327543132, 0.0010598412148874956, -0.0008422802741741529];[0.49995019407938596, -0.5001689029012082, 0.5000436076863698, 0.4998372359304439];[-2.0816636718811092, -1.5703090299991291, -2.630737645570633]
