timestamp;T_cam_map;trans_cam_map;rot_quat_cam_map;rot_eul_cam_map;T_map_cam;trans_map_cam;rot_quat_map_cam;rot_eul_map_cam
1681734475.985305;[[-0.9954289857927099, 0.05201903429222068, -0.08009465846735568, 0.3226399396570859], [0.08582824883033605, 0.11942042888646047, -0.9891270256480167, 0.07570894398633038], [-0.04188849420086023, -0.9914800962378816, -0.12333925902852623, 0.3142754467545479], [0.0, 0.0, 0.0, 1.0]];[0.3226399396570859, 0.07570894398633038, 0.3142754467545479];[0.04607017568166033, 0.7480288553437788, -0.6619420854345421, -0.012768947345265402];[-1.6945596494688508, 0.04190075379614986, 3.0555830006107465];[[-0.9954289857927099, 0.08582824883033605, -0.04188849420086023, 0.32783170705478387], [0.05201903429222068, 0.11942042888646047, -0.9914800962378816, 0.2857732375469517], [-0.08009465846735568, -0.9891270256480167, -0.12333925902852623, 0.13948999908847876], [0.0, 0.0, 0.0, 1.0]];[0.32783170705478387, 0.2857732375469517, 0.13948999908847876];[-0.04607017568166033, -0.7480288553437788, 0.6619420854345421, -0.012768947345265402];[-1.6948510666605352, 0.08018054323188534, 3.0893822400490345]
