timestamp;T_cam_map;trans_cam_map;rot_quat_cam_map;rot_eul_cam_map;T_map_cam;trans_map_cam;rot_quat_map_cam;rot_eul_map_cam
1681734476.085309;[[-0.9941750343888918, 0.04572712194508782, -0.09759626691869502, 0.329272402174771], [0.10220755325393069, 0.11266129956116798, -0.9883628117442673, 0.0821683430049094], [-0.034199664555241184, -0.992580708003036, -0.11667870861687303, 0.32728514056280755], [0.0, 0.0, 0.0, 1.0]];[0.329272402174771, 0.0821683430049094, 0.32728514056280755];[0.04960437144751789, 0.7455727735383939, -0.6642354677015619, -0.02125768423066926];[-1.687810177590751, 0.03420633481840914, 3.0391461692247064];[[-0.9941750343888918, 0.10220755325393069, -0.034199664555241184, 0.3301492184831174], [0.04572712194508782, 0.11266129956116798, -0.992580708003036, 0.300543044945586], [-0.09759626691869502, -0.9883628117442673, -0.11667870861687303, 0.1515350993306686], [0.0, 0.0, 0.0, 1.0]];[0.3301492184831174, 0.300543044945586, 0.1515350993306686];[-0.04960437144751789, -0.7455727735383939, 0.6642354677015619, -0.02125768423066926];[-1.6883049664368137, 0.09775186938211183, 3.095630005843751]
