timestamp;T_cam_map;trans_cam_map;rot_quat_cam_map;rot_eul_cam_map;T_map_cam;trans_map_cam;rot_quat_map_cam;rot_eul_map_cam
1681734476.185313;[[-0.9932488880458674, 0.0411996999795742, -0.10843998855238565, 0.33429300649582705], [0.11224712812570903, 0.10540297377398739, -0.9880742863505412, 0.09119360216134155], [-0.029278466885735578, -0.9935757635133788, -0.10931593450008864, 0.33549179296125076], [0.0, 0.0, 0.0, 1.0]];[0.33429300649582705, 0.09119360216134155, 0.33549179296125076];[0.051633498526233335, 0.7429616067334743, -0.6668076896249381, -0.02663715088007501];[-1.6803783282128437, 0.02928265155682843, 3.0290600228883946];[[-0.9932488880458674, 0.11224712812570903, -0.029278466885735578, 0.33162262238809304], [0.0411996999795742, 0.10540297377398739, -0.9935757635133788, 0.30995166591408174], [-0.10843998855238565, -0.9880742863505412, -0.10931593450008864, 0.16303138203752215], [0.0, 0.0, 0.0, 1.0]];[0.33162262238809304, 0.30995166591408174, 0.16303138203752215];[-0.051633498526233335, -0.7429616067334743, 0.6668076896249381, -0.02663715088007501];[-1.680983554320976, 0.10865364959628733, 3.1001366843240463]
