timestamp;T_cam_map;trans_cam_map;rot_quat_cam_map;rot_eul_cam_map;T_map_cam;trans_map_cam;rot_quat_map_cam;rot_eul_map_cam
1681734476.2854323;[[-0.9929061472295561, 0.039451607269503454, -0.11216484956354486, 0.33453684937978023], [0.11559789873085344, 0.09949677956826938, -0.9883003170416143, 0.09775673409241874], [-0.027829994659919394, -0.9942554810205457, -0.10335148696478816, 0.33773623724974594], [0.0, 0.0, 0.0, 1.0]];[0.33453684937978023, 0.09775673409241874, 0.33773623724974594];[0.052317683833869866, 0.740903909721533, -0.6689652234414916, -0.028456745131538896];[-1.6743729580791546, 0.027833588340941795, 3.025690646697206];[[-0.9929061472295561, 0.11559789873085344, -0.027829994659919394, 0.3302624188552392], [0.039451607269503454, 0.09949677956826938, -0.9942554810205457, 0.31287160840259987], [-0.11216484956354486, -0.9883003170416143, -0.10335148696478816, 0.16904182900228928], [0.0, 0.0, 0.0, 1.0]];[0.3302624188552392, 0.31287160840259987, 0.16904182900228928];[-0.052317683833869866, -0.740903909721533, 0.6689652234414916, -0.028456745131538896];[-1.6749925817199078, 0.1124013812588742, 3.101880072866551]
