timestamp;T_cam_map;trans_cam_map;rot_quat_cam_map;rot_eul_cam_map;T_map_cam;trans_map_cam;rot_quat_map_cam;rot_eul_map_cam
1681734476.3853273;[[-0.9924907524344451, 0.04410984469184794, -0.11408956101839537, 0.3401217380385456], [0.11794698274506613, 0.09795061003120525, -0.9881772043797863, 0.10537057013042242], [-0.03241320091327263, -0.9942132565982893, -0.10241769774204074, 0.35031330195310906], [0.0, 0.0, 0.0, 1.0]];[0.3401217380385456, 0.10537057013042242, 0.35031330195310906];[0.05471822200234222, 0.7404152652747799, -0.6693508879244874, -0.02757788903596259];[-1.6734480528090823, 0.032418879233980805, 3.023308031414314];[[-0.9924907524344451, 0.11794698274506613, -0.03241320091327263, 0.33649431432697463], [0.04410984469184794, 0.09795061003120525, -0.9942132565982893, 0.32296230009968796], [-0.11408956101839537, -0.9881772043797863, -0.10241769774204074, 0.1788074170754661], [0.0, 0.0, 0.0, 1.0]];[0.33649431432697463, 0.32296230009968796, 0.1788074170754661];[-0.05471822200234222, -0.7404152652747799, 0.6693508879244874, -0.02757788903596259];[-1.6740706416346092, 0.11433852851839846, 3.0971782985322593]
