timestamp;T_cam_map;trans_cam_map;rot_quat_cam_map;rot_eul_cam_map;T_map_cam;trans_map_cam;rot_quat_map_cam;rot_eul_map_cam
1681734476.485307;[[-0.9927205673433067, 0.04811197249325673, -0.11041337453584077, 0.34526811553721287], [0.1143777434721689, 0.08940548715192043, -0.9894060797596419, 0.11657525164821764], [-0.03773071655559257, -0.9948325974604654, -0.09425760477683298, 0.36089394523920065], [0.0, 0.0, 0.0, 1.0]];[0.34526811553721287, 0.11657525164821764, 0.36089394523920065];[0.055071658504184384, 0.7376285751094619, -0.6725060362953171, -0.024633894494075936];[-1.6652615296311577, 0.03773967458068801, 3.026882003423444];[[-0.9927205673433067, 0.1143777434721689, -0.03773071655559257, 0.3430379324678828], [0.04811197249325673, 0.08940548715192043, -0.9948325974604654, 0.3319950637090774], [-0.11041337453584077, -0.9894060797596419, -0.09425760477683298, 0.18747947934305956], [0.0, 0.0, 0.0, 1.0]];[0.3430379324678828, 0.3319950637090774, 0.18747947934305956];[-0.055071658504184384, -0.7376285751094619, 0.6725060362953171, -0.024633894494075936];[-1.6657765335464971, 0.11063895795058634, 3.093165776919852]
