timestamp;T_cam_map;trans_cam_map;rot_quat_cam_map;rot_eul_cam_map;T_map_cam;trans_map_cam;rot_quat_map_cam;rot_eul_map_cam
1681734476.5853024;[[-0.9932173259388222, 0.04967871123230439, -0.1051254921759367, 0.3469807844016337], [0.10908430916557263, 0.08515563137473711, -0.9903782771946483, 0.12308801682839583], [-0.04024868878367818, -0.9951284058328691, -0.08999721637766037, 0.3670631516630166], [0.0, 0.0, 0.0, 1.0]];[0.3469807844016337, 0.12308801682839583, 0.3670631516630166];[0.053907928600765986, 0.7362693416290025, -0.6741781066948155, -0.022028896126761843];[-1.660988758957983, 0.0402595635702328, 3.032201843375143];[[-0.9932173259388222, 0.10908430916557263, -0.04024868878367818, 0.3459741661085004], [0.04967871123230439, 0.08515563137473711, -0.9951284058328691, 0.33755577297527267], [-0.1051254921759367, -0.9903782771946483, -0.08999721637766037, 0.1914148856701093], [0.0, 0.0, 0.0, 1.0]];[0.3459741661085004, 0.33755577297527267, 0.1914148856701093];[-0.053907928600765986, -0.7362693416290025, 0.6741781066948155, -0.022028896126761843];[-1.661418987926032, 0.10532009160612532, 3.0916163358905955]
