timestamp;T_cam_map;trans_cam_map;rot_quat_cam_map;rot_eul_cam_map;T_map_cam;trans_map_cam;rot_quat_map_cam;rot_eul_map_cam
1681734476.6852875;[[-0.9945321520546238, 0.046332208794322816, -0.09359019691099074, 0.35214193971876473], [0.0967781679635499, 0.07215802771562733, -0.992686861624455, 0.1387429901695356], [-0.03924009091755099, -0.9963164886041133, -0.07624742487685938, 0.3715541786179741], [0.0, 0.0, 0.0, 1.0]];[0.35214193971876473, 0.1387429901695356, 0.3715541786179741];[0.048880581795351485, 0.7319387960490805, -0.6793612256123646, -0.018563746821050886];[-1.64717676708781, 0.03925016811713741, 3.0445878273874882];[[-0.9945321520546238, 0.0967781679635499, -0.03924009091755099, 0.3513690084805654], [0.046332208794322816, 0.07215802771562733, -0.9963164886041133, 0.3438586201605553], [-0.09359019691099074, -0.992686861624455, -0.07624742487685938, 0.19901542628454338], [0.0, 0.0, 0.0, 1.0]];[0.3513690084805654, 0.3438586201605553, 0.19901542628454338];[-0.048880581795351485, -0.7319387960490805, 0.6793612256123646, -0.018563746821050886];[-1.6474549511196697, 0.09372736630781504, 3.0950393738864155]
