timestamp;T_cam_map;trans_cam_map;rot_quat_cam_map;rot_eul_cam_map;T_map_cam;trans_map_cam;rot_quat_map_cam;rot_eul_map_cam
1681734476.7853036;[[-0.9953121711918541, 0.04550237416538406, -0.08534175896166171, 0.3519759866195742], [0.08825534950167765, 0.06641512312188293, -0.9938812930652441, 0.14929344244211332], [-0.039555975044153646, -0.9967540144719851, -0.07011960832953777, 0.37946776850532726], [0.0, 0.0, 0.0, 1.0]];[0.3519759866195742, 0.14929344244211332, 0.37946776850532726];[0.04580478691086909, 0.7300422766256887, -0.6816849418427168, -0.015679154955632657];[-1.6410285801278361, 0.03956629768929522, 3.053152932771996];[[-0.9953121711918541, 0.08825534950167765, -0.039555975044153646, 0.3521602560897434], [0.04550237416538406, 0.06641512312188293, -0.9967540144719851, 0.352304936218934], [-0.08534175896166171, -0.9938812930652441, -0.07011960832953777, 0.2050263407321871], [0.0, 0.0, 0.0, 1.0]];[0.3521602560897434, 0.352304936218934, 0.2050263407321871];[-0.04580478691086909, -0.7300422766256887, 0.6816849418427168, -0.015679154955632657];[-1.641230910156855, 0.08544569370545695, 3.095907777071871]
