timestamp;T_cam_map;trans_cam_map;rot_quat_cam_map;rot_eul_cam_map;T_map_cam;trans_map_cam;rot_quat_map_cam;rot_eul_map_cam
1681734476.8853335;[[-0.9964337053825281, 0.04438042668248485, -0.07176523186840372, 0.352371831530472], [0.07415800696353762, 0.054849465256411, -0.9957369763970211, 0.16684295523280712], [-0.04025494728404285, -0.9975078515423156, -0.05794501989466027, 0.3857333172015512], [0.0, 0.0, 0.0, 1.0]];[0.352371831530472, 0.16684295523280712, 0.3857333172015512];[0.04081007613237575, 0.7261591062800217, -0.6862286827711767, -0.010848271512348795];[-1.6288209071894606, 0.04026582714680557, 3.067306182551015];[[-0.9964337053825281, 0.07415800696353762, -0.04025494728404285, 0.3542701030780119], [0.04438042668248485, 0.054849465256411, -0.9975078515423156, 0.3599823533994801], [-0.07176523186840372, -0.9957369763970211, -0.05794501989466027, 0.21377107070961449], [0.0, 0.0, 0.0, 1.0]];[0.3542701030780119, 0.3599823533994801, 0.21377107070961449];[-0.04081007613237575, -0.7261591062800217, 0.6862286827711767, -0.010848271512348795];[-1.6289238693093582, 0.07182697653892182, 3.0970828032898243]
