timestamp;T_cam_map;trans_cam_map;rot_quat_cam_map;rot_eul_cam_map;T_map_cam;trans_map_cam;rot_quat_map_cam;rot_eul_map_cam
1681734459.785272;[[-0.00046990080724462757, 0.000887343114527761, 0.9999994959075872, 0.0009844270134368874], [-0.9999998848940674, 9.65628176256006e-05, -0.000469986674424272, -0.019329526934883483], [-9.69798083884088e-05, -0.9999996016488304, 0.0008872976374433295, -0.001199784805557695], [0.0, 0.0, 0.0, 1.0]];[0.0009844270134368874, -0.019329526934883483, -0.001199784805557695];[-0.49963642749945847, 0.4999197850624205, -0.5003150596441862, 0.5001284734065399];[-1.569909029036853, 9.6979808540426e-05, -1.5712662276216438];[[-0.00046990080724462757, -0.9999998848940674, -9.69798083884088e-05, -0.019329178481792525], [0.000887343114527761, 9.65628176256006e-05, -0.9999996016488304, -0.0011987913385699414], [0.9999994959075872, -0.000469986674424272, 0.0008872976374433295, -0.000992446571053609], [0.0, 0.0, 0.0, 1.0]];[-0.019329178481792525, -0.0011987913385699414, -0.000992446571053609];[0.49963642749945847, -0.4999197850624205, 0.5003150596441862, 0.5001284734065399];[-0.48711124076341256, -1.5697922426797315, 2.0578107962207857]
