timestamp;T_cam_map;trans_cam_map;rot_quat_cam_map;rot_eul_cam_map;T_map_cam;trans_map_cam;rot_quat_map_cam;rot_eul_map_cam
1681734476.9853303;[[-0.9976732933247339, 0.0481864078656566, -0.048229346704929746, 0.3477125104194398], [0.05031207600077278, 0.04298694085862585, -0.9978080065444003, 0.194538693507282], [-0.04600755150051124, -0.9979129185518253, -0.04531128107112205, 0.38981794878345105], [0.0, 0.0, 0.0, 1.0]];[0.3477125104194398, 0.194538693507282, 0.38981794878345105];[0.03409929210321799, 0.7221446384302943, -0.6909006931887871, -0.0007691655819975218];[-1.6161712078417625, 0.046023797637390396, 3.0912059274698946];[[-0.9976732933247339, 0.05031207600077278, -0.04600755150051124, 0.3550504092220222], [0.0481864078656566, 0.04298694085862585, -0.9979129185518253, 0.3638867268148052], [-0.048229346704929746, -0.9978080065444003, -0.04531128107112205, 0.22854536382680893], [0.0, 0.0, 0.0, 1.0]];[0.3550504092220222, 0.3638867268148052, 0.22854536382680893];[-0.03409929210321799, -0.7221446384302943, 0.6909006931887871, -0.0007691655819975218];[-1.6161759721225342, 0.048248063775114654, 3.093331372833974]
