timestamp;T_cam_map;trans_cam_map;rot_quat_cam_map;rot_eul_cam_map;T_map_cam;trans_map_cam;rot_quat_map_cam;rot_eul_map_cam
1681734477.0852745;[[-0.9979132554168757, 0.05708039739454242, -0.03018216189365673, 0.3452182337815856], [0.03266786222708837, 0.04312754572907721, -0.9985353401742468, 0.2116385111580397], [-0.055695111462369495, -0.9974376386685374, -0.044902244114595945, 0.40326975713354557], [0.0, 0.0, 0.0, 1.0]];[0.3452182337815856, 0.2116385111580397, 0.40326975713354557];[0.031070254941998998, 0.7221397103851422, -0.690992667394742, 0.00883241469822571];[-1.615783548534985, 0.05572394559556823, 3.108868165799561];[[-0.9979132554168757, 0.03266786222708837, -0.055695111462369495, 0.3600442278507446], [0.05708039739454242, 0.04312754572907721, -0.9974376386685374, 0.373403790761621], [-0.03018216189365673, -0.9985353401742468, -0.044902244114595945, 0.23985568243264654], [0.0, 0.0, 0.0, 1.0]];[0.3600442278507446, 0.373403790761621, 0.23985568243264654];[-0.031070254941998998, -0.7221397103851422, 0.690992667394742, 0.00883241469822571];[-1.615734160148762, 0.03018674624478761, 3.0844551550253527]
