timestamp;T_cam_map;trans_cam_map;rot_quat_cam_map;rot_eul_cam_map;T_map_cam;trans_map_cam;rot_quat_map_cam;rot_eul_map_cam
1681734477.185297;[[-0.9985034259881926, 0.05271405805216275, -0.014564902111429193, 0.34108169954473505], [0.016646445481139617, 0.03926624499619079, -0.9990901149829994, 0.22008097888406433], [-0.05209418530590286, -0.997837356530398, -0.04008498184784327, 0.397085910559629], [0.0, 0.0, 0.0, 1.0]];[0.34108169954473505, 0.22008097888406433, 0.397085910559629];[0.024058838622530943, 0.7207382764971323, -0.69266734424689, 0.013017653015762576];[-1.6109465974602313, 0.05211777636293431, 3.124922802397757];[[-0.9985034259881926, 0.016646445481139617, -0.05209418530590286, 0.35759354652792036], [0.05271405805216275, 0.03926624499619079, -0.997837356530398, 0.3696056011620916], [-0.014564902111429193, -0.9990901149829994, -0.04008498184784327, 0.24076573358153688], [0.0, 0.0, 0.0, 1.0]];[0.35759354652792036, 0.3696056011620916, 0.24076573358153688];[-0.024058838622530943, -0.7207382764971323, 0.69266734424689, 0.013017653015762576];[-1.6108963070476003, 0.014565417118179711, 3.088848551607652]
