timestamp;T_cam_map;trans_cam_map;rot_quat_cam_map;rot_eul_cam_map;T_map_cam;trans_map_cam;rot_quat_map_cam;rot_eul_map_cam
1681734477.2853456;[[-0.9985277688967068, 0.05357845066143169, 0.00846429955079574, 0.3417559074630998], [-0.006193660168754625, 0.042404769614483535, -0.9990813150528122, 0.24157013014020706], [-0.05388815561771486, -0.9976628614610565, -0.04201049327796385, 0.4069129309336662], [0.0, 0.0, 0.0, 1.0]];[0.3417559074630998, 0.24157013014020706, 0.4069129309336662];[0.016416110735901823, 0.7216202311100268, -0.6917572742668232, 0.02160154762865968];[-1.6128803722574736, 0.053914271027367566, -3.135389941025771];[[-0.9985277688967068, -0.006193660168754625, -0.05388815561771486, 0.3646767544244226], [0.05357845066143169, 0.042404769614483535, -0.9976628614610565, 0.3774074413001859], [0.00846429955079574, -0.9990813150528122, -0.04201049327796385, 0.25555009187364064], [0.0, 0.0, 0.0, 1.0]];[0.3646767544244226, 0.3774074413001859, 0.25555009187364064];[-0.016416110735901823, -0.7216202311100268, 0.6917572742668232, 0.02160154762865968];[-1.612820693472996, -0.008464400623951443, 3.087986613429824]
