timestamp;T_cam_map;trans_cam_map;rot_quat_cam_map;rot_eul_cam_map;T_map_cam;trans_map_cam;rot_quat_map_cam;rot_eul_map_cam
1681734477.3853173;[[-0.9980660968206423, 0.050992277776903336, 0.03555072410418481, 0.34186330975456614], [-0.0333392572632977, 0.043582688172495616, -0.9984933866665273, 0.26024202713920364], [-0.0524648482542396, -0.997747631868291, -0.04179835880602816, 0.4069428871970551], [0.0, 0.0, 0.0, 1.0]];[0.34186330975456614, 0.26024202713920364, 0.4069428871970551];[0.006115018660855842, 0.7217075487687458, -0.6914992859436152, 0.03048865586503202];[-1.6126645619594877, 0.052488946892447666, -3.1082012123944485];[[-0.9980660968206423, -0.0333392572632977, -0.0524648482542396, 0.37122865193137766], [0.050992277776903336, 0.043582688172495616, -0.997747631868291, 0.37725186603558436], [0.03555072410418481, -0.9984933866665273, -0.04179835880602816, 0.26470599963738123], [0.0, 0.0, 0.0, 1.0]];[0.37122865193137766, 0.37725186603558436, 0.26470599963738123];[-0.006115018660855842, -0.7217075487687458, 0.6914992859436152, 0.03048865586503202];[-1.6126333278997125, -0.035558216853735294, 3.0905459554413657]
