timestamp;T_cam_map;trans_cam_map;rot_quat_cam_map;rot_eul_cam_map;T_map_cam;trans_map_cam;rot_quat_map_cam;rot_eul_map_cam
1681734477.4853;[[-0.9966442212082032, 0.04773909492062692, 0.06649266988513813, 0.3455413098640897], [-0.06413490409540216, 0.04933012632572241, -0.9967212512600312, 0.2824189899693157], [-0.050862662228477074, -0.9976409762298499, -0.04610284305966629, 0.40359889403516985], [0.0, 0.0, 0.0, 1.0]];[0.3455413098640897, 0.2824189899693157, 0.40359889403516985];[-0.005667793347961636, 0.7232007312277815, -0.6894220862111277, 0.040568035624901966];[-1.6169753311191153, 0.05088461817097526, -3.0773304085363584];[[-0.9966442212082032, -0.06413490409540216, -0.050862662228477074, 0.38302277872425816], [0.04773909492062692, 0.04933012632572241, -0.9976409762298499, 0.3722192008079658], [0.06649266988513813, -0.9967212512600312, -0.04610284305966629, 0.27712410128409765], [0.0, 0.0, 0.0, 1.0]];[0.38302277872425816, 0.3722192008079658, 0.27712410128409765];[0.005667793347961636, -0.7232007312277815, 0.6894220862111277, 0.040568035624901966];[-1.617017882178014, -0.06654176469055727, 3.0937294007697913]
