timestamp;T_cam_map;trans_cam_map;rot_quat_cam_map;rot_eul_cam_map;T_map_cam;trans_map_cam;rot_quat_map_cam;rot_eul_map_cam
1681734477.58529;[[-0.9950049865632992, 0.04880368629565772, 0.08708201259803482, 0.35138557722491076], [-0.08444950790474227, 0.053632613464673316, -0.9949833281958026, 0.2963914541778427], [-0.05322929014007359, -0.9973674062134296, -0.04924327054816611, 0.3971777685902039], [0.0, 0.0, 0.0, 1.0]];[0.35138557722491076, 0.2963914541778427, 0.3971777685902039];[-0.012305187119604266, 0.7242031604764195, -0.6877734188216458, 0.048436443803215434];[-1.6201295162817204, 0.05325445850979502, -3.056922120718872];[[-0.9950049865632992, -0.08444950790474227, -0.05322929014007359, 0.3958020046791742], [0.04880368629565772, 0.053632613464673316, -0.9973674062134296, 0.3630870010885936], [0.08708201259803482, -0.9949833281958026, -0.04924327054816611, 0.2838635245784006], [0.0, 0.0, 0.0, 1.0]];[0.3958020046791742, 0.3630870010885936, 0.2838635245784006];[0.012305187119604266, -0.7242031604764195, 0.6877734188216458, 0.048436443803215434];[-1.620247531073856, -0.08719245105245067, 3.092583245116466]
