timestamp;T_cam_map;trans_cam_map;rot_quat_cam_map;rot_eul_cam_map;T_map_cam;trans_map_cam;rot_quat_map_cam;rot_eul_map_cam
1681734477.6852734;[[-0.9933341233320782, 0.05074411241299954, 0.10350050473069657, 0.35668893915735134], [-0.1003138298797428, 0.06177298576553093, -0.9930363708165326, 0.3086904742816929], [-0.05678428443636581, -0.9967994448659314, -0.05627087840101251, 0.3934439632828303], [0.0, 0.0, 0.0, 1.0]];[0.35668893915735134, 0.3086904742816929, 0.3934439632828303];[-0.017057031566215575, 0.7265290750373694, -0.6847061886615191, 0.05515429274417477];[-1.6271880297167562, 0.05681484519556223, -3.0409468723969453];[[-0.9933341233320782, -0.1003138298797428, -0.05678428443636581, 0.4076186523235308], [0.05074411241299954, 0.06177298576553093, -0.9967994448659314, 0.35501612828734497], [0.10350050473069657, -0.9930363708165326, -0.05627087840101251, 0.2917628204671845], [0.0, 0.0, 0.0, 1.0]];[0.4076186523235308, 0.35501612828734497, 0.2917628204671845];[0.017057031566215575, -0.7265290750373694, 0.6847061886615191, 0.05515429274417477];[-1.6274012686407275, -0.10368619025481023, 3.090552385346047]
