timestamp;T_cam_map;trans_cam_map;rot_quat_cam_map;rot_eul_cam_map;T_map_cam;trans_map_cam;rot_quat_map_cam;rot_eul_map_cam
1681734477.7852812;[[-0.9920131866510932, 0.051932907738628506, 0.1149469904092966, 0.3564435309084729], [-0.11128443611936843, 0.06863839198653283, -0.9914154252497274, 0.3144365930292453], [-0.05937686239553275, -0.9962889863083475, -0.06231086560743475, 0.3923885185172413], [0.0, 0.0, 0.0, 1.0]];[0.3564435309084729, 0.3144365930292453, 0.3923885185172413];[-0.020367173158105656, 0.7285194651217393, -0.6821040846265922, 0.05982127491119915];[-1.633257932904524, 0.05941180782678124, -3.0298793079405026];[[-0.9920131866510932, -0.11128443611936843, -0.05937686239553275, 0.41188738097782157], [0.051932907738628506, 0.06863839198653283, -0.9962889863083475, 0.35083878822062453], [0.1149469904092966, -0.9914154252497274, -0.06231086560743475, 0.2952152457066008], [0.0, 0.0, 0.0, 1.0]];[0.41188738097782157, 0.35083878822062453, 0.2952152457066008];[0.020367173158105656, -0.7285194651217393, 0.6821040846265922, 0.05982127491119915];[-1.633564175347742, -0.11520163620021964, 3.089289374420753]
