timestamp;T_cam_map;trans_cam_map;rot_quat_cam_map;rot_eul_cam_map;T_map_cam;trans_map_cam;rot_quat_map_cam;rot_eul_map_cam
1681734477.8853543;[[-0.9892061785104194, 0.05560526153377917, 0.13556987602919954, 0.36663886818241614], [-0.13063188711361548, 0.0844788808749242, -0.9878252015185967, 0.32567690087963014], [-0.06638107008739866, -0.994872541371949, -0.07630321066751697, 0.38806862884620735], [0.0, 0.0, 0.0, 1.0]];[0.36663886818241614, 0.32567690087963014, 0.38806862884620735];[-0.02558393676788978, 0.7331419149886432, -0.6760961630877625, 0.06886488890753384];[-1.6473429388688634, 0.06642991778160916, -3.0102950846956538];[[-0.9892061785104194, -0.13063188711361548, -0.06638107008739866, 0.4309856326894939], [0.05560526153377917, 0.0844788808749242, -0.994872541371949, 0.33817895274009707], [0.13556987602919954, -0.9878252015185967, -0.07630321066751697, 0.30161754667470303], [0.0, 0.0, 0.0, 1.0]];[0.4309856326894939, 0.33817895274009707, 0.30161754667470303];[0.02558393676788978, -0.7331419149886432, 0.6760961630877625, 0.06886488890753384];[-1.647886884049748, -0.13598862613625026, 3.085439743757179]
