timestamp;T_cam_map;trans_cam_map;rot_quat_cam_map;rot_eul_cam_map;T_map_cam;trans_map_cam;rot_quat_map_cam;rot_eul_map_cam
1681734459.885259;[[-0.002905290489123913, -0.0001835252750320704, 0.9999957627938467, 0.003325260581280254], [-0.9999957211358589, -0.0003415166991811436, -0.00290535304530648, -0.01584731097527989], [0.00034204845782115356, -0.9999999248424061, -0.00018253228453429804, 0.00022532496689814106], [0.0, 0.0, 0.0, 1.0]];[0.003325260581280254, -0.01584731097527989, 0.00022532496689814106];[-0.4994043348066253, 0.5006861057774814, -0.5007654827620837, 0.4991419288456843];[-1.5709788590911224, -0.00034204846449093624, -1.5737016215411126];[[-0.002905290489123913, -0.9999957211358589, 0.00034204845782115356, -0.015837659390906013], [-0.0001835252750320704, -0.0003415166991811436, -0.9999999248424061, 0.00022052309799081796], [0.9999957627938467, -0.00290535304530648, -0.00018253228453429804, -0.0033712473955866376], [0.0, 0.0, 0.0, 1.0]];[-0.015837659390906013, 0.00022052309799081796, -0.0033712473955866376];[0.4994043348066253, -0.5006861057774814, 0.5007654827620837, 0.4991419288456843];[-1.633540058533711, -1.5678852413802782, -3.078507138541728]
