timestamp;T_cam_map;trans_cam_map;rot_quat_cam_map;rot_eul_cam_map;T_map_cam;trans_map_cam;rot_quat_map_cam;rot_eul_map_cam
1681734477.9852583;[[-0.9866843432679062, 0.060047663750657974, 0.1511564911873391, 0.37443188863894483], [-0.14482492061499522, 0.098616777134725, -0.9845305854245566, 0.33142571571428703], [-0.07402532754970106, -0.9933121409434437, -0.08860723184656877, 0.38471539150503625], [0.0, 0.0, 0.0, 1.0]];[0.37443188863894483, 0.33142571571428703, 0.38471539150503625];[-0.028749397576024238, 0.7372089853374685, -0.6707198249430629, 0.07636295243809316];[-1.6597646566761535, 0.07409310150990733, -2.9958539305841083];[[-0.9866843432679062, -0.14482492061499522, -0.07402532754970106, 0.44592346797794036], [0.060047663750657974, 0.098616777134725, -0.9933121409434437, 0.3269745730999349], [0.1511564911873391, -0.9845305854245566, -0.08860723184656877, 0.3037895093316584], [0.0, 0.0, 0.0, 1.0]];[0.44592346797794036, 0.3269745730999349, 0.3037895093316584];[0.028749397576024238, -0.7372089853374685, 0.6707198249430629, 0.07636295243809316];[-1.660553976210143, -0.1517381023207645, 3.0808095919872245]
