timestamp;T_cam_map;trans_cam_map;rot_quat_cam_map;rot_eul_cam_map;T_map_cam;trans_map_cam;rot_quat_map_cam;rot_eul_map_cam
1681734478.0852988;[[-0.9847934355796586, 0.05702235377632914, 0.1641046629715939, 0.37783209421145675], [-0.1572407160694965, 0.10910658632288378, -0.9815147018923962, 0.3241940302163451], [-0.07387317814447439, -0.9923931700645539, -0.09848121424952311, 0.3716152474089428], [0.0, 0.0, 0.0, 1.0]];[0.37783209421145675, 0.3241940302163451, 0.3716152474089428];[-0.033842252979747744, 0.7403345926255346, -0.6665593812645748, 0.08036158362940321];[-1.669708572002916, 0.07394053437658853, -2.9832604103468707];[[-0.9847934355796586, -0.1572407160694965, -0.07387317814447439, 0.4505154669604754], [0.05702235377632914, 0.10910658632288378, -0.9923931700645539, 0.3118718541331439], [0.1641046629715939, -0.9815147018923962, -0.09848121424952311, 0.29279431924113736], [0.0, 0.0, 0.0, 1.0]];[0.4505154669604754, 0.3118718541331439, 0.29279431924113736];[0.033842252979747744, -0.7403345926255346, 0.6665593812645748, 0.08036158362940321];[-1.6707975962052808, -0.16485030065772832, 3.083754377511273]
