timestamp;T_cam_map;trans_cam_map;rot_quat_cam_map;rot_eul_cam_map;T_map_cam;trans_map_cam;rot_quat_map_cam;rot_eul_map_cam
1681734478.185294;[[-0.9835388872663355, 0.058645416554043255, 0.17091510276187188, 0.38756746726504926], [-0.16279036128867544, 0.12294603819640906, -0.9789706685919194, 0.33052984588854534], [-0.07842547740626761, -0.9906790533815731, -0.11137530105274293, 0.3669487700768136], [0.0, 0.0, 0.0, 1.0]];[0.38756746726504926, 0.33052984588854534, 0.3669487700768136];[-0.03496561021202965, 0.7446241042491654, -0.6612899417080952, 0.08371357398494361];[-1.6827494401509269, 0.07850609410838748, -2.977564802385838];[[-0.9835388872663355, -0.16279036128867544, -0.07842547740626761, 0.46377288100030184], [0.058645416554043255, 0.12294603819640906, -0.9906790533815731, 0.3001620695610096], [0.17091510276187188, -0.9789706685919194, -0.11137530105274293, 0.29820692046256786], [0.0, 0.0, 0.0, 1.0]];[0.46377288100030184, 0.3001620695610096, 0.29820692046256786];[0.03496561021202965, -0.7446241042491654, 0.6612899417080952, 0.08371357398494361];[-1.684077028706327, -0.17175836334787872, 3.082036226177768]
