timestamp;T_cam_map;trans_cam_map;rot_quat_cam_map;rot_eul_cam_map;T_map_cam;trans_map_cam;rot_quat_map_cam;rot_eul_map_cam
1681734478.2852893;[[-0.9806691779529941, 0.059746681420278204, 0.18632846661812716, 0.3900054411613228], [-0.17705470523406355, 0.13445500141703115, -0.974973581154087, 0.3295067429142854], [-0.08330423018957453, -0.9891168720900528, -0.12127744464372771, 0.35617230765389896], [0.0, 0.0, 0.0, 1.0]];[0.3900054411613228, 0.3295067429142854, 0.35617230765389896];[-0.039221375784457335, 0.7477301692478632, -0.6566842338392621, 0.09015040047097583];[-1.692799220214617, 0.08340088192055169, -2.96297207826036];[[-0.9806691779529941, -0.17705470523406355, -0.08330423018957453, 0.4704776945241467], [0.059746681420278204, 0.13445500141703115, -0.9891168720900528, 0.2846906784410183], [0.18632846661812716, -0.974973581154087, -0.12127744464372771, 0.29178692065436884], [0.0, 0.0, 0.0, 1.0]];[0.4704776945241467, 0.2846906784410183, 0.29178692065436884];[0.039221375784457335, -0.7477301692478632, 0.6566842338392621, 0.09015040047097583];[-1.6945511466458394, -0.1874238354848408, 3.0807434653752455]
