timestamp;T_cam_map;trans_cam_map;rot_quat_cam_map;rot_eul_cam_map;T_map_cam;trans_map_cam;rot_quat_map_cam;rot_eul_map_cam
1681734478.3852808;[[-0.9781714329492631, 0.055513453583817554, 0.20024710792713754, 0.3918921727947959], [-0.19013294427085692, 0.14972757015022967, -0.9702737336647858, 0.31974205198914035], [-0.08384575877693853, -0.9871676206238258, -0.13590429546932667, 0.35091546367921284], [0.0, 0.0, 0.0, 1.0]];[0.3918921727947959, 0.31974205198914035, 0.35091546367921284];[-0.044736149727692076, 0.7522970321902146, -0.6504881949985154, 0.09440847648866058];[-1.7076072547415921, 0.0839443117090715, -2.9496106927217483];[[-0.9781714329492631, -0.19013294427085692, -0.08384575877693853, 0.473553999294931], [0.055513453583817554, 0.14972757015022967, -0.9871676206238258, 0.27678289485682733], [0.20024710792713754, -0.9702737336647858, -0.13590429546932667, 0.2794529592323188], [0.0, 0.0, 0.0, 1.0]];[0.473553999294931, 0.27678289485682733, 0.2794529592323188];[0.044736149727692076, -0.7522970321902146, 0.6504881949985154, 0.09440847648866058];[-1.7099589545539486, -0.2016101307571944, 3.084901191335337]
