timestamp;T_cam_map;trans_cam_map;rot_quat_cam_map;rot_eul_cam_map;T_map_cam;trans_map_cam;rot_quat_map_cam;rot_eul_map_cam
1681734478.4852686;[[-0.9753999759238862, 0.052375543637041166, 0.21413007588007493, 0.3990909205884101], [-0.2030061636830357, 0.1652123860112276, -0.96513903921413, 0.3162614664346675], [-0.08592662261708404, -0.9848663208462364, -0.15051559915311005, 0.34818844853902187], [0.0, 0.0, 0.0, 1.0]];[0.3990909205884101, 0.3162614664346675, 0.34818844853902187];[-0.04975750500677323, 0.7568236189972245, -0.6441412870557881, 0.09911711624920211];[-1.7224513361497713, 0.08603271370176206, -2.936395914333104];[[-0.9753999759238862, -0.2030061636830357, -0.08592662261708404, 0.4833949587722904], [0.052375543637041166, 0.1652123860112276, -0.9848663208462364, 0.2697661608742792], [0.21413007588007493, -0.96513903921413, -0.15051559915311005, 0.2721867116966043], [0.0, 0.0, 0.0, 1.0]];[0.4833949587722904, 0.2697661608742792, 0.2721867116966043];[0.04975750500677323, -0.7568236189972245, 0.6441412870557881, 0.09911711624920211];[-1.7255023959309272, -0.21580116176529068, 3.0879476940925037]
