timestamp;T_cam_map;trans_cam_map;rot_quat_cam_map;rot_eul_cam_map;T_map_cam;trans_map_cam;rot_quat_map_cam;rot_eul_map_cam
1681734478.5853584;[[-0.9713149465199524, 0.050499218728976863, 0.2323727685739128, 0.41097162883067884], [-0.22012172132839794, 0.17875848431414126, -0.9589535088236208, 0.31780889074204166], [-0.08996500689915722, -0.982596169946471, -0.16251481267921614, 0.34163539129115505], [0.0, 0.0, 0.0, 1.0]];[0.41097162883067884, 0.31780889074204166, 0.34163539129115505];[-0.055770471230577434, 0.7603598232931085, -0.6383654222948237, 0.10598198563314049];[-1.7347057872686051, 0.09008680938065174, -2.918734528091854];[[-0.9713149465199524, -0.22012172132839794, -0.08996500689915722, 0.4998747560970003], [0.050499218728976863, 0.17875848431414126, -0.982596169946471, 0.2581248452145226], [0.2323727685739128, -0.9589535088236208, -0.16251481267921614, 0.2647861473359809], [0.0, 0.0, 0.0, 1.0]];[0.4998747560970003, 0.2581248452145226, 0.2647861473359809];[0.055770471230577434, -0.7603598232931085, 0.6383654222948237, 0.10598198563314049];[-1.738672300350586, -0.23451652153274366, 3.0896488505666144]
