timestamp;T_cam_map;trans_cam_map;rot_quat_cam_map;rot_eul_cam_map;T_map_cam;trans_map_cam;rot_quat_map_cam;rot_eul_map_cam
1681734478.6852465;[[-0.9684379696972323, 0.04442879271745291, 0.24526308573931957, 0.4129611039159156], [-0.23306330842550071, 0.18745495563996833, -0.9542233144666808, 0.30329107824906204], [-0.08837077070198693, -0.9812679154969287, -0.17118377522957523, 0.33071846901398455], [0.0, 0.0, 0.0, 1.0]];[0.4129611039159156, 0.30329107824906204, 0.33071846901398455];[-0.06182808805950363, 0.7627379465725392, -0.6343893202970255, 0.10935402451803167];[-1.7435098565901705, 0.0884861971466101, -2.9054246619992607];[[-0.9684379696972323, -0.23306330842550071, -0.08837077070198693, 0.4998390811450677], [0.04442879271745291, 0.18745495563996833, -0.9812679154969287, 0.24932264380026128], [0.24526308573931957, -0.9542233144666808, -0.17118377522957523, 0.2447369393622192], [0.0, 0.0, 0.0, 1.0]];[0.4998390811450677, 0.24932264380026128, 0.2447369393622192];[0.06182808805950363, -0.7627379465725392, 0.6343893202970255, 0.10935402451803167];[-1.7483040873492706, -0.2477910576710974, 3.095748041965122]
