timestamp;T_cam_map;trans_cam_map;rot_quat_cam_map;rot_eul_cam_map;T_map_cam;trans_map_cam;rot_quat_map_cam;rot_eul_map_cam
1681734478.7852678;[[-0.9629013809134249, 0.034162437373495474, 0.2676823836335177, 0.4228987640687432], [-0.2547164111146496, 0.21249520387887688, -0.9433797423293271, 0.2946229788684663], [-0.089109374051738, -0.9765647526924044, -0.19591019180974445, 0.3220270786093583], [0.0, 0.0, 0.0, 1.0]];[0.4228987640687432, 0.2946229788684663, 0.3220270786093583];[-0.07161286025820174, 0.7699523973275956, -0.6233971417212313, 0.11584864172240822];[-1.7687798690117382, 0.08922772598023064, -2.8829860285531868];[[-0.9629013809134249, -0.2547164111146496, -0.089109374051738, 0.5109507431202462], [0.034162437373495474, 0.21249520387887688, -0.9765647526924044, 0.23742707187752157], [0.2676823836335177, -0.9433797423293271, -0.19591019180974445, 0.22782718742593377], [0.0, 0.0, 0.0, 1.0]];[0.5109507431202462, 0.23742707187752157, 0.22782718742593377];[0.07161286025820174, -0.7699523973275956, 0.6233971417212313, 0.11584864172240822];[-1.7755543881906355, -0.27098682890128273, 3.1061288822678375]
