timestamp;T_cam_map;trans_cam_map;rot_quat_cam_map;rot_eul_cam_map;T_map_cam;trans_map_cam;rot_quat_map_cam;rot_eul_map_cam
1681734478.8852742;[[-0.9599288337648604, 0.02871427059502875, 0.2787689451338345, 0.4244505961076007], [-0.2653063802945549, 0.22731313966430045, -0.9369851979145453, 0.2799392313380481], [-0.09027269067573186, -0.9733982880610351, -0.21058635786301538, 0.31426170536235815], [0.0, 0.0, 0.0, 1.0]];[0.4244505961076007, 0.2799392313380481, 0.31426170536235815];[-0.07639434605036977, 0.7742461383972439, -0.6168527653009154, 0.11916160039671436];[-1.7838542754536215, 0.09039575023317382, -2.871942711855924];[[-0.9599288337648604, -0.2653063802945549, -0.09027269067573186, 0.5100812796005106], [0.02871427059502875, 0.22731313966430045, -0.9733982880610351, 0.2300801511413433], [0.2787689451338345, -0.9369851979145453, -0.21058635786301538, 0.2101544990890626], [0.0, 0.0, 0.0, 1.0]];[0.5100812796005106, 0.2300801511413433, 0.2101544990890626];[0.07639434605036977, -0.7742461383972439, 0.6168527653009154, 0.11916160039671436];[-1.7918717204620913, -0.28251199975962615, 3.1116886546290226]
