timestamp;T_cam_map;trans_cam_map;rot_quat_cam_map;rot_eul_cam_map;T_map_cam;trans_map_cam;rot_quat_map_cam;rot_eul_map_cam
1681734459.9852405;[[-0.0031598227936155965, 0.0015288824283977709, 0.9999938390002376, 0.0034234889989731127], [-0.9999947948070959, 0.0006477652435247228, -0.0031608161768147403, -0.014479939080154085], [-0.0006525937689552674, -0.9999986214584046, 0.0015268276468883846, -0.001111265592720529], [0.0, 0.0, 0.0, 1.0]];[0.0034234889989731127, -0.014479939080154085, -0.001111265592720529];[-0.4986646128200725, 0.5005698653510446, -0.5010087038158567, 0.4997536318269227];[-1.5692694982296613, 0.0006525938152762327, -1.5739561555195878];[[-0.0031598227936155965, -0.9999947948070959, -0.0006525937689552674, -0.014469771295706748], [0.0015288824283977709, 0.0006477652435247228, -0.9999986214584046, -0.0011071185717045503], [0.9999938390002376, -0.0031608161768147403, 0.0015268276468883846, -0.003467539621512043], [0.0, 0.0, 0.0, 1.0]];[-0.014469771295706748, -0.0011071185717045503, -0.003467539621512043];[0.4986646128200725, -0.5005698653510446, 0.5010087038158567, 0.4997536318269227];[-1.1208016158947613, -1.5672860544155245, 2.6909477611347126]
