timestamp;T_cam_map;trans_cam_map;rot_quat_cam_map;rot_eul_cam_map;T_map_cam;trans_map_cam;rot_quat_map_cam;rot_eul_map_cam
1681734478.985261;[[-0.9560126498972457, 0.016237130828967355, 0.29287568833703126, 0.43042030247919744], [-0.27921321925747467, 0.2555992384265797, -0.925585764533806, 0.2573605531578803], [-0.0898876600447707, -0.966646463241963, -0.23982248366965161, 0.2885854665180377], [0.0, 0.0, 0.0, 1.0]];[0.43042030247919744, 0.2573605531578803, 0.2885854665180377];[-0.08398005022894783, 0.7828528552661536, -0.6042745501427753, 0.12223349056179605];[-1.8139835166706078, 0.09000914787441056, -2.85743592795395];[[-0.9560126498972457, -0.27921321925747467, -0.0898876600447707, 0.5092859948080425], [0.016237130828967355, 0.2555992384265797, -0.966646463241963, 0.20619016840169702], [0.29287568833703126, -0.925585764533806, -0.23982248366965161, 0.18135890532397259], [0.0, 0.0, 0.0, 1.0]];[0.5092859948080425, 0.20619016840169702, 0.18135890532397259];[0.08398005022894783, -0.7828528552661536, 0.6042745501427753, 0.12223349056179605];[-1.824324440370403, -0.29723302683814773, 3.1246100646814514]
