timestamp;T_cam_map;trans_cam_map;rot_quat_cam_map;rot_eul_cam_map;T_map_cam;trans_map_cam;rot_quat_map_cam;rot_eul_map_cam
1681734479.0852692;[[-0.9556767616154269, 0.007964832234848451, 0.29431019138949477, 0.4274087006380528], [-0.28121522269240823, 0.27129861697826363, -0.9204971803062411, 0.24518944795894787], [-0.08717755350036828, -0.9624622703634423, -0.2570339516339005, 0.28124767941781614], [0.0, 0.0, 0.0, 1.0]];[0.4274087006380528, 0.24518944795894787, 0.28124767941781614];[-0.08668704205388755, 0.7880370121744903, -0.5973575547783887, 0.12102469141557037];[-1.8317647170700497, 0.08728835668692927, -2.8554123367990023];[[-0.9556767616154269, -0.28121522269240823, -0.08717755350036828, 0.501934052740937], [0.007964832234848451, 0.27129861697826363, -0.9624622703634423, 0.20076648334169775], [0.29431019138949477, -0.9204971803062411, -0.2570339516339005, 0.1721956614293605], [0.0, 0.0, 0.0, 1.0]];[0.501934052740937, 0.20076648334169775, 0.1721956614293605];[0.08668704205388755, -0.7880370121744903, 0.5973575547783887, 0.12102469141557037];[-1.843094417885717, -0.29873366226537174, 3.1332586141409644]
