timestamp;T_cam_map;trans_cam_map;rot_quat_cam_map;rot_eul_cam_map;T_map_cam;trans_map_cam;rot_quat_map_cam;rot_eul_map_cam
1681734479.1852825;[[-0.9517453409892929, 0.006147179249040929, 0.3068273424785589, 0.42614002566007253], [-0.2907524834460574, 0.3018689080506091, -0.9079306998456894, 0.21683586571537147], [-0.09820284759173152, -0.9533296253340778, -0.28551501919384586, 0.2766505534817439], [0.0, 0.0, 0.0, 1.0]];[0.42614002566007253, 0.21683586571537147, 0.2766505534817439];[-0.08930393349951582, 0.7967322743923687, -0.5840294114479248, 0.1270910577769641];[-1.8617874083163133, 0.0983613779608159, -2.8451031521640684];[[-0.9517453409892929, -0.2907524834460574, -0.09820284759173152, 0.49579022262768746], [0.006147179249040929, 0.3018689080506091, -0.9533296253340778, 0.195663603366585], [0.3068273424785589, -0.9079306998456894, -0.28551501919384586, 0.14510841580090628], [0.0, 0.0, 0.0, 1.0]];[0.49579022262768746, 0.195663603366585, 0.14510841580090628];[0.08930393349951582, -0.7967322743923687, 0.5840294114479248, 0.1270910577769641];[-1.8754729678782132, -0.3118577875908812, 3.1351338946063]
