timestamp;T_cam_map;trans_cam_map;rot_quat_cam_map;rot_eul_cam_map;T_map_cam;trans_map_cam;rot_quat_map_cam;rot_eul_map_cam
1681734479.2852707;[[-0.949122161253352, 0.0014266959078233776, 0.3149048865237769, 0.42457210718425], [-0.2987503931376443, 0.3121230292313084, -0.9018466705729832, 0.20374229565172772], [-0.09957572805593327, -0.9500406197433132, -0.2958166581176125, 0.2701528626704792], [0.0, 0.0, 0.0, 1.0]];[0.42457210718425, 0.20374229565172772, 0.2701528626704792];[-0.09296702054082423, 0.7995407820433978, -0.5790471642932964, 0.12959958512698255];[-1.8726538068661547, 0.09974102093755352, -2.8366456724859317];[[-0.949122161253352, -0.2987503931376443, -0.09957572805593327, 0.4907395548901325], [0.0014266959078233776, 0.3121230292313084, -0.9500406197433132, 0.19245779528763843], [0.3149048865237769, -0.9018466705729832, -0.2958166581176125, 0.1299601967704774], [0.0, 0.0, 0.0, 1.0]];[0.4907395548901325, 0.19245779528763843, 0.1299601967704774];[0.09296702054082423, -0.7995407820433978, 0.5790471642932964, 0.12959958512698255];[-1.8877501884324461, -0.3203564404479503, 3.140089480561586]
