timestamp;T_cam_map;trans_cam_map;rot_quat_cam_map;rot_eul_cam_map;T_map_cam;trans_map_cam;rot_quat_map_cam;rot_eul_map_cam
1681734479.3852694;[[-0.945980308503961, -0.007381948447829412, 0.3241400357250931, 0.42167557362613967], [-0.3081756763526774, 0.33110957270174973, -0.8918487558828766, 0.18807097686753874], [-0.10074228718527724, -0.9435634359715189, -0.31549807268872626, 0.2570263444036944], [0.0, 0.0, 0.0, 1.0]];[0.42167557362613967, 0.18807097686753874, 0.2570263444036944];[-0.09799003965074166, 0.8050757656727776, -0.5699501432391882, 0.1319386140493587];[-1.893478415127966, 0.10091347589183794, -2.8266609650064205];[[-0.945980308503961, -0.3081756763526774, -0.10074228718527724, 0.4827491115280016], [-0.007381948447829412, 0.33110957270174973, -0.9435634359715189, 0.18336134721875444], [0.3241400357250931, -0.8918487558828766, -0.31549807268872626, 0.11214024752701003], [0.0, 0.0, 0.0, 1.0]];[0.4827491115280016, 0.18336134721875444, 0.11214024752701003];[0.09799003965074166, -0.8050757656727776, 0.5699501432391882, 0.1319386140493587];[-1.9108145420145208, -0.3301025419577577, -3.1337893213776855]
