timestamp;T_cam_map;trans_cam_map;rot_quat_cam_map;rot_eul_cam_map;T_map_cam;trans_map_cam;rot_quat_map_cam;rot_eul_map_cam
1681734479.485258;[[-0.9436757903564468, -0.012850601448208543, 0.33062193626188147, 0.42582702330496214], [-0.31508188976239326, 0.3399022633759662, -0.8861093917207147, 0.18109466502400415], [-0.10099210582464051, -0.9403729650486105, -0.32480652882414485, 0.2482293351009907], [0.0, 0.0, 0.0, 1.0]];[0.42582702330496214, 0.18109466502400415, 0.2482293351009907];[-0.10152398127010709, 0.8075247028042791, -0.5654571155614578, 0.13362255067481593];[-1.903368908953578, 0.1011645751635702, -2.8193431086399676];[[-0.9436757903564468, -0.31508188976239326, -0.10099210582464051, 0.4839715053333933], [-0.012850601448208543, 0.3399022633759662, -0.9403729650486105, 0.17734580269636138], [0.33062193626188147, -0.8861093917207147, -0.32480652882414485, 0.10030843719704521], [0.0, 0.0, 0.0, 1.0]];[0.4839715053333933, 0.17734580269636138, 0.10030843719704521];[0.10152398127010709, -0.8075247028042791, 0.5654571155614578, 0.13362255067481593];[-1.922141391760171, -0.3369624951859129, -3.1279758931162402]
