timestamp;T_cam_map;trans_cam_map;rot_quat_cam_map;rot_eul_cam_map;T_map_cam;trans_map_cam;rot_quat_map_cam;rot_eul_map_cam
1681734479.5852885;[[-0.9402781485643091, -0.01754371024417617, 0.3399547345799784, 0.41817829060728134], [-0.3240067317263665, 0.35237062253788914, -0.87798324708861, 0.1725468266920718], [-0.10438697777248632, -0.9356960845291216, -0.33701067678694924, 0.24887025609770275], [0.0, 0.0, 0.0, 1.0]];[0.41817829060728134, 0.1725468266920718, 0.24887025609770275];[-0.10531133092496636, 0.8108112369548703, -0.5592175000032347, 0.13700528930175543];[-1.9165033580266626, 0.1045774913459525, -2.809749071605722];[[-0.9402781485643091, -0.3240067317263665, -0.10438697777248632, 0.47508905613976], [-0.01754371024417617, 0.35237062253788914, -0.9356960845291216, 0.17940289020877667], [0.3399547345799784, -0.87798324708861, -0.33701067678694924, 0.09320346682306162], [0.0, 0.0, 0.0, 1.0]];[0.47508905613976, 0.17940289020877667, 0.09320346682306162];[0.10531133092496636, -0.8108112369548703, 0.5592175000032347, 0.13700528930175543];[-1.9373000677766528, -0.3468687650283178, -3.1229368176351118]
