timestamp;T_cam_map;trans_cam_map;rot_quat_cam_map;rot_eul_cam_map;T_map_cam;trans_map_cam;rot_quat_map_cam;rot_eul_map_cam
1681734479.6852643;[[-0.9330558112409403, -0.028061985607320872, 0.35863543895338307, 0.40611630215019645], [-0.3433453068223947, 0.36693703816585843, -0.8645641736187683, 0.16671940281969835], [-0.10733523835417175, -0.9298224212105463, -0.35200768687858397, 0.24865634861197541], [0.0, 0.0, 0.0, 1.0]];[0.40611630215019645, 0.16671940281969835, 0.24865634861197541];[-0.11403380800423346, 0.8142482017611986, -0.5509335454926705, 0.1430677637051183];[-1.9326977079761514, 0.10754241315961234, -2.788991201380868];[[-0.9330558112409403, -0.3433453068223947, -0.10733523835417175, 0.4628610887218424], [-0.028061985607320872, 0.36693703816585843, -0.9298224212105463, 0.18142715406615698], [0.35863543895338307, -0.8645641736187683, -0.35200768687858397, 0.08602087053984284], [0.0, 0.0, 0.0, 1.0]];[0.4628610887218424, 0.18142715406615698, 0.08602087053984284];[0.11403380800423346, -0.8142482017611986, 0.5509335454926705, 0.1430677637051183];[-1.9574516405551052, -0.3668056786211872, -3.111526360752061]
