timestamp;T_cam_map;trans_cam_map;rot_quat_cam_map;rot_eul_cam_map;T_map_cam;trans_map_cam;rot_quat_map_cam;rot_eul_map_cam
1681734479.7852576;[[-0.9271211579108017, -0.029510266632372772, 0.3735980496702592, 0.40586699613995597], [-0.3574464796201576, 0.3691522411537942, -0.85788031627861, 0.16719987178203227], [-0.11259828045441658, -0.9289002998247002, -0.3527971941842668, 0.2477770320505949], [0.0, 0.0, 0.0, 1.0]];[0.40586699613995597, 0.16719987178203227, 0.2477770320505949];[-0.11887366731079618, 0.8137982847808267, -0.5489015673535512, 0.1493602097771743];[-1.9337693704726207, 0.1128375753878935, -2.7736096724547643];[[-0.9271211579108017, -0.3574464796201576, -0.11259828045441658, 0.4639521527254796], [-0.029510266632372772, 0.3691522411537942, -0.9289002998247002, 0.18041519524587799], [0.3735980496702592, -0.85788031627861, -0.3527971941842668, 0.07922140239345374], [0.0, 0.0, 0.0, 1.0]];[0.4639521527254796, 0.18041519524587799, 0.07922140239345374];[0.11887366731079618, -0.8137982847808267, 0.5489015673535512, 0.1493602097771743];[-1.9609571341244747, -0.38288492467197055, -3.1097733963801146]
