timestamp;T_cam_map;trans_cam_map;rot_quat_cam_map;rot_eul_cam_map;T_map_cam;trans_map_cam;rot_quat_map_cam;rot_eul_map_cam
1681734479.8852968;[[-0.9104726102558489, -0.03038841770868464, 0.4124514153728456, 0.39115077776390766], [-0.3937766898242242, 0.36852874571697236, -0.8420964802986365, 0.17710482885724782], [-0.12641022318221665, -0.9291195335635979, -0.3475015796015676, 0.2465222786439225], [0.0, 0.0, 0.0, 1.0]];[0.39115077776390766, 0.17710482885724782, 0.2465222786439225];[-0.1308627368932293, 0.8103244621098373, -0.5464527163756506, 0.1662487262053126];[-1.9287002640308386, 0.12674933030141855, -2.7333891394090584];[[-0.9104726102558489, -0.3937766898242242, -0.12641022318221665, 0.45703475915637015], [-0.03038841770868464, 0.36852874571697236, -0.9291195335635979, 0.17566689732926247], [0.4124514153728456, -0.8420964802986365, -0.3475015796015676, 0.07347554234740855], [0.0, 0.0, 0.0, 1.0]];[0.45703475915637015, 0.17566689732926247, 0.07347554234740855];[0.1308627368932293, -0.8103244621098373, 0.5464527163756506, 0.1662487262053126];[-1.962170708238898, -0.42514339441804677, -3.1082285076036724]
