timestamp;T_cam_map;trans_cam_map;rot_quat_cam_map;rot_eul_cam_map;T_map_cam;trans_map_cam;rot_quat_map_cam;rot_eul_map_cam
1681734460.0852745;[[-0.005269094943507968, -0.0025967599115115925, 0.9999827465893794, -0.0002667763757607274], [-0.9999861177232221, 4.52950425768317e-05, -0.005268995084258543, -0.01756039481645098], [-3.161194587414373e-05, -0.9999966273874734, -0.0025969625264515295, 0.004843663087702859], [0.0, 0.0, 0.0, 1.0]];[-0.0002667763757607274, -0.01756039481645098, 0.004843663087702859];[-0.49932018098119335, 0.5019739416823686, -0.5006562786419639, 0.4980409716008858];[-1.5733932922417333, 3.161194587935327e-05, -1.5760654461226398];[[-0.005269094943507968, -0.9999861177232221, -3.161194587414373e-05, -0.017561403590627005], [-0.0025967599115115925, 4.52950425768317e-05, -0.9999966273874734, 0.004843749396537019], [0.9999827465893794, -0.005268995084258543, -0.0025969625264515295, 0.00018682495052237385], [0.0, 0.0, 0.0, 1.0]];[-0.017561403590627005, 0.004843749396537019, 0.00018682495052237385];[0.49932018098119335, -0.5019739416823686, 0.5006562786419639, 0.4980409716008858];[-2.0287287104926865, -1.5649220676527276, -2.6836987237179506]
