timestamp;T_cam_map;trans_cam_map;rot_quat_cam_map;rot_eul_cam_map;T_map_cam;trans_map_cam;rot_quat_map_cam;rot_eul_map_cam
1681734479.9852798;[[-0.8953349104700775, -0.027993125495867438, 0.4445129728348891, 0.38280892111623627], [-0.42261792780121465, 0.3684553149953881, -0.8280306564087206, 0.18592230706191853], [-0.14060400134614062, -0.9292239050824199, -0.3417213031533629, 0.24368064856404245], [0.0, 0.0, 0.0, 1.0]];[0.38280892111623627, 0.18592230706191853, 0.24368064856404245];[-0.13958069143679686, 0.8070798486858081, -0.5443248782485801, 0.1812450698446358];[-1.9231949854455697, 0.14107145007459854, -2.7005767611905243];[[-0.8953349104700775, -0.42261792780121465, -0.14060400134614062, 0.45557876549600834], [-0.027993125495867438, 0.3684553149953881, -0.9292239050824199, 0.16864583980827216], [0.4445129728348891, -0.8280306564087206, -0.3417213031533629, 0.06705670718497056], [0.0, 0.0, 0.0, 1.0]];[0.45557876549600834, 0.16864583980827216, 0.06705670718497056];[0.13958069143679686, -0.8070798486858081, 0.5443248782485801, 0.1812450698446358];[-1.9621956406042884, -0.4606304922396682, -3.1103372997475676]
