timestamp;T_cam_map;trans_cam_map;rot_quat_cam_map;rot_eul_cam_map;T_map_cam;trans_map_cam;rot_quat_map_cam;rot_eul_map_cam
1681734480.0853403;[[-0.8776902283134828, -0.0310414926441292, 0.47822200791834196, 0.3569721000891869], [-0.4541201287774184, 0.3726408711868009, -0.809267378411068, 0.1976333302373331], [-0.1530841982773113, -0.9274563099443371, -0.34115981794787376, 0.23454379837431277], [0.0, 0.0, 0.0, 1.0]];[0.3569721000891869, 0.1976333302373331, 0.23454379837431277];[-0.15068901622844805, 0.8049054164074433, -0.5394185617817597, 0.19608086656112345];[-1.9232790816865526, 0.15368850860813388, -2.664119258414389];[[-0.8776902283134828, -0.4541201287774184, -0.1530841982773113, 0.43896514674195686], [-0.0310414926441292, 0.3726408711868009, -0.9274563099443371, 0.15496381622445812], [0.47822200791834196, -0.809267378411068, -0.34115981794787376, 0.06924321212652049], [0.0, 0.0, 0.0, 1.0]];[0.43896514674195686, 0.15496381622445812, 0.06924321212652049];[0.15068901622844805, -0.8049054164074433, 0.5394185617817597, 0.19608086656112345];[-1.969754970016774, -0.49862909701624414, -3.106240135498345]
