timestamp;T_cam_map;trans_cam_map;rot_quat_cam_map;rot_eul_cam_map;T_map_cam;trans_map_cam;rot_quat_map_cam;rot_eul_map_cam
1681734480.1852696;[[-0.8744420195341045, -0.036720091865281024, 0.4837383480007782, 0.34670489711618435], [-0.46030154925313993, 0.37770868212196246, -0.8034044032769856, 0.2055551367796009], [-0.15321109042192702, -0.9251960799220322, -0.3471866579646004, 0.23375623755740618], [0.0, 0.0, 0.0, 1.0]];[0.34670489711618435, 0.2055551367796009, 0.23375623755740618];[-0.15413951173249954, 0.8061230302535506, -0.5360845734227813, 0.1975348099850109];[-1.9297926271613297, 0.15381691552836146, -2.657053018612764];[[-0.8744420195341045, -0.46030154925313993, -0.15321109042192702, 0.4336047263823287], [-0.036720091865281024, 0.37770868212196246, -0.9251960799220322, 0.15136143050126183], [0.4837383480007782, -0.8034044032769856, -0.3471866579646004, 0.07858649472610672], [0.0, 0.0, 0.0, 1.0]];[0.4336047263823287, 0.15136143050126183, 0.07858649472610672];[0.15413951173249954, -0.8061230302535506, 0.5360845734227813, 0.1975348099850109];[-1.9787026902692628, -0.5049210548094744, -3.0996247128353884]
