timestamp;T_cam_map;trans_cam_map;rot_quat_cam_map;rot_eul_cam_map;T_map_cam;trans_map_cam;rot_quat_map_cam;rot_eul_map_cam
1681734480.2852771;[[-0.8719058612492677, -0.04032011605597646, 0.4880107143909912, 0.3403188848902643], [-0.4645850466315657, 0.38302502612424777, -0.798406264885782, 0.211169384506097], [-0.15472848336850878, -0.9228575825140909, -0.35269388828094145, 0.22791017510077252], [0.0, 0.0, 0.0, 1.0]];[0.3403188848902643, 0.211169384506097, 0.22791017510077252];[-0.1563353774001794, 0.8074070806684904, -0.5329603519128038, 0.19901336424599653];[-1.935843270617597, 0.15535262106935932, -2.652020625747975];[[-0.8719058612492677, -0.4645850466315657, -0.15472848336850878, 0.43009636451515415], [-0.04032011605597646, 0.38302502612424777, -0.9228575825140909, 0.1431671711415889], [0.4880107143909912, -0.798406264885782, -0.35269388828094145, 0.08290222324078073], [0.0, 0.0, 0.0, 1.0]];[0.43009636451515415, 0.1431671711415889, 0.08290222324078073];[0.1563353774001794, -0.8074070806684904, 0.5329603519128038, 0.19901336424599653];[-1.9867662289182042, -0.509809195468906, -3.095381917466168]
