timestamp;T_cam_map;trans_cam_map;rot_quat_cam_map;rot_eul_cam_map;T_map_cam;trans_map_cam;rot_quat_map_cam;rot_eul_map_cam
1681734480.3852682;[[-0.8664321986255781, -0.04496963725832817, 0.4972654994162593, 0.3309463320425794], [-0.4725602962096246, 0.39537996066322145, -0.7876302769397718, 0.2231877193897571], [-0.16118936575071963, -0.9174161642519736, -0.36382079371316434, 0.22565280341374538], [0.0, 0.0, 0.0, 1.0]];[0.3309463320425794, 0.2231877193897571, 0.22565280341374538];[-0.15969395294152902, 0.8101902481827901, -0.5261253282843339, 0.2031790886905437];[-1.948343318108249, 0.1618956592323201, -2.6422806989657657];[[-0.8664321986255781, -0.4725602962096246, -0.16118936575071963, 0.42858504514603024], [-0.04496963725832817, 0.39537996066322145, -0.9174161642519736, 0.1336561141516357], [0.4972654994162593, -0.7876302769397718, -0.36382079371316434, 0.09331839419096752], [0.0, 0.0, 0.0, 1.0]];[0.42858504514603024, 0.1336561141516357, 0.09331839419096752];[0.15969395294152902, -0.8101902481827901, 0.5261253282843339, 0.2031790886905437];[-2.0035171453096416, -0.5204441139304549, -3.0897370988923316]
