timestamp;T_cam_map;trans_cam_map;rot_quat_cam_map;rot_eul_cam_map;T_map_cam;trans_map_cam;rot_quat_map_cam;rot_eul_map_cam
1681734480.48527;[[-0.8631260345560415, -0.047584412664402526, 0.5027416554682406, 0.3224588609731553], [-0.47737143323803854, 0.40160136452808526, -0.781557968891266, 0.22593322259466153], [-0.16471175792827963, -0.9145775350841306, -0.3693480325108175, 0.22748569579064554], [0.0, 0.0, 0.0, 1.0]];[0.3224588609731553, 0.22593322259466153, 0.22748569579064554];[-0.1617255649446702, 0.8114917485093339, -0.522536275658719, 0.20562544678445457];[-1.9546133978540807, 0.16546577070323512, -2.6363934369013946];[[-0.8631260345560415, -0.47737143323803854, -0.16471175792827963, 0.4236462731225349], [-0.047584412664402526, 0.40160136452808526, -0.9145775350841306, 0.1326622319447031], [0.5027416554682406, -0.781557968891266, -0.3693480325108175, 0.09848780313472391], [0.0, 0.0, 0.0, 1.0]];[0.4236462731225349, 0.1326622319447031, 0.09848780313472391];[0.1617255649446702, -0.8114917485093339, 0.522536275658719, 0.20562544678445457];[-2.012267647917445, -0.5267674704230321, -3.0865180875448828]
