timestamp;T_cam_map;trans_cam_map;rot_quat_cam_map;rot_eul_cam_map;T_map_cam;trans_map_cam;rot_quat_map_cam;rot_eul_map_cam
1681734480.5852523;[[-0.8614148457193636, -0.05027695961888226, 0.5054074503860884, 0.3086200738760943], [-0.47948853961948856, 0.40866284690859916, -0.7765857440940628, 0.23681475782546912], [-0.16749687742717861, -0.9112995692350788, -0.37613546916517265, 0.2214467599488243], [0.0, 0.0, 0.0, 1.0]];[0.3086200738760943, 0.23681475782546912, 0.2214467599488243];[-0.16283256472309984, 0.813359262840403, -0.5188006673197307, 0.2068287528512797];[-1.962242319636338, 0.1682901266322178, -2.633674200276413];[[-0.8614148457193636, -0.47948853961948856, -0.16749687742717861, 0.41649151652174554], [-0.05027695961888226, 0.40866284690859916, -0.9112995692350788, 0.12054342281878566], [0.5054074503860884, -0.7765857440940628, -0.37613546916517265, 0.11122206119112249], [0.0, 0.0, 0.0, 1.0]];[0.41649151652174554, 0.12054342281878566, 0.11122206119112249];[0.16283256472309984, -0.813359262840403, 0.5188006673197307, 0.2068287528512797];[-2.0218417324667595, -0.5298540978131151, -3.0832932335841883]
