timestamp;T_cam_map;trans_cam_map;rot_quat_cam_map;rot_eul_cam_map;T_map_cam;trans_map_cam;rot_quat_map_cam;rot_eul_map_cam
1681734480.6852508;[[-0.8602111656478045, -0.05299670453886485, 0.5071765962688597, 0.3074391799787462], [-0.4814024066923803, 0.41243892163152884, -0.7733989001506312, 0.24091095666885626], [-0.1681917754399117, -0.9094424034711832, -0.3802973066469555, 0.22084839374306334], [0.0, 0.0, 0.0, 1.0]];[0.3074391799787462, 0.24091095666885626, 0.22084839374306334];[-0.16404817841690755, 0.8143935464390494, -0.5165933936301644, 0.20732248390898717];[-1.96686375665398, 0.16899502468780842, -2.631383891804791];[[-0.8602111656478045, -0.4814024066923803, -0.1681917754399117, 0.417582613160972], [-0.05299670453886485, 0.41243892163152884, -0.9094424034711832, 0.11778110221572313], [0.5071765962688597, -0.7733989001506312, -0.3802973066469555, 0.11438236137841319], [0.0, 0.0, 0.0, 1.0]];[0.417582613160972, 0.11778110221572313, 0.11438236137841319];[0.16404817841690755, -0.8143935464390494, 0.5165933936301644, 0.20732248390898717];[-2.027799687470595, -0.5319056101871592, -3.0800614779762303]
