timestamp;T_cam_map;trans_cam_map;rot_quat_cam_map;rot_eul_cam_map;T_map_cam;trans_map_cam;rot_quat_map_cam;rot_eul_map_cam
1681734480.7852674;[[-0.8552418811268303, -0.05508227121877357, 0.5152933806716541, 0.299264099869834], [-0.488252178554099, 0.4189231096082297, -0.7655803278385276, 0.24659748403778947], [-0.1736984021337472, -0.9063494754417596, -0.38517462723111767, 0.21644660757606896], [0.0, 0.0, 0.0, 1.0]];[0.299264099869834, 0.24659748403778947, 0.21644660757606896];[-0.16659054332108533, 0.815374088680493, -0.5126266049200634, 0.2112502078403012];[-1.9726446389605152, 0.17458392468893733, -2.6228498636119317];[[-0.8552418811268303, -0.488252178554099, -0.1736984021337472, 0.41394138041704825], [-0.05508227121877357, 0.4189231096082297, -0.9063494754417596, 0.10935503071811427], [0.5152933806716541, -0.7655803278385276, -0.38517462723111767, 0.11795111432677305], [0.0, 0.0, 0.0, 1.0]];[0.41394138041704825, 0.10935503071811427, 0.11795111432677305];[0.16659054332108533, -0.815374088680493, 0.5126266049200634, 0.2112502078403012];[-2.036932496551061, -0.5413499430076469, -3.0772759967735275]
