timestamp;T_cam_map;trans_cam_map;rot_quat_cam_map;rot_eul_cam_map;T_map_cam;trans_map_cam;rot_quat_map_cam;rot_eul_map_cam
1681734480.8852916;[[-0.8538213126061323, -0.05805137269779598, 0.5173192479189644, 0.2961576347506087], [-0.49050492645015636, 0.4225299414391346, -0.7621504875781214, 0.24704163420186237], [-0.17433898952233276, -0.9044879693590971, -0.38923955351041717, 0.216762858170941], [0.0, 0.0, 0.0, 1.0]];[0.2961576347506087, 0.24704163420186237, 0.216762858170941];[-0.16799427033767422, 0.8163318576957052, -0.5104046967007113, 0.21181895295427722];[-1.9771833467259345, 0.17523443738571026, -2.620147794685786];[[-0.8538213126061323, -0.49050492645015636, -0.17433898952233276, 0.4118310567148977], [-0.05805137269779598, 0.4225299414391346, -0.9044879693590971, 0.10886926741937268], [0.5173192479189644, -0.7621504875781214, -0.38923955351041717, 0.11944753521649998], [0.0, 0.0, 0.0, 1.0]];[0.4118310567148977, 0.10886926741937268, 0.11944753521649998];[0.16799427033767422, -0.8163318576957052, 0.5104046967007113, 0.21181895295427722];[-2.042976926286417, -0.5437154950885069, -3.073707056529418]
