timestamp;T_cam_map;trans_cam_map;rot_quat_cam_map;rot_eul_cam_map;T_map_cam;trans_map_cam;rot_quat_map_cam;rot_eul_map_cam
1681734460.1852543;[[-0.013425470249767868, -0.011356947715685128, 0.999845376289332, -0.006133894229569356], [-0.999895254002181, 0.005559818792879562, -0.013362987648886826, -0.02310859675223464], [-0.005407196361013389, -0.9999200508808561, -0.011430401302662319, 0.006954963637825088], [0.0, 0.0, 0.0, 1.0]];[-0.006133894229569356, -0.02310859675223464, 0.006954963637825088];[-0.4981076972553262, 0.5075469658921501, -0.4991080169047142, 0.4951524884418055];[-1.5822271441312616, 0.005407222710422902, -1.5842223966731985];[[-0.013425470249767868, -0.999895254002181, -0.005407196361013389, -0.023150919779630505], [-0.011356947715685128, 0.005559818792879562, -0.9999200508808561, 0.00701322488904995], [0.999845376289332, -0.013362987648886826, -0.011430401302662319, 0.005903643916525283], [0.0, 0.0, 0.0, 1.0]];[-0.023150919779630505, 0.00701322488904995, 0.005903643916525283];[0.4981076972553262, -0.5075469658921501, 0.4991080169047142, 0.4951524884418055];[-2.27840413522337, -1.553210668116236, -2.4394688041983774]
