timestamp;T_cam_map;trans_cam_map;rot_quat_cam_map;rot_eul_cam_map;T_map_cam;trans_map_cam;rot_quat_map_cam;rot_eul_map_cam
1681734480.9852815;[[-0.8518231512279351, -0.06335988358803274, 0.5199835037612455, 0.29796785592800173], [-0.4933293368134341, 0.4308092302808885, -0.7556649869776987, 0.24810264367716822], [-0.17613484740768245, -0.9002160475444209, -0.39823056546700825, 0.21463972046365054], [0.0, 0.0, 0.0, 1.0]];[0.29796785592800173, 0.24810264367716822, 0.21463972046365054];[-0.16999866466989125, 0.8186670487713292, -0.5056637606849136, 0.21257675883427682];[-1.987288906497765, 0.1770585208764339, -2.6166486844008836];[[-0.8518231512279351, -0.4933293368134341, -0.17613484740768245, 0.4140177650796316], [-0.06335988358803274, 0.4308092302808885, -0.9002160475444209, 0.10521642051318637], [0.5199835037612455, -0.7556649869776987, -0.39823056546700825, 0.11802020852169172], [0.0, 0.0, 0.0, 1.0]];[0.4140177650796316, 0.10521642051318637, 0.11802020852169172];[0.16999866466989125, -0.8186670487713292, 0.5056637606849136, 0.21257675883427682];[-2.05580483951796, -0.5468316381305205, -3.0673478747287817]
