timestamp;T_cam_map;trans_cam_map;rot_quat_cam_map;rot_eul_cam_map;T_map_cam;trans_map_cam;rot_quat_map_cam;rot_eul_map_cam
1681734481.0852911;[[-0.849193824775797, -0.06496479923830717, 0.5240700552622519, 0.2932467064569835], [-0.49664844217845133, 0.4355251002767898, -0.7507717442143184, 0.2461341283434732], [-0.17947192773347811, -0.8978293055413255, -0.4021098920280507, 0.21188010061082727], [0.0, 0.0, 0.0, 1.0]];[0.2932467064569835, 0.2461341283434732, 0.21188010061082727];[-0.17131182604790018, 0.8195774547107548, -0.5028814056193956, 0.21460509282921403];[-1.9918766793873117, 0.1804496368918206, -2.6123895976758926];[[-0.849193824775797, -0.49664844217845133, -0.17947192773347811, 0.40929195377283656], [-0.06496479923830717, 0.4355251002767898, -0.8978293055413255, 0.10208528607338656], [0.5240700552622519, -0.7507717442143184, -0.4021098920280507, 0.11630781556822785], [0.0, 0.0, 0.0, 1.0]];[0.40929195377283656, 0.10208528607338656, 0.11630781556822785];[0.17131182604790018, -0.8195774547107548, 0.5028814056193956, 0.21460509282921403];[-2.062513122542574, -0.5516228450728295, -3.0652396412330187]
