timestamp;T_cam_map;trans_cam_map;rot_quat_cam_map;rot_eul_cam_map;T_map_cam;trans_map_cam;rot_quat_map_cam;rot_eul_map_cam
1681734481.1853282;[[-0.8473840510431249, -0.07237243326610568, 0.5260251904052564, 0.2922649440058404], [-0.49943031209730615, 0.44503496668945897, -0.7433123446991178, 0.23785540434956084], [-0.18030428002721008, -0.8925839508566439, -0.41326051986248835, 0.20646775799782158], [0.0, 0.0, 0.0, 1.0]];[0.2922649440058404, 0.23785540434956084, 0.20646775799782158];[-0.17381132164642266, 0.8224474964389932, -0.4972646590325863, 0.2147035140512643];[-2.0044029136834713, 0.18129579248187183, -2.6090193629319334];[[-0.8473840510431249, -0.49943031209730615, -0.18030428002721008, 0.4036798715125225], [-0.07237243326610568, 0.44503496668945897, -0.8925839508566439, 0.0995877603626792], [0.5260251904052564, -0.7433123446991178, -0.41326051986248835, 0.1083871084919971], [0.0, 0.0, 0.0, 1.0]];[0.4036798715125225, 0.0995877603626792, 0.1083871084919971];[0.17381132164642266, -0.8224474964389932, 0.4972646590325863, 0.2147035140512643];[-2.078212661136448, -0.553920105603272, -3.056392525364939]
