timestamp;T_cam_map;trans_cam_map;rot_quat_cam_map;rot_eul_cam_map;T_map_cam;trans_map_cam;rot_quat_map_cam;rot_eul_map_cam
1681734481.28527;[[-0.8463772043083797, -0.07525552239751487, 0.5272402055759859, 0.2883466444323566], [-0.5007127096771115, 0.4497600778498071, -0.7395962782088209, 0.23200374509787774], [-0.1814728916255412, -0.8899733022519339, -0.4183480738378653, 0.20137511503583636], [0.0, 0.0, 0.0, 1.0]];[0.2883466444323566, 0.23200374509787774, 0.20137511503583636];[-0.17479330055788625, 0.8237847649714174, -0.4945374234121993, 0.21507835764179176];[-2.0102130045750837, 0.18248400539854923, -2.607376058544535];[[-0.8463772043083797, -0.5007127096771115, -0.1814728916255412, 0.3967613750765361], [-0.07525552239751487, 0.4497600778498071, -0.8899733022519339, 0.09657213102146553], [0.5272402055759859, -0.7395962782088209, -0.4183480738378653, 0.10380605381135774], [0.0, 0.0, 0.0, 1.0]];[0.3967613750765361, 0.09657213102146553, 0.10380605381135774];[0.17479330055788625, -0.8237847649714174, 0.4945374234121993, 0.21507835764179176];[-2.085570772463803, -0.5553493792043648, -3.052910990469093]
