timestamp;T_cam_map;trans_cam_map;rot_quat_cam_map;rot_eul_cam_map;T_map_cam;trans_map_cam;rot_quat_map_cam;rot_eul_map_cam
1681734481.3852856;[[-0.8449005167759454, -0.0849941502633666, 0.5281279306879618, 0.29411547962610524], [-0.5036309233638729, 0.45912238223364227, -0.7318213792748597, 0.22237542297177895], [-0.1802748173855493, -0.8842978189236438, -0.4307184203902746, 0.19404957050009022], [0.0, 0.0, 0.0, 1.0]];[0.29411547962610524, 0.22237542297177895, 0.19404957050009022];[-0.17797157173316114, 0.8268526651405107, -0.48863578311254197, 0.2141865104689265];[-2.024049715491913, 0.18126583901009996, -2.6040582007444977];[[-0.8449005167759454, -0.5036309233638729, -0.1802748173855493, 0.3954757112182582], [-0.0849941502633666, 0.45912238223364227, -0.8842978189236438, 0.09449817328140599], [0.5281279306879618, -0.7318213792748597, -0.4307184203902746, 0.0909892136010153], [0.0, 0.0, 0.0, 1.0]];[0.3954757112182582, 0.09449817328140599, 0.0909892136010153];[0.17797157173316114, -0.8268526651405107, 0.48863578311254197, 0.2141865104689265];[-2.1027591878530676, -0.5563944494322974, -3.0413333067379256]
