timestamp;T_cam_map;trans_cam_map;rot_quat_cam_map;rot_eul_cam_map;T_map_cam;trans_map_cam;rot_quat_map_cam;rot_eul_map_cam
1681734481.4852734;[[-0.8423678200799024, -0.08970212802262262, 0.5313849677230685, 0.29858081117996016], [-0.5071838899206271, 0.46525979690894115, -0.7254638675945427, 0.21457647243390252], [-0.18215640943654646, -0.8806173116674826, -0.4374153551176746, 0.19016739436757402], [0.0, 0.0, 0.0, 1.0]];[0.29858081117996016, 0.21457647243390252, 0.19016739436757402];[-0.18013032652001665, 0.8284085604498722, -0.48468873208825647, 0.21533498421724484];[-2.0318120534461013, 0.18317910863622708, -2.5996354973720206];[[-0.8423678200799024, -0.5071838899206271, -0.18215640943654646, 0.3949848067557259], [-0.08970212802262262, 0.46525979690894115, -0.8806173116674826, 0.0944142277583118], [0.5313849677230685, -0.7254638675945427, -0.4374153551176746, 0.08018826121419723], [0.0, 0.0, 0.0, 1.0]];[0.3949848067557259, 0.0944142277583118, 0.08018826121419723];[0.18013032652001665, -0.8284085604498722, 0.48468873208825647, 0.21533498421724484];[-2.113379004443604, -0.5602346216878689, -3.0355043760791793]
