timestamp;T_cam_map;trans_cam_map;rot_quat_cam_map;rot_eul_cam_map;T_map_cam;trans_map_cam;rot_quat_map_cam;rot_eul_map_cam
1681734481.585283;[[-0.8333460213224372, -0.10519072154066522, 0.5426502748988694, 0.30709358906451806], [-0.5220429632503176, 0.47244445929427037, -0.7101178616278935, 0.19810093634637518], [-0.1816743054669312, -0.8750606521744072, -0.4486237864282382, 0.1818806659406797], [0.0, 0.0, 0.0, 1.0]];[0.30709358906451806, 0.19810093634637518, 0.1818806659406797];[-0.1889664691231825, 0.8298214065455509, -0.47756616703864413, 0.21821700869982336];[-2.0445343131557805, 0.1826888238643504, -2.581957053501212];[[-0.8333460213224372, -0.5220429632503176, -0.1816743054669312, 0.3923754641161038], [-0.10519072154066522, 0.47244445929427037, -0.8750606521744072, 0.09786832061232395], [0.5426502748988694, -0.7101178616278935, -0.4486237864282382, 0.05562658581162748], [0.0, 0.0, 0.0, 1.0]];[0.3923754641161038, 0.09786832061232395, 0.05562658581162748];[0.1889664691231825, -0.8298214065455509, 0.47756616703864413, 0.21821700869982336];[-2.134241727835838, -0.573589149444235, -3.0160297741230044]
