timestamp;T_cam_map;trans_cam_map;rot_quat_cam_map;rot_eul_cam_map;T_map_cam;trans_map_cam;rot_quat_map_cam;rot_eul_map_cam
1681734481.6853292;[[-0.8284301716739149, -0.11432302710189346, 0.5483007351213272, 0.3136395192967768], [-0.5304883459067387, 0.4742106596065588, -0.702642416291989, 0.1903221695843219], [-0.17968184526395667, -0.8729573275881085, -0.45349745169379657, 0.18246887787667276], [0.0, 0.0, 0.0, 1.0]];[0.3136395192967768, 0.1903221695843219, 0.18246887787667276];[-0.19420132621413982, 0.8300810627544563, -0.4745318904914504, 0.21925044825430084];[-2.049918461356338, 0.18066302324382383, -2.572028563171888];[[-0.8284301716739149, -0.5304883459067387, -0.17968184526395667, 0.39357847842704574], [-0.11432302710189346, 0.4742106596065588, -0.8729573275881085, 0.1048909616876788], [0.5483007351213272, -0.702642416291989, -0.45349745169379657, 0.04450882124763691], [0.0, 0.0, 0.0, 1.0]];[0.39357847842704574, 0.1048909616876788, 0.04450882124763691];[0.19420132621413982, -0.8300810627544563, 0.4745318904914504, 0.21925044825430084];[-2.143943096585703, -0.5803309512346008, -3.0044592006697357]
