timestamp;T_cam_map;trans_cam_map;rot_quat_cam_map;rot_eul_cam_map;T_map_cam;trans_map_cam;rot_quat_map_cam;rot_eul_map_cam
1681734481.7853193;[[-0.8153773319489288, -0.13345584994487383, 0.5633376808445687, 0.32566751644657743], [-0.5518607045484764, 0.473239955714595, -0.6866539937191853, 0.17308436484083894], [-0.17495590678541048, -0.8707660308204144, -0.4595181718388895, 0.17526906962559854], [0.0, 0.0, 0.0, 1.0]];[0.32566751644657743, 0.17308436484083894, 0.17526906962559854];[-0.20670080078180977, 0.8288750598706681, -0.46973907767915274, 0.22267939505417675];[-2.056371003071589, 0.17586098403534303, -2.5465962274488563];[[-0.8153773319489288, -0.5518607045484764, -0.17495590678541048, 0.3917247291978171], [-0.13345584994487383, 0.473239955714595, -0.8707660308204144, 0.11417015013811611], [0.5633376808445687, -0.6866539937191853, -0.4595181718388895, 0.01592760938114332], [0.0, 0.0, 0.0, 1.0]];[0.3917247291978171, 0.11417015013811611, 0.01592760938114332];[0.20670080078180977, -0.8288750598706681, 0.46973907767915274, 0.22267939505417675];[-2.160560100400916, -0.5984199297591314, -2.9793574276432766]
