timestamp;T_cam_map;trans_cam_map;rot_quat_cam_map;rot_eul_cam_map;T_map_cam;trans_map_cam;rot_quat_map_cam;rot_eul_map_cam
1681734481.8853226;[[-0.8077025491855647, -0.14417768250804391, 0.5716899403573146, 0.3360916672570266], [-0.5633822057103841, 0.47461653369077106, -0.6762689082282722, 0.16395652597456034], [-0.17383061389767496, -0.8683040606918562, -0.4645761249332456, 0.1759864315309836], [0.0, 0.0, 0.0, 1.0]];[0.3360916672570266, 0.16395652597456034, 0.1759864315309836];[-0.21345786589916851, 0.8286880003670833, -0.4659693902397313, 0.22490990394598045];[-2.0620802852705227, 0.1747181788298374, -2.5325384526516417];[[-0.8077025491855647, -0.5633822057103841, -0.17383061389767496, 0.3944241150783786], [-0.14417768250804391, 0.47461653369077106, -0.8683040606918562, 0.12345017278637838], [0.5716899403573146, -0.6762689082282722, -0.4645761249332456, 0.0004975700104506292], [0.0, 0.0, 0.0, 1.0]];[0.3944241150783786, 0.12345017278637838, 0.0004975700104506292];[0.21345786589916851, -0.8286880003670833, 0.4659693902397313, 0.22490990394598045];[-2.1727233615196115, -0.6085641036719319, -2.964949687081638]
