timestamp;T_cam_map;trans_cam_map;rot_quat_cam_map;rot_eul_cam_map;T_map_cam;trans_map_cam;rot_quat_map_cam;rot_eul_map_cam
1681734460.2852516;[[-0.009250880308570825, -0.01673032140858044, 0.9998172420793123, -0.008909619545491984], [-0.9998349393060094, 0.015790224988504298, -0.008986820225253545, -0.02936192679087378], [-0.015636986809008546, -0.9997353475497294, -0.016873633371532054, 0.0012787580632014426], [0.0, 0.0, 0.0, 1.0]];[-0.008909619545491984, -0.02936192679087378, 0.0012787580632014426];[-0.49795394568033524, 0.5103711244449002, -0.49411208797916856, 0.4974097182676474];[-1.5876728245812486, 0.015637624126370226, -1.5800484703020785];[[-0.009250880308570825, -0.9998349393060094, -0.015636986809008546, -0.029419506191904827], [-0.01673032140858044, 0.015790224988504298, -0.9997353475497294, 0.0015929902682463477], [0.9998172420793123, -0.008986820225253545, -0.016873633371532054, 0.008665698179142447], [0.0, 0.0, 0.0, 1.0]];[-0.029419506191904827, 0.0015929902682463477, 0.008665698179142447];[0.49795394568033524, -0.5103711244449002, 0.49411208797916856, 0.4974097182676474];[-2.6522099861413233, -1.5516775670180747, -2.0758946830759886]
