timestamp;T_cam_map;trans_cam_map;rot_quat_cam_map;rot_eul_cam_map;T_map_cam;trans_map_cam;rot_quat_map_cam;rot_eul_map_cam
1681734481.9853075;[[-0.7906722542763334, -0.15871866840857762, 0.5913085240516909, 0.3470249126014698], [-0.586372414443912, 0.4740858842924196, -0.6568180614857447, 0.14156483512691614], [-0.1760817364089707, -0.8660548242538012, -0.4679148036661367, 0.16989381751371818], [0.0, 0.0, 0.0, 1.0]];[0.3470249126014698, 0.14156483512691614, 0.16989381751371818];[-0.22536451866774837, 0.8265399177043552, -0.46061685985148676, 0.2321092557126651];[-2.0661487663148703, 0.17700456661571848, -2.503481201924908];[[-0.7906722542763334, -0.586372414443912, -0.1760817364089707, 0.38730788250334003], [-0.15871866840857762, 0.4740858842924196, -0.8660548242538012, 0.1351028022555042], [0.5913085240516909, -0.6568180614857447, -0.4679148036661367, -0.03272061603091012], [0.0, 0.0, 0.0, 1.0]];[0.38730788250334003, 0.1351028022555042, -0.03272061603091012];[0.22536451866774837, -0.8265399177043552, 0.46061685985148676, 0.2321092557126651];[-2.1897936431059657, -0.6326804596897952, -2.9434867264031928]
