timestamp;T_cam_map;trans_cam_map;rot_quat_cam_map;rot_eul_cam_map;T_map_cam;trans_map_cam;rot_quat_map_cam;rot_eul_map_cam
1681734482.085413;[[-0.7842100778196217, -0.1662428606768189, 0.5978108941129553, 0.35602645651703285], [-0.5951977627213049, 0.473833631897351, -0.649015648913429, 0.13133609422696582], [-0.17536868904595385, -0.8647803192470062, -0.4705324880870077, 0.1721792389443388], [0.0, 0.0, 0.0, 1.0]];[0.35602645651703285, 0.13133609422696582, 0.1721792389443388];[-0.2304825255686617, 0.8259201229241209, -0.4582150035287101, 0.23403582310766105];[-2.069103426860001, 0.17628024830411887, -2.492370693587499];[[-0.7842100778196217, -0.5951977627213049, -0.17536868904595385, 0.3875653320341097], [-0.1662428606768189, 0.473833631897351, -0.8647803192470062, 0.14585261530323854], [0.5978108941129553, -0.649015648913429, -0.4705324880870077, -0.046581388180437965], [0.0, 0.0, 0.0, 1.0]];[0.3875653320341097, 0.14585261530323854, -0.046581388180437965];[0.2304825255686617, -0.8259201229241209, 0.4582150035287101, 0.23403582310766105];[-2.198100623329009, -0.6407675252080002, -2.9326975142572347]
