timestamp;T_cam_map;trans_cam_map;rot_quat_cam_map;rot_eul_cam_map;T_map_cam;trans_map_cam;rot_quat_map_cam;rot_eul_map_cam
1681734482.1853712;[[-0.7703060504801286, -0.17366364633574694, 0.6135711258974615, 0.3702525603830671], [-0.6124893264439285, 0.46924418218179503, -0.6361342016279282, 0.11648074897832358], [-0.1774412961685323, -0.865823790057718, -0.46782876245921473, 0.17164540773255893], [0.0, 0.0, 0.0, 1.0]];[0.3702525603830671, 0.11648074897832358, 0.17164540773255893];[-0.23889251233415162, 0.8227057486004852, -0.45640801533253095, 0.24036917920276926];[-2.0661834375398147, 0.17838587700733202, -2.469831565559209];[[-0.7703060504801286, -0.6124893264439285, -0.1774412961685323, 0.38700798658369495], [-0.17366364633574694, 0.46924418218179503, -0.865823790057718, 0.15825617337601983], [0.6135711258974615, -0.6361342016279282, -0.46782876245921473, -0.07277823340297701], [0.0, 0.0, 0.0, 1.0]];[0.38700798658369495, 0.15825617337601983, -0.07277823340297701];[0.23889251233415162, -0.8227057486004852, 0.45640801533253095, 0.24036917920276926];[-2.2049037559477953, -0.6605751643431249, -2.919852224932899]
