timestamp;T_cam_map;trans_cam_map;rot_quat_cam_map;rot_eul_cam_map;T_map_cam;trans_map_cam;rot_quat_map_cam;rot_eul_map_cam
1681734482.2853577;[[-0.7617979333944362, -0.175917949093583, 0.6234715581826277, 0.3732531982935523], [-0.6222137578707228, 0.4665813694944488, -0.6286110603203527, 0.1076110278201475], [-0.18031624494858925, -0.8668071878032577, -0.4648992912236456, 0.1725905929925306], [0.0, 0.0, 0.0, 1.0]];[0.3732531982935523, 0.1076110278201475, 0.1725905929925306];[-0.2431666035533872, 0.8205605696888759, -0.45560873364004495, 0.24488984507139472];[-2.0630879087599454, 0.18130795677869085, -2.4567093740208934];[[-0.7617979333944362, -0.6222137578707228, -0.18031624494858925, 0.3824214647430601], [-0.175917949093583, 0.4665813694944488, -0.8668071878032577, 0.16505540295654464], [0.6234715581826277, -0.6286110603203527, -0.4648992912236456, -0.08483002648244825], [0.0, 0.0, 0.0, 1.0]];[0.3824214647430601, 0.16505540295654464, -0.08483002648244825];[0.2431666035533872, -0.8205605696888759, 0.45560873364004495, 0.24488984507139472];[-2.207586085275424, -0.6731750914487715, -2.914646214769844]
