timestamp;T_cam_map;trans_cam_map;rot_quat_cam_map;rot_eul_cam_map;T_map_cam;trans_map_cam;rot_quat_map_cam;rot_eul_map_cam
1681734482.3853312;[[-0.7464048203402766, -0.18230523905859508, 0.640034877162634, 0.379938578731668], [-0.6407342948332216, 0.4567502188417888, -0.6171213827218696, 0.09775514136192245], [-0.17983160900512926, -0.8707146704861279, -0.4577297838275981, 0.17085701376449275], [0.0, 0.0, 0.0, 1.0]];[0.379938578731668, 0.09775514136192245, 0.17085701376449275];[-0.2522770028389097, 0.8156109401868125, -0.45604956355392173, 0.2513044043953041];[-2.0547874951954843, 0.18081526686702246, -2.432226392121507];[[-0.7464048203402766, -0.6407342948332216, -0.17983160900512926, 0.3769485498604843], [-0.18230523905859508, 0.4567502188417888, -0.8707146704861279, 0.17338281965348573], [0.640034877162634, -0.6171213827218696, -0.4577297838275981, -0.10464080958657725], [0.0, 0.0, 0.0, 1.0]];[0.3769485498604843, 0.17338281965348573, -0.10464080958657725];[0.2522770028389097, -0.8156109401868125, 0.45604956355392173, 0.2513044043953041];[-2.2089755849720656, -0.6945436572987593, -2.90203826602964]
