timestamp;T_cam_map;trans_cam_map;rot_quat_cam_map;rot_eul_cam_map;T_map_cam;trans_map_cam;rot_quat_map_cam;rot_eul_map_cam
1681734482.4853525;[[-0.7397419658904307, -0.1884990000378963, 0.6459488763712448, 0.38495011836766196], [-0.6489716356871053, 0.4535328628924133, -0.6108549405138787, 0.09241838030839458], [-0.1778134977277134, -0.8710775334385134, -0.4578277959719264, 0.17423152570832567], [0.0, 0.0, 0.0, 1.0]];[0.38495011836766196, 0.09241838030839458, 0.17423152570832567];[-0.25717356356606824, 0.8141103464449353, -0.45507727558791894, 0.25296398015827076];[-2.054704074965157, 0.17876409303043175, -2.4214645316268326];[[-0.7397419658904307, -0.6489716356871053, -0.1778134977277134, 0.37572138176797354], [-0.1884990000378963, 0.4535328628924133, -0.8710775334385134, 0.18241710743286535], [0.6459488763712448, -0.6108549405138787, -0.4578277959719264, -0.11243583680902676], [0.0, 0.0, 0.0, 1.0]];[0.37572138176797354, 0.18241710743286535, -0.11243583680902676];[0.25717356356606824, -0.8141103464449353, 0.45507727558791894, 0.25296398015827076];[-2.2139689919364574, -0.702265622953425, -2.892085289309662]
