timestamp;T_cam_map;trans_cam_map;rot_quat_cam_map;rot_eul_cam_map;T_map_cam;trans_map_cam;rot_quat_map_cam;rot_eul_map_cam
1681734482.5852587;[[-0.7259982355840333, -0.198108224274196, 0.6585436154149518, 0.39499204848526454], [-0.6655720648106203, 0.4433593946582238, -0.6003717795766398, 0.08626532251251487], [-0.17303291153014397, -0.8741770865466668, -0.4537334381376174, 0.18090300496596085], [0.0, 0.0, 0.0, 1.0]];[0.39499204848526454, 0.08626532251251487, 0.18090300496596085];[-0.2666344913431872, 0.8097979791867651, -0.45522121072841937, 0.25672345088468895];[-2.049560161846218, 0.17390820195848078, -2.3995902386165224];[[-0.7259982355840333, -0.6655720648106203, -0.17303291153014397, 0.3754814927500457], [-0.198108224274196, 0.4433593946582238, -0.8741770865466668, 0.19814589398737867], [0.6585436154149518, -0.6003717795766398, -0.4537334381376174, -0.1262464840644208], [0.0, 0.0, 0.0, 1.0]];[0.3754814927500457, 0.19814589398737867, -0.1262464840644208];[0.2666344913431872, -0.8097979791867651, 0.45522121072841937, 0.25672345088468895];[-2.2179699042543874, -0.7188818327853669, -2.875201243399897]
