timestamp;T_cam_map;trans_cam_map;rot_quat_cam_map;rot_eul_cam_map;T_map_cam;trans_map_cam;rot_quat_map_cam;rot_eul_map_cam
1681734482.685261;[[-0.7188442836778035, -0.20082487458214826, 0.6655315661730932, 0.3990419139651921], [-0.673960606114138, 0.4360116389090012, -0.5963815491295408, 0.08361016045300029], [-0.17041125910575738, -0.8772475252087928, -0.4487725284429065, 0.1850939226116547], [0.0, 0.0, 0.0, 1.0]];[0.3990419139651921, 0.08361016045300029, 0.1850939226116547];[-0.27107038101575287, 0.8067881461433525, -0.4566344589291022, 0.2590341805574562];[-2.0436561430131928, 0.17124701795560576, -2.388408729744452];[[-0.7188442836778035, -0.673960606114138, -0.17041125910575738, 0.37474104162300814], [-0.20082487458214826, 0.4360116389090012, -0.8772475252087928, 0.20605572477878467], [0.6655315661730932, -0.5963815491295408, -0.4487725284429065, -0.13264636530618523], [0.0, 0.0, 0.0, 1.0]];[0.37474104162300814, 0.20605572477878467, -0.13264636530618523];[0.27107038101575287, -0.8067881461433525, 0.4566344589291022, 0.2590341805574562];[-2.215890605533204, -0.7282057942955487, -2.869166506580569]
