timestamp;T_cam_map;trans_cam_map;rot_quat_cam_map;rot_eul_cam_map;T_map_cam;trans_map_cam;rot_quat_map_cam;rot_eul_map_cam
1681734482.7852683;[[-0.7041782602776917, -0.2007165250667497, 0.6810622984113953, 0.4011196186838352], [-0.6894671737969149, 0.4224387424744974, -0.5883710777333129, 0.08087801671063855], [-0.1696113027152918, -0.8838882199812905, -0.43585963402169703, 0.1951359445313265], [0.0, 0.0, 0.0, 1.0]];[0.4011196186838352, 0.08087801671063855, 0.1951359445313265];[-0.27804794158090246, 0.8003868809478772, -0.4598586423515103, 0.2657070041300703];[-2.028921777038635, 0.1704352438277823, -2.3667499297327868];[[-0.7041782602776917, -0.6894671737969149, -0.1696113027152918, 0.37131971461035496], [-0.2007165250667497, 0.4224387424744974, -0.8838882199812905, 0.21882369099140753], [0.6810622984113953, -0.5883710777333129, -0.43585963402169703, -0.14054928221384183], [0.0, 0.0, 0.0, 1.0]];[0.37131971461035496, 0.21882369099140753, -0.14054928221384183];[0.27804794158090246, -0.8003868809478772, 0.4598586423515103, 0.2657070041300703];[-2.208377176192846, -0.7492124380983014, -2.8639197146474475]
