timestamp;T_cam_map;trans_cam_map;rot_quat_cam_map;rot_eul_cam_map;T_map_cam;trans_map_cam;rot_quat_map_cam;rot_eul_map_cam
1681734482.8852832;[[-0.6972233447328546, -0.20047653969556492, 0.6882505100551863, 0.40199999015948107], [-0.6970864316385811, 0.41352156059455414, -0.5857221403949443, 0.07866047217336929], [-0.1671828770685601, -0.8881492419380527, -0.42806636128051645, 0.19907835037698665], [0.0, 0.0, 0.0, 1.0]];[0.40199999015948107, 0.07866047217336929, 0.19907835037698665];[-0.28165646448870474, 0.7966823812862823, -0.46250281698001156, 0.2684361444464881];[-2.019920809813055, 0.16797163531120815, -2.3562926843642242];[[-0.6972233447328546, -0.6970864316385811, -0.1671828770685601, 0.3683994169579954], [-0.20047653969556492, 0.41352156059455414, -0.8881492419380527, 0.22487505174818648], [0.6882505100551863, -0.5857221403949443, -0.42806636128051645, -0.14538477308797548], [0.0, 0.0, 0.0, 1.0]];[0.3683994169579954, 0.22487505174818648, -0.14538477308797548];[0.28165646448870474, -0.7966823812862823, 0.46250281698001156, 0.2684361444464881];[-2.201918721038698, -0.7590747696511796, -2.8616099401016486]
