timestamp;T_cam_map;trans_cam_map;rot_quat_cam_map;rot_eul_cam_map;T_map_cam;trans_map_cam;rot_quat_map_cam;rot_eul_map_cam
1681734460.3852646;[[-0.006714345163173707, -0.02313367647605008, 0.9997098331924776, 0.0016677426505373432], [-0.999755391568045, 0.021223209183378, -0.006223537786790967, -0.011452372701766102], [-0.021073077602827783, -0.999507082718607, -0.02327051773564942, 0.0017601401585609848], [0.0, 0.0, 0.0, 1.0]];[0.0016677426505373432, -0.011452372701766102, 0.0017601401585609848];[-0.49883187633437626, 0.5126421929772756, -0.49046422352811486, 0.4978047675255218];[-1.594074115317412, 0.021074637584334564, -1.5775122137743383];[[-0.006714345163173707, -0.999755391568045, -0.021073077602827783, -0.011401281984885098], [-0.02313367647605008, 0.021223209183378, -0.999507082718607, 0.002040909675477589], [0.9997098331924776, -0.006223537786790967, -0.02327051773564942, -0.0016975736284575013], [0.0, 0.0, 0.0, 1.0]];[-0.011401281984885098, 0.002040909675477589, -0.0016975736284575013];[0.49883187633437626, -0.5126421929772756, 0.49046422352811486, 0.4978047675255218];[-2.8802655809426474, -1.5467056297769886, -1.853276188925506]
