timestamp;T_cam_map;trans_cam_map;rot_quat_cam_map;rot_eul_cam_map;T_map_cam;trans_map_cam;rot_quat_map_cam;rot_eul_map_cam
1681734482.9852884;[[-0.682633382051667, -0.19688938837845976, 0.7037373334225345, 0.40250100171626646], [-0.7118288768157803, 0.39694397666274717, -0.5794265523104285, 0.07347395948007615], [-0.16526135616013848, -0.8964764626776998, -0.4111187614607139, 0.2031571561470609], [0.0, 0.0, 0.0, 1.0]];[0.40250100171626646, 0.07347395948007615, 0.2031571561470609];[-0.28789816026952136, 0.7890969712549796, -0.46759240902954313, 0.27531429001704877];[-2.0007740310858138, 0.16602300538966322, -2.335260807850042];[[-0.682633382051667, -0.7118288768157803, -0.16526135616013848, 0.3606355332711699], [-0.19688938837845976, 0.39694397666274717, -0.8964764626776998, 0.23220873910283235], [0.7037373334225345, -0.5794265523104285, -0.4111187614607139, -0.15716050020450714], [0.0, 0.0, 0.0, 1.0]];[0.3606355332711699, 0.23220873910283235, -0.15716050020450714];[0.28789816026952136, -0.7890969712549796, 0.46759240902954313, 0.27531429001704877];[-2.1878876493915698, -0.7806443262292228, -2.860787504419339]
