timestamp;T_cam_map;trans_cam_map;rot_quat_cam_map;rot_eul_cam_map;T_map_cam;trans_map_cam;rot_quat_map_cam;rot_eul_map_cam
1681734483.0852768;[[-0.6711706509947203, -0.19555250525606155, 0.7150448761661059, 0.4034779668037903], [-0.7223452712868321, 0.38927057998887393, -0.571564278628991, 0.06973077488785055], [-0.1665751070624798, -0.9001264540292124, -0.40252341604423425, 0.20996953064035137], [0.0, 0.0, 0.0, 1.0]];[0.4034779668037903, 0.06973077488785055, 0.20996953064035137];[-0.2924389616059393, 0.7846917622588867, -0.46887542454302616, 0.28088098589523625];[-1.991307172663194, 0.16735522156144617, -2.3194876013401133];[[-0.6711706509947203, -0.7223452712868321, -0.1665751070624798, 0.35614796219140665], [-0.19555250525606155, 0.38927057998887393, -0.9001264540292124, 0.24075611710991363], [0.7150448761661059, -0.571564278628991, -0.40252341604423425, -0.1641315800233948], [0.0, 0.0, 0.0, 1.0]];[0.35614796219140665, 0.24075611710991363, -0.1641315800233948];[0.2924389616059393, -0.7846917622588867, 0.46887542454302616, 0.28088098589523625];[-2.184368098248227, -0.7966882977184269, -2.8580808835179097]
