timestamp;T_cam_map;trans_cam_map;rot_quat_cam_map;rot_eul_cam_map;T_map_cam;trans_map_cam;rot_quat_map_cam;rot_eul_map_cam
1681734483.1852825;[[-0.6417807676202172, -0.1859171443502008, 0.7440109285148111, 0.395653880163419], [-0.7467668750372909, 0.37228343138410236, -0.5511300037776183, 0.06296677093011661], [-0.17451842498671583, -0.9093073529635318, -0.3777611112682341, 0.2130119254446245], [0.0, 0.0, 0.0, 1.0]];[0.395653880163419, 0.06296677093011661, 0.2130119254446245];[-0.3015364456678141, 0.7732763591162854, -0.4721589311259189, 0.29696024670637783];[-1.9645403443345277, 0.17541666645745785, -2.2807294999414034];[[-0.6417807676202172, -0.7467668750372909, -0.17451842498671583, 0.33811905541385223], [-0.1859171443502008, 0.37228343138410236, -0.9093073529635318, 0.24381066408173555], [0.7440109285148111, -0.5511300037776183, -0.3777611112682341, -0.17920031238094605], [0.0, 0.0, 0.0, 1.0]];[0.33811905541385223, 0.24381066408173555, -0.17920031238094605];[0.3015364456678141, -0.7732763591162854, 0.4721589311259189, 0.29696024670637783];[-2.171676780699525, -0.8390533436964855, -2.8596216757482593]
