timestamp;T_cam_map;trans_cam_map;rot_quat_cam_map;rot_eul_cam_map;T_map_cam;trans_map_cam;rot_quat_map_cam;rot_eul_map_cam
1681734483.2853117;[[-0.6255622781439952, -0.1831593476058092, 0.7583696259396924, 0.3890523690439774], [-0.7598925508855416, 0.3632447715752973, -0.539088626323979, 0.058428697034123275], [-0.17673468044489532, -0.9135129387741722, -0.3664136507012481, 0.21493030678210856], [0.0, 0.0, 0.0, 1.0]];[0.3890523690439774, 0.058428697034123275, 0.21493030678210856];[-0.3072485154487958, 0.7673364158601722, -0.47326098927215887, 0.3046591713415394];[-1.9522540249494138, 0.17766791387667855, -2.259539086679529];[[-0.6255622781439952, -0.7598925508855416, -0.17673468044489532, 0.32576165701770654], [-0.1831593476058092, 0.3632447715752973, -0.9135129387741722, 0.24637627557114547], [0.7583696259396924, -0.539088626323979, -0.3664136507012481, -0.1847938552064352], [0.0, 0.0, 0.0, 1.0]];[0.32576165701770654, 0.24637627557114547, -0.1847938552064352];[0.3072485154487958, -0.7673364158601722, 0.47326098927215887, 0.3046591713415394];[-2.1677616113184612, -0.8608082163335035, -2.856762167751666]
