timestamp;T_cam_map;trans_cam_map;rot_quat_cam_map;rot_eul_cam_map;T_map_cam;trans_map_cam;rot_quat_map_cam;rot_eul_map_cam
1681734483.3852978;[[-0.5976370760473243, -0.18334242881048107, 0.7805225679834494, 0.3784485324448891], [-0.7818740671754596, 0.34878122401563083, -0.5167442315620593, 0.04388154881024218], [-0.17749047414469732, -0.9190958663665244, -0.3517952814007864, 0.22128341076056005], [0.0, 0.0, 0.0, 1.0]];[0.3784485324448891, 0.04388154881024218, 0.22128341076056005];[-0.31834610934399343, 0.7579930048265191, -0.47356640786454307, 0.3159702780988744];[-1.9363549060206688, 0.17843584817824765, -2.2234277473152764];[[-0.5976370760473243, -0.7818740671754596, -0.17749047414469732, 0.29976041690323457], [-0.18334242881048107, 0.34878122401563083, -0.9190958663665244, 0.25746128093798665], [0.7805225679834494, -0.5167442315620593, -0.3517952814007864, -0.19486562341591396], [0.0, 0.0, 0.0, 1.0]];[0.29976041690323457, 0.25746128093798665, -0.19486562341591396];[0.31834610934399343, -0.7579930048265191, 0.47356640786454307, 0.3159702780988744];[-2.168514284929529, -0.8955013196399965, -2.843928370799339]
