timestamp;T_cam_map;trans_cam_map;rot_quat_cam_map;rot_eul_cam_map;T_map_cam;trans_map_cam;rot_quat_map_cam;rot_eul_map_cam
1681734483.4852965;[[-0.5863064275391596, -0.1828216609112911, 0.7891900996134616, 0.3770298188006725], [-0.7898562297749381, 0.34538474016786647, -0.5067904079053746, 0.03737217804684667], [-0.1799219533908768, -0.9204811902265101, -0.3469041209429471, 0.22354787352659622], [0.0, 0.0, 0.0, 1.0]];[0.3770298188006725, 0.03737217804684667, 0.22354787352659622];[-0.3221850994521322, 0.7547508344894316, -0.47276251078854226, 0.3210039687004508];[-1.931207699422126, 0.18090710928064846, -2.2093480503077756];[[-0.5863064275391596, -0.7898562297749381, -0.1799219533908768, 0.29079482386860084], [-0.1828216609112911, 0.34538474016786647, -0.9204811902265101, 0.2617930503783713], [0.7891900996134616, -0.5067904079053746, -0.3469041209429471, -0.2010586603454654], [0.0, 0.0, 0.0, 1.0]];[0.29079482386860084, 0.2617930503783713, -0.2010586603454654];[0.3221850994521322, -0.7547508344894316, 0.47276251078854226, 0.3210039687004508];[-2.1710518617934937, -0.9094891417666474, -2.8393280431442407]
