timestamp;T_cam_map;trans_cam_map;rot_quat_cam_map;rot_eul_cam_map;T_map_cam;trans_map_cam;rot_quat_map_cam;rot_eul_map_cam
1681734483.5852702;[[-0.5527582682292045, -0.1849727288057223, 0.8125536206936845, 0.36621019856707177], [-0.8131095368100216, 0.33326487506067465, -0.4772707870793952, 0.01680136998805799], [-0.18251350101524894, -0.9245104718979434, -0.33461800504186723, 0.22983526476687308], [0.0, 0.0, 0.0, 1.0]];[0.36621019856707177, 0.01680136998805799, 0.22983526476687308];[-0.33488612308962146, 0.7450907911677185, -0.47033907665817615, 0.3338744531218296];[-1.918068921572062, 0.18354228839028924, -2.167841598217605];[[-0.5527582682292045, -0.8131095368100216, -0.18251350101524894, 0.25803510816594], [-0.1849727288057223, 0.33326487506067465, -0.9245104718979434, 0.274624702363929], [0.8125536206936845, -0.4772707870793952, -0.33461800504186723, -0.21263960191785433], [0.0, 0.0, 0.0, 1.0]];[0.25803510816594, 0.274624702363929, -0.21263960191785433];[0.33488612308962146, -0.7450907911677185, 0.47033907665817615, 0.3338744531218296];[-2.1822650198851807, -0.9485198240050363, -2.8186702993344186]
