timestamp;T_cam_map;trans_cam_map;rot_quat_cam_map;rot_eul_cam_map;T_map_cam;trans_map_cam;rot_quat_map_cam;rot_eul_map_cam
1681734483.685286;[[-0.5398620461932921, -0.18855726386086052, 0.8203628034749612, 0.362949988652245], [-0.8224531656765348, 0.32566113224365856, -0.46638569576523764, 0.011035454230977283], [-0.17921986873290086, -0.9264939207523621, -0.3308916037923562, 0.23564513272139606], [0.0, 0.0, 0.0, 1.0]];[0.362949988652245, 0.011035454230977283, 0.23564513272139606];[-0.34108958696924685, 0.7410153139830018, -0.46992268251204833, 0.33723414798104684];[-1.9138211457799457, 0.18019342366948074, -2.1516607386195243];[[-0.5398620461932921, -0.8224531656765348, -0.17921986873290086, 0.24725135756045455], [-0.18855726386086052, 0.32566113224365856, -0.9264939207523621, 0.2831668211801715], [0.8203628034749612, -0.46638569576523764, -0.3308916037923562, -0.21463089632031587], [0.0, 0.0, 0.0, 1.0]];[0.24725135756045455, 0.2831668211801715, -0.21463089632031587];[0.34108958696924685, -0.7410153139830018, 0.46992268251204833, 0.33723414798104684];[-2.1878568118441715, -0.9620451758508096, -2.805568899047426]
