timestamp;T_cam_map;trans_cam_map;rot_quat_cam_map;rot_eul_cam_map;T_map_cam;trans_map_cam;rot_quat_map_cam;rot_eul_map_cam
1681734483.785296;[[-0.5189965361357528, -0.18966939143772682, 0.8334675263204516, 0.35817561508416973], [-0.8366914791368059, 0.3122393839747846, -0.4499488146833051, -0.001884584034487824], [-0.17489986912217637, -0.9308770536685764, -0.320745922397084, 0.2376055772511548], [0.0, 0.0, 0.0, 1.0]];[0.35817561508416973, -0.001884584034487824, 0.2376055772511548];[-0.3498249570451437, 0.733481738441323, -0.4706408476120311, 0.3436920589139164];[-1.9026194333092892, 0.17580406881036453, -2.1260059735359276];[[-0.5189965361357528, -0.8366914791368059, -0.17489986912217637, 0.2258722725175297], [-0.18966939143772682, 0.3122393839747846, -0.9308770536685764, 0.2897049719856014], [0.8334675263204516, -0.4499488146833051, -0.320745922397084, -0.22316469020288485], [0.0, 0.0, 0.0, 1.0]];[0.2258722725175297, 0.2897049719856014, -0.22316469020288485];[0.3498249570451437, -0.733481738441323, 0.4706408476120311, 0.3436920589139164];[-2.190094358541824, -0.9853535920278073, -2.7912171770871037]
