timestamp;T_cam_map;trans_cam_map;rot_quat_cam_map;rot_eul_cam_map;T_map_cam;trans_map_cam;rot_quat_map_cam;rot_eul_map_cam
1681734483.885298;[[-0.50922770271389, -0.1899833949971903, 0.8394006530936677, 0.35576006989286574], [-0.8430500517952362, 0.3062522111801992, -0.4421268972990545, -0.008897422819173172], [-0.17307153710759055, -0.932800028287189, -0.3161176209429579, 0.24160290233909362], [0.0, 0.0, 0.0, 1.0]];[0.35576006989286574, -0.008897422819173172, 0.24160290233909362];[-0.35377878223858655, 0.729999577882934, -0.4708656577493025, 0.346737251937022];[-1.8975404971328726, 0.1739474192204976, -2.1141739509971966];[[-0.50922770271389, -0.8430500517952362, -0.17307153710759055, 0.2154764960178109], [-0.1899833949971903, 0.3062522111801992, -0.932800028287189, 0.2956805554310348], [0.8394006530936677, -0.4421268972990545, -0.3161176209429579, -0.22618409025737113], [0.0, 0.0, 0.0, 1.0]];[0.2154764960178109, 0.2956805554310348, -0.22618409025737113];[0.35377878223858655, -0.729999577882934, 0.4708656577493025, 0.346737251937022];[-2.191513970408065, -0.9961795540265498, -2.7845050851401254]
