timestamp;T_cam_map;trans_cam_map;rot_quat_cam_map;rot_eul_cam_map;T_map_cam;trans_map_cam;rot_quat_map_cam;rot_eul_map_cam
1681734460.4852622;[[0.006669152682892476, -0.02993535434133482, 0.9995295878376746, 0.01160607017886384], [-0.9997895340056113, 0.01919341671714747, 0.007245719257953753, 0.002399779151020659], [-0.019401291073931903, -0.9993675436570777, -0.02980105014062298, 0.0065096229749605355], [0.0, 0.0, 0.0, 1.0]];[0.01160607017886384, 0.002399779151020659, 0.0065096229749605355];[-0.504300700501786, 0.5104716726163359, -0.48588485787770164, 0.49901440842409983];[-1.6006074025496115, 0.019402508420446656, -1.5641258691224527];[[0.006669152682892476, -0.9997895340056113, -0.019401291073931903, 0.0024481665151628823], [-0.02993535434133482, 0.01919341671714747, -0.9993675436570777, 0.006806877784660017], [0.9995295878376746, 0.007245719257953753, -0.02980105014062298, -0.011424005067630935], [0.0, 0.0, 0.0, 1.0]];[0.0024481665151628823, 0.006806877784660017, -0.011424005067630935];[0.504300700501786, -0.5104716726163359, 0.48588485787770164, 0.49901440842409983];[2.903084233327404, -1.540122264520081, -1.351590999080756]
