timestamp;T_cam_map;trans_cam_map;rot_quat_cam_map;rot_eul_cam_map;T_map_cam;trans_map_cam;rot_quat_map_cam;rot_eul_map_cam
1681734483.9852898;[[-0.49859291825757684, -0.1844686883561315, 0.8469807582699631, 0.3500498222283391], [-0.8493633816618977, 0.29915882277558237, -0.4348400219016106, -0.020475831100055093], [-0.17316739807267068, -0.9362025965418468, -0.3058394194230774, 0.2463409103851042], [0.0, 0.0, 0.0, 1.0]];[0.3500498222283391, -0.020475831100055093, 0.2463409103851042];[-0.356401346234101, 0.7251881067102929, -0.4726506839249566, 0.3516839792679388];[-1.8865477060996059, 0.17404474979628168, -2.101616707821287];[[-0.49859291825757684, -0.8493633816618977, -0.17316739807267068, 0.19979915574513435], [-0.1844686883561315, 0.29915882277558237, -0.9362025965418468, 0.3013237570300198], [0.8469807582699631, -0.4348400219016106, -0.3058394194230774, -0.23004841369489346], [0.0, 0.0, 0.0, 1.0]];[0.19979915574513435, 0.3013237570300198, -0.23004841369489346];[0.356401346234101, -0.7251881067102929, 0.4726506839249566, 0.3516839792679388];[-2.183758906851392, -1.0102800486203372, -2.7872315956612668]
