timestamp;T_cam_map;trans_cam_map;rot_quat_cam_map;rot_eul_cam_map;T_map_cam;trans_map_cam;rot_quat_map_cam;rot_eul_map_cam
1681734484.0852683;[[-0.49818674112469563, -0.1793601385625705, 0.848315926799899, 0.35021333507992614], [-0.8497630855681462, 0.29549720526488044, -0.43655938895681645, -0.02844618289667758], [-0.17237363305697123, -0.9383556587858684, -0.2996264144752261, 0.2548077706402522], [0.0, 0.0, 0.0, 1.0]];[0.35021333507992614, -0.02844618289667758, 0.2548077706402522];[-0.3556481646535134, 0.7234138443631007, -0.4751481667292291, 0.35273362813352477];[-1.8798733057144672, 0.17323886596089347, -2.101055679684625];[[-0.49818674112469563, -0.8497630855681462, -0.17237363305697123, 0.19422126510737053], [-0.1793601385625705, 0.29549720526488044, -0.9383556587858684, 0.31032039333570965], [0.848315926799899, -0.43655938895681645, -0.2996264144752261, -0.23316285945217394], [0.0, 0.0, 0.0, 1.0]];[0.19422126510737053, 0.31032039333570965, -0.23316285945217394];[0.3556481646535134, -0.7234138443631007, 0.4751481667292291, 0.35273362813352477];[-2.1722928188160546, -1.0127965885721002, -2.7960141292301266]
