timestamp;T_cam_map;trans_cam_map;rot_quat_cam_map;rot_eul_cam_map;T_map_cam;trans_map_cam;rot_quat_map_cam;rot_eul_map_cam
1681734484.185314;[[-0.501798315186571, -0.1693203281980119, 0.8482505981930316, 0.34816723618230677], [-0.8472708341677163, 0.29366095059539404, -0.44260070002673013, -0.036243711242475454], [-0.17415678121928158, -0.9407942774880845, -0.2908187459587367, 0.2601371515555613], [0.0, 0.0, 0.0, 1.0]];[0.34816723618230677, -0.036243711242475454, 0.2601371515555613];[-0.35190889452270574, 0.7221976896495691, -0.4788837590252043, 0.35392226881410205];[-1.870599357117683, 0.17504939832147545, -2.1054996997253106];[[-0.501798315186571, -0.8472708341677163, -0.17415678121928158, 0.18930614205216945], [-0.1693203281980119, 0.29366095059539404, -0.9407942774880845, 0.3143306969402757], [0.8482505981930316, -0.44260070002673013, -0.2908187459587367, -0.2357217981376763], [0.0, 0.0, 0.0, 1.0]];[0.18930614205216945, 0.3143306969402757, -0.2357217981376763];[0.35190889452270574, -0.7221976896495691, 0.4788837590252043, 0.35392226881410205];[-2.1521242112487164, -1.012673220611218, -2.8161622846672434]
