timestamp;T_cam_map;trans_cam_map;rot_quat_cam_map;rot_eul_cam_map;T_map_cam;trans_map_cam;rot_quat_map_cam;rot_eul_map_cam
1681734484.2852726;[[-0.504151931439921, -0.16937269639043645, 0.8468433856049362, 0.34399233359028725], [-0.8471411310413663, 0.28760230277217025, -0.44680736289602463, -0.04866236938591636], [-0.16787713996656062, -0.9426546584818739, -0.28847783401687876, 0.27351115818180893], [0.0, 0.0, 0.0, 1.0]];[0.34399233359028725, -0.04866236938591636, 0.27351115818180893];[-0.3523931042900768, 0.7211504815620957, -0.48168241473269297, 0.3517714234113435];[-1.8677733211904202, 0.16867585092022971, -2.1076209999029394];[[-0.504151931439921, -0.8471411310413663, -0.16787713996656062, 0.17811677572383458], [-0.16937269639043645, 0.28760230277217025, -0.9426546584818739, 0.3300848859784199], [0.8468433856049362, -0.44680736289602463, -0.28847783401687876, -0.2341484308455989], [0.0, 0.0, 0.0, 1.0]];[0.17811677572383458, 0.3300848859784199, -0.2341484308455989];[0.3523931042900768, -0.7211504815620957, 0.48168241473269297, 0.3517714234113435];[-2.144102194333508, -1.0100216996402138, -2.8174838620714793]
