timestamp;T_cam_map;trans_cam_map;rot_quat_cam_map;rot_eul_cam_map;T_map_cam;trans_map_cam;rot_quat_map_cam;rot_eul_map_cam
1681734484.385305;[[-0.5159781539196865, -0.15408280058224932, 0.8426298328699044, 0.34368613131094955], [-0.8395428840521453, 0.2863015630708883, -0.4617349465013151, -0.06089396975279546], [-0.17010082455719733, -0.9456690253719305, -0.2770844707612908, 0.275290348201544], [0.0, 0.0, 0.0, 1.0]];[0.34368613131094955, -0.06089396975279546, 0.275290348201544];[-0.34453038827174454, 0.7210000325506002, -0.4880041291033068, 0.35115485842784205];[-1.8558221513386663, 0.17093198386317454, -2.121877772707478];[[-0.5159781539196865, -0.8395428840521453, -0.17010082455719733, 0.17303855179569733], [-0.15408280058224932, 0.2863015630708883, -0.9456690253719305, 0.3307237156335402], [0.8426298328699044, -0.4617349465013151, -0.2770844707612908, -0.24143838081519298], [0.0, 0.0, 0.0, 1.0]];[0.17303855179569733, 0.3307237156335402, -0.24143838081519298];[0.34453038827174454, -0.7210000325506002, 0.4880041291033068, 0.35115485842784205];[-2.1112851007214792, -1.0021484100958042, -2.851399895807985]
