timestamp;T_cam_map;trans_cam_map;rot_quat_cam_map;rot_eul_cam_map;T_map_cam;trans_map_cam;rot_quat_map_cam;rot_eul_map_cam
1681734484.4852898;[[-0.5196141535345471, -0.14729511494335512, 0.8416087455346457, 0.34671905173002926], [-0.8369636526214385, 0.2857423141683469, -0.4667367288786023, -0.06893376035592416], [-0.1717351904449298, -0.9469189400405621, -0.2717564081218733, 0.2730055887879184], [0.0, 0.0, 0.0, 1.0]];[0.34671905173002926, -0.06893376035592416, 0.2730055887879184];[-0.3414673997686233, 0.7206096161974191, -0.4904374147748943, 0.35155787308490416];[-1.8502751599828466, 0.1725907583986656, -2.1263931016212627];[[-0.5196141535345471, -0.8369636526214385, -0.1717351904449298, 0.16934974150559812], [-0.14729511494335512, 0.2857423141683469, -0.9469189400405621, 0.32928147754625897], [0.8416087455346457, -0.4667367288786023, -0.2717564081218733, -0.2497846857910954], [0.0, 0.0, 0.0, 1.0]];[0.16934974150559812, 0.32928147754625897, -0.2497846857910954];[0.3414673997686233, -0.7206096161974191, 0.4904374147748943, 0.35155787308490416];[-2.0980604202339252, -1.0002550203644163, -2.8653689662378334]
