timestamp;T_cam_map;trans_cam_map;rot_quat_cam_map;rot_eul_cam_map;T_map_cam;trans_map_cam;rot_quat_map_cam;rot_eul_map_cam
1681734484.585286;[[-0.5241118670287139, -0.1464942642088658, 0.8389554108494555, 0.3470859372600269], [-0.8353558189095427, 0.2802004257492693, -0.4729359123854897, -0.08325582147920405], [-0.16579326480180967, -0.9486976082840259, -0.2692312043254381, 0.27672261069425924], [0.0, 0.0, 0.0, 1.0]];[0.3470859372600269, -0.08325582147920405, 0.27672261069425924];[-0.34092481265942454, 0.719990190402519, -0.49362947565811116, 0.34887582117249016];[-1.8473163287958103, 0.1665623542443584, -2.1311278922153876];[[-0.5241118670287139, -0.8353558189095427, -0.16579326480180967, 0.15824236873749808], [-0.1464942642088658, 0.2802004257492693, -0.9486976082840259, 0.33670049454448586], [0.8389554108494555, -0.4729359123854897, -0.2692312043254381, -0.25606193124543036], [0.0, 0.0, 0.0, 1.0]];[0.15824236873749808, 0.33670049454448586, -0.25606193124543036];[0.34092481265942454, -0.719990190402519, 0.49362947565811116, 0.34887582117249016];[-2.0883184520626266, -0.9953608783446171, -2.8690388165033345]
