timestamp;T_cam_map;trans_cam_map;rot_quat_cam_map;rot_eul_cam_map;T_map_cam;trans_map_cam;rot_quat_map_cam;rot_eul_map_cam
1681734484.685297;[[-0.5364384456657578, -0.1480576587397654, 0.830850602515401, 0.3581101969794766], [-0.8289543144227838, 0.2771388958126779, -0.4858279294437304, -0.10614053378963823], [-0.15833047278258966, -0.9493539709277192, -0.2714009934989421, 0.27838990743010567], [0.0, 0.0, 0.0, 1.0]];[0.3581101969794766, -0.10614053378963823, 0.27838990743010567];[-0.33831333554136844, 0.7219727029080423, -0.49696543047634045, 0.3425271728812102];[-1.8492488753176244, 0.15899956749066688, -2.14514897948022];[[-0.5364384456657578, -0.8289543144227838, -0.15833047278258966, 0.14819602968598083], [-0.1480576587397654, 0.2771388958126779, -0.9493539709277192, 0.346727191756017], [0.830850602515401, -0.4858279294437304, -0.2714009934989421, -0.27354681123177005], [0.0, 0.0, 0.0, 1.0]];[0.14819602968598083, 0.346727191756017, -0.27354681123177005];[0.33831333554136844, -0.7219727029080423, 0.49696543047634045, 0.3425271728812102];[-2.0802457120870703, -0.9806344432453427, -2.8722958665364757]
