timestamp;T_cam_map;trans_cam_map;rot_quat_cam_map;rot_eul_cam_map;T_map_cam;trans_map_cam;rot_quat_map_cam;rot_eul_map_cam
1681734484.7852612;[[-0.5419399719066382, -0.1509067719718875, 0.8267576507192764, 0.36405772689853716], [-0.8263256390986017, 0.27507165678845136, -0.4914483917970879, -0.12266561387001906], [-0.15325470634900523, -0.9495065717543408, -0.2737704607462226, 0.28421039901800893], [0.0, 0.0, 0.0, 1.0]];[0.36405772689853716, -0.12266561387001906, 0.28421039901800893];[-0.33791967686535107, 0.7229768477346478, -0.49827147579707093, 0.3388809614509167];[-1.851511865408667, 0.153861052711043, -2.1512682165629404];[[-0.5419399719066382, -0.8263256390986017, -0.15325470634900523, 0.13949227375406048], [-0.1509067719718875, 0.27507165678845136, -0.9495065717543408, 0.35854025164440273], [0.8267576507192764, -0.4914483917970879, -0.2737704607462226, -0.2834629177940299], [0.0, 0.0, 0.0, 1.0]];[0.13949227375406048, 0.35854025164440273, -0.2834629177940299];[0.33791967686535107, -0.7229768477346478, 0.49827147579707093, 0.3388809614509167];[-2.0790502722021458, -0.9733194533739641, -2.870015700537061]
