timestamp;T_cam_map;trans_cam_map;rot_quat_cam_map;rot_eul_cam_map;T_map_cam;trans_map_cam;rot_quat_map_cam;rot_eul_map_cam
1681734484.8852623;[[-0.5554522913315062, -0.1449208891686969, 0.8188227451268888, 0.3733537279732661], [-0.8178201172743762, 0.27339456453050426, -0.5063849009069105, -0.14391466350156967], [-0.1504759377306059, -0.95092236695102, -0.27037685588149846, 0.28516093813167936], [0.0, 0.0, 0.0, 1.0]];[0.3733537279732661, -0.14391466350156967, 0.28516093813167936];[-0.3322386190750136, 0.7244349024832233, -0.5029117395029429, 0.3345016507124814];[-1.847816776585474, 0.1510496744873055, -2.167416420317746];[[-0.5554522913315062, -0.8178201172743762, -0.1504759377306059, 0.13259373626705823], [-0.1449208891686969, 0.27339456453050426, -0.95092236695102, 0.36461815524004904], [0.8188227451268888, -0.5063849009069105, -0.27037685588149846, -0.30148581918645917], [0.0, 0.0, 0.0, 1.0]];[0.13259373626705823, 0.36461815524004904, -0.30148581918645917];[0.3322386190750136, -0.7244349024832233, 0.5029117395029429, 0.3345016507124814];[-2.0612223209265728, -0.9593572081686422, -2.8863760595719623]
