timestamp;T_cam_map;trans_cam_map;rot_quat_cam_map;rot_eul_cam_map;T_map_cam;trans_map_cam;rot_quat_map_cam;rot_eul_map_cam
1681734460.585255;[[0.021450265244880445, -0.03310890513979525, 0.9992215402609019, 0.017157495895946798], [-0.9996658091525674, 0.013712737644261924, 0.021914169791329707, 0.012143589755335575], [-0.014427616998931525, -0.9993576743222341, -0.03280369858702603, 0.012000346820942942], [0.0, 0.0, 0.0, 1.0]];[0.017157495895946798, 0.012143589755335575, 0.012000346820942942];[-0.5100346130871033, 0.50622775777964, -0.482709358342013, 0.5005894785905204];[-1.603609327998595, 0.014428117578647709, -1.5493421829172498];[[0.021450265244880445, -0.9996658091525674, -0.014427616998931525, 0.011944635048665263], [-0.03310890513979525, 0.013712737644261924, -0.9993576743222341, 0.012394182733718615], [0.9992215402609019, 0.021914169791329707, -0.03280369858702603, -0.01701660040388874], [0.0, 0.0, 0.0, 1.0]];[0.011944635048665263, 0.012394182733718615, -0.01701660040388874];[0.5100346130871033, -0.50622775777964, 0.482709358342013, 0.5005894785905204];[2.5526401576373985, -1.5313359476786785, -0.9959199516590448]
