timestamp;T_cam_map;trans_cam_map;rot_quat_cam_map;rot_eul_cam_map;T_map_cam;trans_map_cam;rot_quat_map_cam;rot_eul_map_cam
1681734484.9852912;[[-0.5590437010435607, -0.14492463850618664, 0.8163742949636332, 0.3757215178896818], [-0.8155978342682478, 0.27333346428454236, -0.50998920580651, -0.15268723491984676], [-0.14923241290169503, -0.9509393600309445, -0.2710055727904429, 0.2883443481618727], [0.0, 0.0, 0.0, 1.0]];[0.3757215178896818, -0.15268723491984676, 0.2883443481618727];[-0.33114513716131333, 0.7251521802557285, -0.50366275025273, 0.3328979537525497];[-1.84842367191059, 0.1497919474550787, -2.1716837626107384];[[-0.5590437010435607, -0.8155978342682478, -0.14923241290169503, 0.12854369262448057], [-0.14492463850618664, 0.27333346428454236, -0.9509393600309445, 0.37038382594141844], [0.8163742949636332, -0.50998920580651, -0.2710055727904429, -0.30645530570892454], [0.0, 0.0, 0.0, 1.0]];[0.12854369262448057, 0.37038382594141844, -0.30645530570892454];[0.33114513716131333, -0.7251521802557285, 0.50366275025273, 0.3328979537525497];[-2.059243139650189, -0.9551048443324881, -2.887939705566426]
