timestamp;T_cam_map;trans_cam_map;rot_quat_cam_map;rot_eul_cam_map;T_map_cam;trans_map_cam;rot_quat_map_cam;rot_eul_map_cam
1681734485.0852864;[[-0.5817240662372716, -0.14093678284773514, 0.8010829757277986, 0.3478185391701692], [-0.8002388738295135, 0.2755286223334926, -0.5326365769331651, -0.15796012155585942], [-0.14565320309710467, -0.9509052537006712, -0.2730647229358191, 0.26172780710650767], [0.0, 0.0, 0.0, 1.0]];[0.3478185391701692, -0.15796012155585942, 0.26172780710650767];[-0.322417444613755, 0.7297803456360318, -0.5082151908807824, 0.3243223061864548];[-1.8504347699180534, 0.14617318459943165, -2.1993736647866076];[[-0.5817240662372716, -0.8002388738295135, -0.14565320309710467, 0.1140500785795885], [-0.14093678284773514, 0.2755286223334926, -0.9509052537006712, 0.3414213074184937], [0.8010829757277986, -0.5326365769331651, -0.2730647229358191, -0.29129821767705677], [0.0, 0.0, 0.0, 1.0]];[0.1140500785795885, 0.3414213074184937, -0.29129821767705677];[0.322417444613755, -0.7297803456360318, 0.5082151908807824, 0.3243223061864548];[-2.044525404794495, -0.9291023556953897, -2.903898363648814]
