timestamp;T_cam_map;trans_cam_map;rot_quat_cam_map;rot_eul_cam_map;T_map_cam;trans_map_cam;rot_quat_map_cam;rot_eul_map_cam
1681734485.1853313;[[-0.5884709797660537, -0.1336285509837128, 0.7973990947669647, 0.352080220342893], [-0.7951237213863924, 0.27442707546207323, -0.5408031508247606, -0.16578854901475726], [-0.14656116014086357, -0.952277895687665, -0.2677436007131399, 0.2599700804461708], [0.0, 0.0, 0.0, 1.0]];[0.352080220342893, -0.16578854901475726, 0.2599700804461708];[-0.31813737028405403, 0.729835881541403, -0.5114441082833101, 0.3233467546546895];[-1.8448814900300488, 0.1470909908709659, -2.2079311989280903];[[-0.5884709797660537, -0.7951237213863924, -0.14656116014086357, 0.11346810075767062], [-0.1336285509837128, 0.27442707546207323, -0.952277895687665, 0.3401085974747], [0.7973990947669647, -0.5408031508247606, -0.2677436007131399, -0.30080209324827983], [0.0, 0.0, 0.0, 1.0]];[0.11346810075767062, 0.3401085974747, -0.30080209324827983];[0.31813737028405403, -0.729835881541403, 0.5114441082833101, 0.3233467546546895];[-2.0305043187349736, -0.9229728178962845, -2.918301646952058]
