timestamp;T_cam_map;trans_cam_map;rot_quat_cam_map;rot_eul_cam_map;T_map_cam;trans_map_cam;rot_quat_map_cam;rot_eul_map_cam
1681734485.2852902;[[-0.592557948314026, -0.11730408890770916, 0.796940919149848, 0.3567849040324064], [-0.7907571349223675, 0.2732991694342296, -0.5477323411630255, -0.18227685586898149], [-0.15355204804638972, -0.9547498702341324, -0.2547046403752132, 0.2544488505657354], [0.0, 0.0, 0.0, 1.0]];[0.3567849040324064, -0.18227685586898149, 0.2544488505657354];[-0.31178819839233723, 0.7281074368050826, -0.5158861644065926, 0.3263573887416181];[-1.8315010730316668, 0.15416195600562826, -2.213884617483314];[[-0.592557948314026, -0.7907571349223675, -0.15355204804638972, 0.10635014854066475], [-0.11730408890770916, 0.2732991694342296, -0.9547498702341324, 0.33460344847848145], [0.796940919149848, -0.5477323411630255, -0.2547046403752132, -0.319366115386097], [0.0, 0.0, 0.0, 1.0]];[0.10635014854066475, 0.33460344847848145, -0.319366115386097];[0.31178819839233723, -0.7281074368050826, 0.5158861644065926, 0.3263573887416181];[-2.0060676624334377, -0.9222139409328837, -2.9461572600125114]
