timestamp;T_cam_map;trans_cam_map;rot_quat_cam_map;rot_eul_cam_map;T_map_cam;trans_map_cam;rot_quat_map_cam;rot_eul_map_cam
1681734485.3853166;[[-0.5875585828379777, -0.11077547427311651, 0.8015632888506019, 0.3616619055516871], [-0.7947596831372898, 0.26519021885375355, -0.5459223331975098, -0.1963995643081447], [-0.15209193861918507, -0.9578115378945193, -0.24385467000488964, 0.26207702191821636], [0.0, 0.0, 0.0, 1.0]];[0.3616619055516871, -0.1963995643081447, 0.26207702191821636];[-0.3126922881656815, 0.7239826433859828, -0.5192575695113492, 0.3293087328066499];[-1.8200956272097568, 0.15268449174458015, -2.2074082922356233];[[-0.5875585828379777, -0.7947596831372898, -0.15209193861918507, 0.09626690352567308], [-0.11077547427311651, 0.26519021885375355, -0.9578115378945193, 0.34316690796596844], [0.8015632888506019, -0.5459223331975098, -0.24385467000488964, -0.3332051091563319], [0.0, 0.0, 0.0, 1.0]];[0.09626690352567308, 0.34316690796596844, -0.3332051091563319];[0.3126922881656815, -0.7239826433859828, 0.5192575695113492, 0.3293087328066499];[-1.990889090439673, -0.9299052438700772, -2.9552448502186355]
