timestamp;T_cam_map;trans_cam_map;rot_quat_cam_map;rot_eul_cam_map;T_map_cam;trans_map_cam;rot_quat_map_cam;rot_eul_map_cam
1681734485.4852645;[[-0.5891468594382402, -0.1134810438140963, 0.8000175190012543, 0.36198995189640076], [-0.7951741994473648, 0.2573083232833374, -0.549081432305228, -0.20345637653807713], [-0.14354083233457182, -0.9596428916341648, -0.24182958873702287, 0.2726013657513088], [0.0, 0.0, 0.0, 1.0]];[0.36198995189640076, -0.20345637653807713, 0.2726013657513088];[-0.31439402269105154, 0.7225449417611683, -0.5220174679591384, 0.326470471523871];[-1.8176560437615643, 0.1440383779321993, -2.20844981484129];[[-0.5891468594382402, -0.7951741994473648, -0.14354083233457182, 0.09061140890732094], [-0.1134810438140963, 0.2573083232833374, -0.9596428916341648, 0.3550299795927425], [0.8000175190012543, -0.549081432305228, -0.24182958873702287, -0.33538934569191137], [0.0, 0.0, 0.0, 1.0]];[0.09061140890732094, 0.3550299795927425, -0.33538934569191137];[0.31439402269105154, -0.7225449417611683, 0.5220174679591384, 0.326470471523871];[-1.9856598197542228, -0.9273244169054242, -2.9513039077132586]
