timestamp;T_cam_map;trans_cam_map;rot_quat_cam_map;rot_eul_cam_map;T_map_cam;trans_map_cam;rot_quat_map_cam;rot_eul_map_cam
1681734485.5853233;[[-0.5910296250823177, -0.10066965486085555, 0.8003434280765049, 0.35687981686532627], [-0.7928739441566922, 0.25508422402218334, -0.5534283579040846, -0.22321123467396647], [-0.14844154052173503, -0.96166400538088, -0.23058067959466436, 0.2709050033401629], [0.0, 0.0, 0.0, 1.0]];[0.35687981686532627, -0.22321123467396647, 0.2709050033401629];[-0.3100269466071311, 0.7205370442765532, -0.5256816340394324, 0.32919368134321836];[-1.8061262819807884, 0.14899216689424882, -2.2113642689889788];[[-0.5910296250823177, -0.7928739441566922, -0.14844154052173503, 0.07416172837618673], [-0.10066965486085555, 0.25508422402218334, -0.96166400538088, 0.35338422317030177], [0.8003434280765049, -0.5534283579040846, -0.23058067959466436, -0.34669238333689756], [0.0, 0.0, 0.0, 1.0]];[0.07416172837618673, 0.35338422317030177, -0.34669238333689756];[0.3100269466071311, -0.7205370442765532, 0.5256816340394324, 0.32919368134321836];[-1.9655651686641427, -0.9278678167399479, -2.9728824755903305]
