timestamp;T_cam_map;trans_cam_map;rot_quat_cam_map;rot_eul_cam_map;T_map_cam;trans_map_cam;rot_quat_map_cam;rot_eul_map_cam
1681734485.6852362;[[-0.5881540417183856, -0.09700750662689245, 0.8029099369595329, 0.34342349630797475], [-0.7949708320651052, 0.25181862705289815, -0.5519137208250107, -0.23756459272856945], [-0.14864790404187345, -0.9629002662411237, -0.22522628154087868, 0.27445816147644647], [0.0, 0.0, 0.0, 1.0]];[0.34342349630797475, -0.23756459272856945, 0.27445816147644647];[-0.3103440078242189, 0.7185400041598524, -0.5270458075738316, 0.3310733694340403];[-1.8005694497304083, 0.14920084556041327, -2.20776555582528];[[-0.5881540417183856, -0.7949708320651052, -0.14864790404187345, 0.053926625874615525], [-0.09700750662689245, 0.25181862705289815, -0.9629002662411237, 0.3574136834289355], [0.8029099369595329, -0.5519137208250107, -0.22522628154087868, -0.34503810493227544], [0.0, 0.0, 0.0, 1.0]];[0.053926625874615525, 0.3574136834289355, -0.34503810493227544];[0.3103440078242189, -0.7185400041598524, 0.5270458075738316, 0.3310733694340403];[-1.9582508223069317, -0.932160915443309, -2.978128783442996]
