timestamp;T_cam_map;trans_cam_map;rot_quat_cam_map;rot_eul_cam_map;T_map_cam;trans_map_cam;rot_quat_map_cam;rot_eul_map_cam
1681734485.7852724;[[-0.5877598142746038, -0.09259374235431528, 0.8037193537552189, 0.3388524415096332], [-0.7955458034345676, 0.2468025788246204, -0.5533492222124885, -0.24619135660153896], [-0.14712333384454135, -0.9646319950957154, -0.21872320104672918, 0.2764429295555317], [0.0, 0.0, 0.0, 1.0]];[0.3388524415096332, -0.24619135660153896, 0.2764429295555317];[-0.30990353658336395, 0.7164645131033975, -0.5296777403297346, 0.33178289720210413];[-1.7937688145852995, 0.14765932537211104, -2.2070994157308994];[[-0.5877598142746038, -0.7955458034345676, -0.14712333384454135, 0.043978552915942076], [-0.09259374235431528, 0.2468025788246204, -0.9646319950957154, 0.35880197202612213], [0.8037193537552189, -0.5533492222124885, -0.21872320104672918, -0.34810757854027824], [0.0, 0.0, 0.0, 1.0]];[0.043978552915942076, 0.35880197202612213, -0.34810757854027824];[0.30990353658336395, -0.7164645131033975, 0.5296777403297346, 0.33178289720210413];[-1.9472198136181136, -0.9335200130925743, -2.9853401223375466]
