timestamp;T_cam_map;trans_cam_map;rot_quat_cam_map;rot_eul_cam_map;T_map_cam;trans_map_cam;rot_quat_map_cam;rot_eul_map_cam
1681734485.8852496;[[-0.584163585058535, -0.08924674071287642, 0.8067142772777042, 0.327967234306753], [-0.8000420217662653, 0.2307150162023312, -0.5538080395831257, -0.267220100577976], [-0.1366955350393958, -0.9689198112180837, -0.20617645386757105, 0.27948343052590274], [0.0, 0.0, 0.0, 1.0]];[0.327967234306753, -0.267220100577976, 0.27948343052590274];[-0.3127690252433515, 0.7108190795006204, -0.5355539456928295, 0.3318037738167791];[-1.780459181002853, 0.13712486288041423, -2.201482450238973];[[-0.584163585058535, -0.8000420217662653, -0.1366955350393958, 0.016003342921760783], [-0.08924674071287642, 0.2307150162023312, -0.9689198112180837, 0.3617187293006704], [0.8067142772777042, -0.5538080395831257, -0.20617645386757105, -0.35494158781226004], [0.0, 0.0, 0.0, 1.0]];[0.016003342921760783, 0.3617187293006704, -0.35494158781226004];[0.3127690252433515, -0.7108190795006204, 0.5355539456928295, 0.3318037738167791];[-1.927187816993418, -0.9385706754446437, -2.98998795851059]
