timestamp;T_cam_map;trans_cam_map;rot_quat_cam_map;rot_eul_cam_map;T_map_cam;trans_map_cam;rot_quat_map_cam;rot_eul_map_cam
1681734460.6852298;[[0.03256726915218755, -0.02876734878913817, 0.9990554602341222, 0.013582137208099821], [-0.9994049100925302, 0.010430569284187063, 0.03287900405045685, 0.018381684067150413], [-0.011366558974076346, -0.9995317117871011, -0.028410534472920357, 0.015859548938173273], [0.0, 0.0, 0.0, 1.0]];[0.013582137208099821, 0.018381684067150413, 0.015859548938173273];[-0.5124810324150838, 0.5015660062755748, -0.4818172960497332, 0.5036336227763825];[-1.599212520844605, 0.011366803745677657, -1.53822119279456];[[0.03256726915218755, -0.9994049100925302, -0.011366558974076346, 0.018108680692669615], [-0.02876734878913817, 0.010430569284187063, -0.9995317117871011, 0.016051112747488515], [0.9990554602341222, 0.03287900405045685, -0.028410534472920357, -0.013723101542466271], [0.0, 0.0, 0.0, 1.0]];[0.018108680692669615, 0.016051112747488515, -0.013723101542466271];[0.5124810324150838, -0.5015660062755748, 0.4818172960497332, 0.5036336227763825];[2.2834157184336425, -1.5273293624218587, -0.7235233213338474]
