timestamp;T_cam_map;trans_cam_map;rot_quat_cam_map;rot_eul_cam_map;T_map_cam;trans_map_cam;rot_quat_map_cam;rot_eul_map_cam
1681734485.985316;[[-0.5842305748167643, -0.08881952497588858, 0.8067129151267698, 0.3306204863312097], [-0.8008932738125398, 0.2239280172824533, -0.5553613301606275, -0.2750846409543341], [-0.131318694065641, -0.9705500167734824, -0.20196055439092006, 0.28030448407128017], [0.0, 0.0, 0.0, 1.0]];[0.3306204863312097, -0.2750846409543341, 0.28030448407128017];[-0.31376821153986534, 0.7088933534901668, -0.5381314902380717, 0.3308084370427881];[-1.7759573096300223, 0.13169907636126701, -2.201030657766457];[[-0.5842305748167643, -0.8008932738125398, -0.131318694065641, 0.009654376895000899], [-0.08881952497588858, 0.2239280172824533, -0.9705500167734824, 0.36301423449405823], [0.8067129151267698, -0.5553613301606275, -0.20196055439092006, -0.36287673943474175], [0.0, 0.0, 0.0, 1.0]];[0.009654376895000899, 0.36301423449405823, -0.36287673943474175];[0.31376821153986534, -0.7088933534901668, 0.5381314902380717, 0.3308084370427881];[-1.9195847918296751, -0.9385683703969107, -2.9907197250536277]
