timestamp;T_cam_map;trans_cam_map;rot_quat_cam_map;rot_eul_cam_map;T_map_cam;trans_map_cam;rot_quat_map_cam;rot_eul_map_cam
1681734486.0852656;[[-0.573027489583406, -0.09177411489159354, 0.8143813652200081, 0.3165089760611408], [-0.8101195058968971, 0.21363810429211536, -0.5459534289294636, -0.29817258204671687], [-0.12387849832439535, -0.9725925520125764, -0.1967685071919715, 0.2807307366105283], [0.0, 0.0, 0.0, 1.0]];[0.3165089760611408, -0.29817258204671687, 0.2807307366105283];[-0.3201963902499724, 0.7041722269920004, -0.5391244935307892, 0.3331073804033536];[-1.7704153180513884, 0.12419754396595932, -2.186429488672624];[[-0.573027489583406, -0.8101195058968971, -0.12387849832439535, -0.02541057877194486], [-0.09177411489159354, 0.21363810429211536, -0.9725925520125764, 0.36578497986200575], [0.8143813652200081, -0.5459534289294636, -0.1967685071919715, -0.36530838764445955], [0.0, 0.0, 0.0, 1.0]];[-0.02541057877194486, 0.36578497986200575, -0.36530838764445955];[0.3201963902499724, -0.7041722269920004, 0.5391244935307892, 0.3331073804033536];[-1.9167171414658815, -0.9516623911683275, -2.98278473728524]
