timestamp;T_cam_map;trans_cam_map;rot_quat_cam_map;rot_eul_cam_map;T_map_cam;trans_map_cam;rot_quat_map_cam;rot_eul_map_cam
1681734486.1852577;[[-0.5711166150028095, -0.09653900941412136, 0.8151723938708137, 0.31569974760046443], [-0.8117805165859002, 0.21378739325199703, -0.5434218834184403, -0.3105925972367143], [-0.1218121708174591, -0.9720983335794051, -0.2004660192972415, 0.284612356171456], [0.0, 0.0, 0.0, 1.0]];[0.31569974760046443, -0.3105925972367143, 0.284612356171456];[-0.32232049696010456, 0.7045157960528721, -0.537787876967669, 0.3324923904963639];[-1.774165341709258, 0.12211544589942543, -2.183891338475588];[[-0.5711166150028095, -0.8117805165859002, -0.1218121708174591, -0.03716239887904091], [-0.09653900941412136, 0.21378739325199703, -0.9720983335794051, 0.3735493197826221], [0.8151723938708137, -0.5434218834184403, -0.2004660192972415, -0.3690774270775822], [0.0, 0.0, 0.0, 1.0]];[-0.03716239887904091, 0.3735493197826221, -0.3690774270775822];[0.32232049696010456, -0.7045157960528721, 0.537787876967669, 0.3324923904963639];[-1.9242046090873561, -0.9530267645250393, -2.9741400087715255]
