timestamp;T_cam_map;trans_cam_map;rot_quat_cam_map;rot_eul_cam_map;T_map_cam;trans_map_cam;rot_quat_map_cam;rot_eul_map_cam
1681734486.2853289;[[-0.565428322819424, -0.10175489546251748, 0.8184966420230602, 0.30917111162478395], [-0.8148856862849567, 0.2223014386695465, -0.5352974767858943, -0.33941201661059034], [-0.127483842276221, -0.9696535523654116, -0.2086141374490943, 0.28259665469028467], [0.0, 0.0, 0.0, 1.0]];[0.30917111162478395, -0.33941201661059034, 0.28259665469028467];[-0.3243780109533181, 0.706460172079443, -0.5325675418904121, 0.33476072738637824];[-1.7827091284369596, 0.1278317064172678, -2.177399313544439];[[-0.565428322819424, -0.8148856862849567, -0.127483842276221, -0.06574138362453957], [-0.10175489546251748, 0.2223014386695465, -0.9696535523654116, 0.38093230384469257], [0.8184966420230602, -0.5352974767858943, -0.2086141374490943, -0.3757882553936702], [0.0, 0.0, 0.0, 1.0]];[-0.06574138362453957, 0.38093230384469257, -0.3757882553936702];[0.3243780109533181, -0.706460172079443, 0.5325675418904121, 0.33476072738637824];[-1.9424061073285557, -0.9587893601950496, -2.963537750245822]
