timestamp;T_cam_map;trans_cam_map;rot_quat_cam_map;rot_eul_cam_map;T_map_cam;trans_map_cam;rot_quat_map_cam;rot_eul_map_cam
1681734486.3852537;[[-0.5650798879858533, -0.09846489242680784, 0.8191394174090715, 0.31263639117824127], [-0.8142231039053582, 0.22677394481579283, -0.5344289616211011, -0.34305789167945805], [-0.13313698682417308, -0.9689572967432885, -0.20831778567208087, 0.2753231264120461], [0.0, 0.0, 0.0, 1.0]];[0.31263639117824127, -0.34305789167945805, 0.2753231264120461];[-0.3226700919168195, 0.7071371186823895, -0.5315045055072393, 0.33666610727761814];[-1.7825645626102848, 0.13353347661643505, -2.177491589512566];[[-0.5650798879858533, -0.8142231039053582, -0.13313698682417308, -0.06600543302166378], [-0.09846489242680784, 0.22677394481579283, -0.9689572967432885, 0.3753566523215374], [0.8191394174090715, -0.5344289616211011, -0.20831778567208087, -0.3820781601183242], [0.0, 0.0, 0.0, 1.0]];[-0.06600543302166378, 0.3753566523215374, -0.3820781601183242];[0.3226700919168195, -0.7071371186823895, 0.5315045055072393, 0.33666610727761814];[-1.9424745312596812, -0.9599090746495939, -2.9690752710233927]
