timestamp;T_cam_map;trans_cam_map;rot_quat_cam_map;rot_eul_cam_map;T_map_cam;trans_map_cam;rot_quat_map_cam;rot_eul_map_cam
1681734486.4852839;[[-0.5577677510099999, -0.0997404818995064, 0.823982385857672, 0.31337044829910365], [-0.8190880955307607, 0.2265731266610318, -0.5270287563642386, -0.3597133633741982], [-0.13412616334272282, -0.9688738073379313, -0.20807142466341455, 0.28056472147415246], [0.0, 0.0, 0.0, 1.0]];[0.31337044829910365, -0.3597133633741982, 0.28056472147415246];[-0.3254729431889781, 0.7057641784502893, -0.5298875351632538, 0.3393869292517089];[-1.782339217505157, 0.1345316053144184, -2.1686304160868697];[[-0.5577677510099999, -0.8190880955307607, -0.13412616334272282, -0.08221793390170232], [-0.0997404818995064, 0.2265731266610318, -0.9688738073379313, 0.3845889108672334], [0.823982385857672, -0.5270287563642386, -0.20807142466341455, -0.389413514886064], [0.0, 0.0, 0.0, 1.0]];[-0.08221793390170232, 0.3845889108672334, -0.389413514886064];[0.3254729431889781, -0.7057641784502893, 0.5298875351632538, 0.3393869292517089];[-1.946812697231364, -0.9684038954648033, -2.964642131482091]
