timestamp;T_cam_map;trans_cam_map;rot_quat_cam_map;rot_eul_cam_map;T_map_cam;trans_map_cam;rot_quat_map_cam;rot_eul_map_cam
1681734486.5852637;[[-0.5527914794382514, -0.0965455209167786, 0.827708005670706, 0.3170936776941983], [-0.8217604088891485, 0.22802073659304273, -0.5222225330890138, -0.36712979082512065], [-0.13831634264543424, -0.968857835843048, -0.20538520706885577, 0.28132212695679526], [0.0, 0.0, 0.0, 1.0]];[0.3170936776941983, -0.36712979082512065, 0.28132212695679526];[-0.3257963286462732, 0.7046625829253584, -0.5290050887695584, 0.342725856219638];[-1.7796907746308281, 0.13876121447589107, -2.162958577446217];[[-0.5527914794382514, -0.8217604088891485, -0.13831634264543424, -0.08749459610484836], [-0.0965455209167786, 0.22802073659304273, -0.968857835843048, 0.3868883267197211], [0.827708005670706, -0.5222225330890138, -0.20538520706885577, -0.39640502161411656], [0.0, 0.0, 0.0, 1.0]];[-0.08749459610484836, 0.3868883267197211, -0.39640502161411656];[0.3257963286462732, -0.7046625829253584, 0.5290050887695584, 0.342725856219638];[-1.9455053801503672, -0.9750109014627487, -2.968685748590581]
