timestamp;T_cam_map;trans_cam_map;rot_quat_cam_map;rot_eul_cam_map;T_map_cam;trans_map_cam;rot_quat_map_cam;rot_eul_map_cam
1681734486.6852677;[[-0.5460884791211408, -0.08905657282640972, 0.8329803718021056, 0.3181543175197094], [-0.8245333362798057, 0.23291901960129846, -0.515648628109552, -0.3815196724984207], [-0.14809507194519494, -0.968409860102831, -0.20062450628266532, 0.2845918838994048], [0.0, 0.0, 0.0, 1.0]];[0.3181543175197094, -0.3815196724984207, 0.2845918838994048];[-0.3246602098965264, 0.7034969802716116, -0.5273862325746609, 0.3486423791643425];[-1.7750755607336492, 0.14864182605888643, -2.155769800293154];[[-0.5460884791211408, -0.8245333362798057, -0.14809507194519494, -0.09868862552023816], [-0.08905657282640972, 0.23291901960129846, -0.968409860102831, 0.3927985076985951], [0.8329803718021056, -0.515648628109552, -0.20062450628266532, -0.4046502912192572], [0.0, 0.0, 0.0, 1.0]];[-0.09868862552023816, 0.3927985076985951, -0.4046502912192572];[0.3246602098965264, -0.7034969802716116, 0.5273862325746609, 0.3486423791643425];[-1.941846768597494, -0.9844725588960891, -2.9799348955522715]
