timestamp;T_cam_map;trans_cam_map;rot_quat_cam_map;rot_eul_cam_map;T_map_cam;trans_map_cam;rot_quat_map_cam;rot_eul_map_cam
1681734486.7852492;[[-0.5421178995810189, -0.08301538931101132, 0.8361917412241084, 0.3134331372851296], [-0.8260994188212394, 0.23483773922405093, -0.5122606626116706, -0.3860205791938196], [-0.1538438597314677, -0.9684831859013756, -0.19588870679354276, 0.27911948482505616], [0.0, 0.0, 0.0, 1.0]];[0.3134331372851296, -0.3860205791938196, 0.27911948482505616];[-0.32362519524461997, 0.7022898877241885, -0.527112761551887, 0.35243124607839815];[-1.7703672872146243, 0.15445727672898452, -2.151544351131793];[[-0.5421178995810189, -0.8260994188212394, -0.1538438597314677, -0.10603284320920359], [-0.08301538931101132, 0.23483773922405093, -0.9684831859013756, 0.38699450193705315], [0.8361917412241084, -0.5122606626116706, -0.19588870679354276, -0.40515700358009443], [0.0, 0.0, 0.0, 1.0]];[-0.10603284320920359, 0.38699450193705315, -0.40515700358009443];[0.32362519524461997, -0.7022898877241885, 0.527112761551887, 0.35243124607839815];[-1.936039223249312, -0.9903021757952474, -2.989641418074641]
