timestamp;T_cam_map;trans_cam_map;rot_quat_cam_map;rot_eul_cam_map;T_map_cam;trans_map_cam;rot_quat_map_cam;rot_eul_map_cam
1681734486.8852828;[[-0.5339072878013071, -0.08179919425400545, 0.8415770314427834, 0.3137039468258377], [-0.8309502700278988, 0.2348758392572132, -0.5043361863616191, -0.39479025683510227], [-0.1564118178821995, -0.9685774269270451, -0.19337298486130486, 0.2813513758200038], [0.0, 0.0, 0.0, 1.0]];[0.3137039468258377, -0.39479025683510227, 0.2813513758200038];[-0.3258027999429964, 0.700384914157891, -0.5257514773357249, 0.35622870694071007];[-1.7678518520727167, 0.1570567032634186, -2.1418995755163945];[[-0.5339072878013071, -0.8309502700278988, -0.1564118178821995, -0.11655556694349856], [-0.08179919425400545, 0.2348758392572132, -0.9685774269270451, 0.39089801464349355], [0.8415770314427834, -0.5043361863616191, -0.19337298486130486, -0.408707293529364], [0.0, 0.0, 0.0, 1.0]];[-0.11655556694349856, 0.39089801464349355, -0.408707293529364];[0.3258027999429964, -0.700384914157891, 0.5257514773357249, 0.35622870694071007];[-1.9369291024220072, -1.0001963027871017, -2.9895661862394305]
