timestamp;T_cam_map;trans_cam_map;rot_quat_cam_map;rot_eul_cam_map;T_map_cam;trans_map_cam;rot_quat_map_cam;rot_eul_map_cam
1681734460.7852585;[[0.02708307176897859, -0.029050153310538618, 0.999210986637052, 0.02713893590272862], [-0.9995093947665802, 0.014943568938056234, 0.027525615719514784, 0.04482350050207593], [-0.015731401619092866, -0.9994662467237341, -0.028631183403258764, 0.04541347056872098], [0.0, 0.0, 0.0, 1.0]];[0.02713893590272862, 0.04482350050207593, 0.04541347056872098];[-0.5100908463779225, 0.5041060604109855, -0.4820119749263774, 0.5033377239249449];[-1.5994349682425735, 0.015732050551368535, -1.5437065899888183];[[0.02708307176897859, -0.9995093947665802, -0.015731401619092866, 0.04478092165379552], [-0.029050153310538618, 0.014943568938056234, -0.9994662467237341, 0.04550779815887969], [0.999210986637052, 0.027525615719514784, -0.028631183403258764, -0.02705107596483726], [0.0, 0.0, 0.0, 1.0]];[0.04478092165379552, 0.04550779815887969, -0.02705107596483726];[0.5100908463779225, -0.5041060604109855, 0.4820119749263774, 0.5033377239249449];[2.3758791036447575, -1.5310693298835045, -0.8204269173606101]
