timestamp;T_cam_map;trans_cam_map;rot_quat_cam_map;rot_eul_cam_map;T_map_cam;trans_map_cam;rot_quat_map_cam;rot_eul_map_cam
1681734486.9852235;[[-0.5306812265462717, -0.08396659163605363, 0.8434020673915668, 0.3116500004752283], [-0.8329892772376633, 0.23545819857067984, -0.5006878276260824, -0.3995573895178092], [-0.1565448810993833, -0.96825050901865, -0.1948965160968903, 0.2813342822255329], [0.0, 0.0, 0.0, 1.0]];[0.3116500004752283, -0.3995573895178092, 0.2813342822255329];[-0.3273977286802472, 0.7001849650652752, -0.5244822475257628, 0.3570295701785491];[-1.7694293536476349, 0.15719142607866698, -2.138035618008212];[[-0.5306812265462717, -0.8329892772376633, -0.1565448810993833, -0.12339877484389075], [-0.08396659163605363, 0.23545819857067984, -0.96825050901865, 0.392649313454015], [0.8434020673915668, -0.5006878276260824, -0.1948965160968903, -0.40806870460863515], [0.0, 0.0, 0.0, 1.0]];[-0.12339877484389075, 0.392649313454015, -0.40806870460863515];[0.3273977286802472, -0.7001849650652752, 0.5244822475257628, 0.3570295701785491];[-1.9420078050871594, -1.0035840886501821, -2.984669382145728]
