timestamp;T_cam_map;trans_cam_map;rot_quat_cam_map;rot_eul_cam_map;T_map_cam;trans_map_cam;rot_quat_map_cam;rot_eul_map_cam
1681734487.0852604;[[-0.5326067908938587, -0.08618434035531103, 0.8419633399212023, 0.3154638163903094], [-0.831933158470745, 0.23622222122339717, -0.5020819475316508, -0.40131479894462835], [-0.1556188488925313, -0.9678694755377942, -0.19751316966612423, 0.28305342276840684], [0.0, 0.0, 0.0, 1.0]];[0.3154638163903094, -0.40131479894462835, 0.28305342276840684];[-0.3273698816128588, 0.7011316177764665, -0.5241353355776391, 0.3557043226696207];[-1.7721023130328584, 0.15625390367558079, -2.1402541028664417];[[-0.5326067908938587, -0.831933158470745, -0.1556188488925313, -0.12180046950997397], [-0.08618434035531103, 0.23622222122339717, -0.9678694755377942, 0.3959462819821243], [0.8419633399212023, -0.5020819475316508, -0.19751316966612423, -0.4111951055838322], [0.0, 0.0, 0.0, 1.0]];[-0.12180046950997397, 0.3959462819821243, -0.4111951055838322];[0.3273698816128588, -0.7011316177764665, 0.5241353355776391, 0.3557043226696207];[-1.9455900102757016, -1.000911906257853, -2.981167150960972]
