timestamp;T_cam_map;trans_cam_map;rot_quat_cam_map;rot_eul_cam_map;T_map_cam;trans_map_cam;rot_quat_map_cam;rot_eul_map_cam
1681734487.1852756;[[-0.5339900669895604, -0.08441471980208481, 0.8412661668207161, 0.31534958450888034], [-0.8307262316892482, 0.2375189677569817, -0.5034666502749114, -0.40343931439247244], [-0.15731667533947835, -0.9677080629179411, -0.19695829158413145, 0.28489127648989415], [0.0, 0.0, 0.0, 1.0]];[0.31534958450888034, -0.40343931439247244, 0.28489127648989415];[-0.3261323568881159, 0.7015103930681772, -0.524288281303437, 0.35586886952334357];[-1.7715844661682294, 0.15797290314989657, -2.142092729471594];[[-0.5339900669895604, -0.8307262316892482, -0.15731667533947835, -0.12193592715291515], [-0.08441471980208481, 0.2375189677569817, -0.9677080629179411, 0.3981362216373605], [0.8412661668207161, -0.5034666502749114, -0.19695829158413145, -0.41229947727000416], [0.0, 0.0, 0.0, 1.0]];[-0.12193592715291515, 0.3981362216373605, -0.41229947727000416];[0.3261323568881159, -0.7015103930681772, 0.524288281303437, 0.35586886952334357];[-1.9436972365073344, -0.9996210314762135, -2.9848071565413288]
