timestamp;T_cam_map;trans_cam_map;rot_quat_cam_map;rot_eul_cam_map;T_map_cam;trans_map_cam;rot_quat_map_cam;rot_eul_map_cam
1681734487.2852733;[[-0.5366775269756239, -0.08177665923163946, 0.8398153428249813, 0.3109749921188844], [-0.8285513085902004, 0.2393591415897833, -0.5061718387769797, -0.40321145065977937], [-0.15962443758019967, -0.9674811519312997, -0.19621483018592292, 0.2866974168180223], [0.0, 0.0, 0.0, 1.0]];[0.3109749921188844, -0.40321145065977937, 0.2866974168180223];[-0.3241057549707023, 0.7021843594725196, -0.5246674077927649, 0.35583239890018326];[-1.7708923217916166, 0.16031020074219912, -2.145574099394595];[[-0.5366775269756239, -0.8285513085902004, -0.15962443758019967, -0.12142417144581333], [-0.08177665923163946, 0.2393591415897833, -0.9674811519312997, 0.399317189747992], [0.8398153428249813, -0.5061718387769797, -0.19621483018592292, -0.4090015660570197], [0.0, 0.0, 0.0, 1.0]];[-0.12142417144581333, 0.399317189747992, -0.4090015660570197];[0.3241057549707023, -0.7021843594725196, 0.5246674077927649, 0.35583239890018326];[-1.940606417753876, -0.9969429842843383, -2.9903800139892307]
