timestamp;T_cam_map;trans_cam_map;rot_quat_cam_map;rot_eul_cam_map;T_map_cam;trans_map_cam;rot_quat_map_cam;rot_eul_map_cam
1681734487.3853772;[[-0.5467951956494462, -0.07651847667375683, 0.8337625181922079, 0.30940426336183835], [-0.8223480874676945, 0.23622675491862197, -0.517629735717378, -0.39474023912651407], [-0.15734877518719065, -0.9686804648531657, -0.19209247762196693, 0.288792206224154], [0.0, 0.0, 0.0, 1.0]];[0.30940426336183835, -0.39474023912651407, 0.288792206224154];[-0.31979310774854847, 0.7026938216944196, -0.528790119780253, 0.3526113588808537];[-1.766559858458804, 0.15800540782213013, -2.157588307433795];[[-0.5467951956494462, -0.8223480874676945, -0.15734877518719065, -0.10999201603954278], [-0.07651847667375683, 0.23622675491862197, -0.9686804648531657, 0.3966707172046558], [0.8337625181922079, -0.517629735717378, -0.19209247762196693, -0.4068241530045317], [0.0, 0.0, 0.0, 1.0]];[-0.10999201603954278, 0.3966707172046558, -0.4068241530045317];[0.31979310774854847, -0.7026938216944196, 0.528790119780253, 0.3526113588808537];[-1.926143583111421, -0.9858876629759785, -3.002555636338317]
