timestamp;T_cam_map;trans_cam_map;rot_quat_cam_map;rot_eul_cam_map;T_map_cam;trans_map_cam;rot_quat_map_cam;rot_eul_map_cam
1681734487.48527;[[-0.5509944725921654, -0.07471373100424056, 0.8311575961105737, 0.3049552360598119], [-0.8198083383579033, 0.23458362428140456, -0.5223837780577172, -0.39065465123753956], [-0.15594672016985506, -0.9692205020625735, -0.19050522000679704, 0.2873154822498555], [0.0, 0.0, 0.0, 1.0]];[0.3049552360598119, -0.39065465123753956, 0.2873154822498555];[-0.318169421508898, 0.7028661531330782, -0.5305435015868076, 0.3510996766170692];[-1.7648772864645907, 0.1565858272984115, -2.162552124564311];[[-0.5509944725921654, -0.8198083383579033, -0.15594672016985506, -0.1074273839349531], [-0.07471373100424056, 0.23458362428140456, -0.9692205020625735, 0.392897583361553], [0.8311575961105737, -0.5223837780577172, -0.19050522000679704, -0.40280241439672393], [0.0, 0.0, 0.0, 1.0]];[-0.1074273839349531, 0.392897583361553, -0.40280241439672393];[0.318169421508898, -0.7028661531330782, 0.5305435015868076, 0.3510996766170692];[-1.9204926656258845, -0.9811863257338386, -3.006816706914157]
