timestamp;T_cam_map;trans_cam_map;rot_quat_cam_map;rot_eul_cam_map;T_map_cam;trans_map_cam;rot_quat_map_cam;rot_eul_map_cam
1681734487.5852816;[[-0.5616086058839219, -0.07684551797915473, 0.8238267658698843, 0.301117451107861], [-0.8131014291570103, 0.2355824877499267, -0.5323222307666506, -0.38179819821569105], [-0.15317258142352136, -0.9688114666084786, -0.19478835300906386, 0.2922732470569451], [0.0, 0.0, 0.0, 1.0]];[0.301117451107861, -0.38179819821569105, 0.2922732470569451];[-0.31527656881507043, 0.7056875099225777, -0.5317983088363791, 0.34611613977714945];[-1.7692100358368248, 0.15377794655851076, -2.1752529135265384];[[-0.5616086058839219, -0.8131014291570103, -0.15317258142352136, -0.09656226096199716], [-0.07684551797915473, 0.2355824877499267, -0.9688114666084786, 0.39624216898869963], [0.8238267658698843, -0.5323222307666506, -0.19478835300906386, -0.39437686004720307], [0.0, 0.0, 0.0, 1.0]];[-0.09656226096199716, 0.39624216898869963, -0.39437686004720307];[0.31527656881507043, -0.7056875099225777, 0.5317983088363791, 0.34611613977714945];[-1.9215844443427506, -0.9681293019380449, -3.005606047859836]
