timestamp;T_cam_map;trans_cam_map;rot_quat_cam_map;rot_eul_cam_map;T_map_cam;trans_map_cam;rot_quat_map_cam;rot_eul_map_cam
1681734487.6853092;[[-0.5649977942229156, -0.08309783921450337, 0.8208972174645988, 0.2946747260863094], [-0.8119132476965185, 0.23310783340408323, -0.5352173541847707, -0.3832579175249906], [-0.14688216616775523, -0.968893950400938, -0.19917364820260045, 0.30044126416752387], [0.0, 0.0, 0.0, 1.0]];[0.2946747260863094, -0.3832579175249906, 0.30044126416752387];[-0.3166496567879088, 0.7066256568773879, -0.5321457301849354, 0.3423946520386115];[-1.7735400112631141, 0.1474155088927918, -2.178754825352951];[[-0.5649977942229156, -0.8119132476965185, -0.14688216616775523, -0.10055214658400824], [-0.08309783921450337, 0.23310783340408323, -0.968893950400938, 0.40492297910083336], [0.8208972174645988, -0.5352173541847707, -0.19917364820260045, -0.38718396863463783], [0.0, 0.0, 0.0, 1.0]];[-0.10055214658400824, 0.40492297910083336, -0.38718396863463783];[0.3166496567879088, -0.7066256568773879, 0.5321457301849354, 0.3423946520386115];[-1.9270537365153397, -0.9629803493516479, -2.995563195620981]
