timestamp;T_cam_map;trans_cam_map;rot_quat_cam_map;rot_eul_cam_map;T_map_cam;trans_map_cam;rot_quat_map_cam;rot_eul_map_cam
1681734487.7852945;[[-0.5828119858297429, -0.08119547130500243, 0.8085403419822357, 0.2953425024866896], [-0.7994525581376504, 0.23559848627358038, -0.5526019910865007, -0.3705764891332866], [-0.1456221015517865, -0.9684527085537821, -0.2022215488875631, 0.29594144738910916], [0.0, 0.0, 0.0, 1.0]];[0.2953425024866896, -0.3705764891332866, 0.29594144738910916];[-0.30976243993754315, 0.7107446835873777, -0.5350214833697334, 0.3356206755983139];[-1.7766474611065612, 0.14614174787569978, -2.200730457521431];[[-0.5828119858297429, -0.7994525581376504, -0.1456221015517865, -0.08103355634400228], [-0.08119547130500243, 0.23559848627358038, -0.9684527085537821, 0.39789302987149516], [0.8085403419822357, -0.5526019910865007, -0.2022215488875631, -0.3837318958363235], [0.0, 0.0, 0.0, 1.0]];[-0.08103355634400228, 0.39789302987149516, -0.3837318958363235];[0.30976243993754315, -0.7107446835873777, 0.5350214833697334, 0.3356206755983139];[-1.9216042142295182, -0.9416673185564755, -3.0031668913226848]
