timestamp;T_cam_map;trans_cam_map;rot_quat_cam_map;rot_eul_cam_map;T_map_cam;trans_map_cam;rot_quat_map_cam;rot_eul_map_cam
1681734487.8853436;[[-0.5899389086296729, -0.08010470586356738, 0.8034645730729779, 0.28981704606174297], [-0.7940619400210831, 0.23799357205641058, -0.5593073350759711, -0.3657978622211506], [-0.1464162542028205, -0.9679577964758289, -0.20400976630267875, 0.29529183051678726], [0.0, 0.0, 0.0, 1.0]];[0.28981704606174297, -0.3657978622211506, 0.29529183051678726];[-0.30662570245194537, 0.7127310584976572, -0.535708775891945, 0.3331834693993909];[-1.7785192580772384, 0.14694450469004505, -2.209762510529085];[[-0.5899389086296729, -0.7940619400210831, -0.1464162542028205, -0.07625628455398936], [-0.08010470586356738, 0.23799357205641058, -0.9679577964758289, 0.39610327869397766], [0.8034645730729779, -0.5593073350759711, -0.20400976630267875, -0.3772087393438491], [0.0, 0.0, 0.0, 1.0]];[-0.07625628455398936, 0.39610327869397766, -0.3772087393438491];[0.30662570245194537, -0.7127310584976572, 0.535708775891945, 0.3331834693993909];[-1.9205543671873877, -0.9330919401827221, -3.006633304312016]
