timestamp;T_cam_map;trans_cam_map;rot_quat_cam_map;rot_eul_cam_map;T_map_cam;trans_map_cam;rot_quat_map_cam;rot_eul_map_cam
1681734460.8852608;[[0.03739430375980976, -0.01892575933392393, 0.9991213548313105, 0.016237651518104003], [-0.9989463193416265, 0.025912598658158287, 0.037878599559625414, 0.04640324333667821], [-0.026606711937710636, -0.9994850438422858, -0.017936834041939576, 0.06254094951959997], [0.0, 0.0, 0.0, 1.0]];[0.016237651518104003, 0.04640324333667821, 0.06254094951959997];[-0.5073013254328218, 0.5016111863137345, -0.47925887147242574, 0.5112167026751054];[-1.5887404760703687, 0.02660985216265395, -1.5333800502548318];[[0.03739430375980976, -0.9989463193416265, -0.026606711937710636, 0.047411162491653544], [-0.01892575933392393, 0.025912598658158287, -0.9994850438422858, 0.06161362493629512], [0.9991213548313105, 0.037878599559625414, -0.017936834041939576, -0.01685928762430627], [0.0, 0.0, 0.0, 1.0]];[0.047411162491653544, 0.06161362493629512, -0.01685928762430627];[0.5073013254328218, -0.5016111863137345, 0.47925887147242574, 0.5112167026751054];[2.013048490754261, -1.52887320982105, -0.46852638368362987]
