timestamp;T_cam_map;trans_cam_map;rot_quat_cam_map;rot_eul_cam_map;T_map_cam;trans_map_cam;rot_quat_map_cam;rot_eul_map_cam
1681734487.985308;[[-0.6042653053605338, -0.07674795923244382, 0.7930783009837024, 0.2824671730753737], [-0.7827182078417904, 0.24337058012617196, -0.5728201880537962, -0.35313354575548456], [-0.1490491457556089, -0.966892192275181, -0.20713242302164486, 0.29275452835562954], [0.0, 0.0, 0.0, 1.0]];[0.2824671730753737, -0.35313354575548456, 0.29275452835562954];[-0.2997901505782583, 0.7167231523587666, -0.537066639769386, 0.32862320815182605];[-1.7818315542801308, 0.14960660746116775, -2.2282348856114256];[[-0.6042653053605338, -0.7827182078417904, -0.1490491457556089, -0.06208413110233954], [-0.07674795923244382, 0.24337058012617196, -0.966892192275181, 0.3906831626964782], [0.7930783009837024, -0.5728201880537962, -0.20713242302164486, -0.36566165498518705], [0.0, 0.0, 0.0, 1.0]];[-0.06208413110233954, 0.3906831626964782, -0.36566165498518705];[0.2997901505782583, -0.7167231523587666, 0.537066639769386, 0.32862320815182605];[-1.9177686078816278, -0.9158461887451695, -3.0152587113175215]
