timestamp;T_cam_map;trans_cam_map;rot_quat_cam_map;rot_eul_cam_map;T_map_cam;trans_map_cam;rot_quat_map_cam;rot_eul_map_cam
1681734488.0854468;[[-0.6124672153150107, -0.07819888843222489, 0.7866186140768863, 0.2837981895399369], [-0.7763722357829587, 0.2467699012364244, -0.5799575565066256, -0.34828055740004604], [-0.14876176144979886, -0.9659138417538752, -0.21184992008170161, 0.2950805850683498], [0.0, 0.0, 0.0, 1.0]];[0.2837981895399369, -0.34828055740004604, 0.2950805850683498];[-0.29690604723138714, 0.7195635893778146, -0.5370864441588721, 0.3249818325074928];[-1.7867035585631563, 0.1493159831106061, -2.2387220387151023];[[-0.6124672153150107, -0.7763722357829587, -0.14876176144979886, -0.052681560565037144], [-0.07819888843222489, 0.2467699012364244, -0.9659138417538752, 0.393160283263628], [0.7866186140768863, -0.5799575565066256, -0.21184992008170161, -0.36271608121753923], [0.0, 0.0, 0.0, 1.0]];[-0.052681560565037144, 0.393160283263628, -0.36271608121753923];[0.29690604723138714, -0.7195635893778146, 0.5370864441588721, 0.3249818325074928];[-1.9210228423826383, -0.9053132624768035, -3.0146012530857056]
