timestamp;T_cam_map;trans_cam_map;rot_quat_cam_map;rot_eul_cam_map;T_map_cam;trans_map_cam;rot_quat_map_cam;rot_eul_map_cam
1681734488.185318;[[-0.6228375518499362, -0.07908050965482077, 0.7783441764401609, 0.2780618722342876], [-0.7671967231119838, 0.2566054999362746, -0.5878459028084563, -0.33872457080234836], [-0.1532402429253244, -0.9632756045884215, -0.22049384924074233, 0.29126476759508807], [0.0, 0.0, 0.0, 1.0]];[0.2780618722342876, -0.33872457080234836, 0.29126476759508807];[-0.2919977728744398, 0.724557951620668, -0.5351958059142746, 0.3214319908027188];[-1.7958197929695836, 0.15384641640095803, -2.252712500945621];[[-0.6228375518499362, -0.7671967231119838, -0.1532402429253244, -0.04204752125000194], [-0.07908050965482077, 0.2566054999362746, -0.9632756045884215, 0.3894761075037623], [0.7783441764401609, -0.5878459028084563, -0.22049384924074233, -0.351323600315068], [0.0, 0.0, 0.0, 1.0]];[-0.04204752125000194, 0.3894761075037623, -0.351323600315068];[0.2919977728744398, -0.724557951620668, 0.5351958059142746, 0.3214319908027188];[-1.9296440042136183, -0.8920241457502603, -3.015300294849326]
