timestamp;T_cam_map;trans_cam_map;rot_quat_cam_map;rot_eul_cam_map;T_map_cam;trans_map_cam;rot_quat_map_cam;rot_eul_map_cam
1681734488.2853053;[[-0.632345086760336, -0.08300703901032641, 0.7702269293687423, 0.2724902311729118], [-0.7585340831287559, 0.26831487075160976, -0.5938292472298454, -0.32690227559717444], [-0.15737133151270277, -0.9597483845301775, -0.23263125845344576, 0.2821296691705782], [0.0, 0.0, 0.0, 1.0]];[0.2724902311729118, -0.32690227559717444, 0.2821296691705782];[-0.2880847535628622, 0.7302895343569891, -0.5318361960122874, 0.31754469194816815];[-1.8085977939892015, 0.1580282487155463, -2.265716129974873];[[-0.632345086760336, -0.7585340831287559, -0.15737133151270277, -0.03125953732381542], [-0.08300703901032641, 0.26831487075160976, -0.9597483845301775, 0.3811048432886616], [0.7702269293687423, -0.5938292472298454, -0.23263125845344576, -0.33837126628867825], [0.0, 0.0, 0.0, 1.0]];[-0.03125953732381542, 0.3811048432886616, -0.33837126628867825];[0.2880847535628622, -0.7302895343569891, 0.5318361960122874, 0.31754469194816815];[-1.944168495879847, -0.8791968922389533, -3.011070359212378]
