timestamp;T_cam_map;trans_cam_map;rot_quat_cam_map;rot_eul_cam_map;T_map_cam;trans_map_cam;rot_quat_map_cam;rot_eul_map_cam
1681734488.3854117;[[-0.6372944571576319, -0.0876642797913264, 0.7656178870199073, 0.27582344968869377], [-0.754164343353346, 0.27516913258956105, -0.5962533787613492, -0.32319088442863275], [-0.15840428684406183, -0.9573906843700625, -0.2414770369845704, 0.2806671685493689], [0.0, 0.0, 0.0, 1.0]];[0.27582344968869377, -0.32319088442863275, 0.2806671685493689];[-0.2867984689801262, 0.7338154786340643, -0.5293033836051637, 0.31480058705764785];[-1.8178671952580348, 0.15907432497232182, -2.2724002556228373];[[-0.6372944571576319, -0.754164343353346, -0.15840428684406183, -0.02349940281760063], [-0.0876642797913264, 0.27516913258956105, -0.9573906843700625, 0.3818201519732864], [0.7656178870199073, -0.5962533787613492, -0.2414770369845704, -0.3361043473264898], [0.0, 0.0, 0.0, 1.0]];[-0.02349940281760063, 0.3818201519732864, -0.3361043473264898];[0.2867984689801262, -0.7338154786340643, 0.5293033836051637, 0.31480058705764785];[-1.9555975615554686, -0.8720012846604289, -3.004893601320665]
