timestamp;T_cam_map;trans_cam_map;rot_quat_cam_map;rot_eul_cam_map;T_map_cam;trans_map_cam;rot_quat_map_cam;rot_eul_map_cam
1681734488.4853528;[[-0.6404104645308016, -0.09116602867138768, 0.7626029059318689, 0.27534818330968874], [-0.7494397736775908, 0.29133435851311024, -0.5945286512690842, -0.3093424714392499], [-0.16797161233233593, -0.952267318963558, -0.2548970197637336, 0.2659617225775936], [0.0, 0.0, 0.0, 1.0]];[0.27534818330968874, -0.3093424714392499, 0.2659617225775936];[-0.2842323858745788, 0.7393649036179033, -0.5230150777592263, 0.31465333075409163];[-1.8323387599947474, 0.1687716841290864, -2.2779080126411415];[[-0.6404104645308016, -0.7494397736775908, -0.16797161233233593, -0.010823674443184078], [-0.09116602867138768, 0.29133435851311024, -0.952267318963558, 0.36849114735773425], [0.7626029059318689, -0.5945286512690842, -0.2548970197637336, -0.32610143660379454], [0.0, 0.0, 0.0, 1.0]];[-0.010823674443184078, 0.36849114735773425, -0.32610143660379454];[0.2842323858745788, -0.7393649036179033, 0.5230150777592263, 0.31465333075409163];[-1.975828821449926, -0.8673274927611522, -3.0001871259516677]
