timestamp;T_cam_map;trans_cam_map;rot_quat_cam_map;rot_eul_cam_map;T_map_cam;trans_map_cam;rot_quat_map_cam;rot_eul_map_cam
1681734488.5853105;[[-0.6408839695400154, -0.099361519733488, 0.7611800220597517, 0.2735906977775284], [-0.748594114779243, 0.3003958450791334, -0.59107460407048, -0.3064941162178696], [-0.16992524504768003, -0.9486251233524468, -0.2669003305356533, 0.2673697328945615], [0.0, 0.0, 0.0, 1.0]];[0.2735906977775284, -0.3064941162178696, 0.2673697328945615];[-0.2853158407434227, 0.7429973326255627, -0.5180704088068603, 0.3132936102937088];[-1.8450609894831742, 0.1707538104719642, -2.278830785220604];[[-0.6408839695400154, -0.748594114779243, -0.16992524504768003, -0.008666931813836293], [-0.099361519733488, 0.3003958450791334, -0.9486251233524468, 0.3728875924169842], [0.7611800220597517, -0.59107460407048, -0.2669003305356533, -0.31805159167826336], [0.0, 0.0, 0.0, 1.0]];[-0.008666931813836293, 0.3728875924169842, -0.31805159167826336];[0.2853158407434227, -0.7429973326255627, 0.5180704088068603, 0.3132936102937088];[-1.994939319710916, -0.865130680982238, -2.9877790153403816]
