timestamp;T_cam_map;trans_cam_map;rot_quat_cam_map;rot_eul_cam_map;T_map_cam;trans_map_cam;rot_quat_map_cam;rot_eul_map_cam
1681734488.685367;[[-0.6421240521343541, -0.11618368448224015, 0.7577453748659168, 0.27934163053327377], [-0.7473995001125351, 0.31472373553675426, -0.5851008097083135, -0.3006792768412233], [-0.17050128709804546, -0.9420458172243655, -0.2889273080689803, 0.25917543838267154], [0.0, 0.0, 0.0, 1.0]];[0.27934163053327377, -0.3006792768412233, 0.25917543838267154];[-0.28813170616832157, 0.7492955184271571, -0.5095274792708976, 0.30970646398380997];[-1.8683903199529335, 0.1713383830540888, -2.2805752559299655];[[-0.6421240521343541, -0.7473995001125351, -0.17050128709804546, -0.0011658156490398086], [-0.11618368448224015, 0.31472373553675426, -0.9420458172243655, 0.3712409827262791], [0.7577453748659168, -0.5851008097083135, -0.2889273080689803, -0.3127146551568987], [0.0, 0.0, 0.0, 1.0]];[-0.0011658156490398086, 0.3712409827262791, -0.3127146551568987];[0.28813170616832157, -0.7492955184271571, 0.5095274792708976, 0.30970646398380997];[-2.0294778674342195, -0.8598510514373602, -2.9625927451162792]
