timestamp;T_cam_map;trans_cam_map;rot_quat_cam_map;rot_eul_cam_map;T_map_cam;trans_map_cam;rot_quat_map_cam;rot_eul_map_cam
1681734488.78531;[[-0.6433642882478103, -0.12550996008095472, 0.7552017230699793, 0.28708719133099536], [-0.7468079622282402, 0.3198927346280568, -0.5830493168546612, -0.2975567522345305], [-0.16840504790501976, -0.9391037686287181, -0.2995393990570309, 0.25354746485630786], [0.0, 0.0, 0.0, 1.0]];[0.28708719133099536, -0.2975567522345305, 0.25354746485630786];[-0.28994929564544725, 0.7521297132032643, -0.505947663934404, 0.30699716909249164];[-1.8795583557209505, 0.16921138327213991, -2.281920683558895];[[-0.6433642882478103, -0.7468079622282402, -0.16840504790501976, 0.005182567697528534], [-0.12550996008095472, 0.3198927346280568, -0.9391037686287181, 0.3693259248758699], [0.7552017230699793, -0.5830493168546612, -0.2995393990570309, -0.31435154742483107], [0.0, 0.0, 0.0, 1.0]];[0.005182567697528534, 0.3693259248758699, -0.31435154742483107];[0.28994929564544725, -0.7521297132032643, 0.505947663934404, 0.30699716909249164];[-2.04538036199714, -0.8559618077520452, -2.948928632276524]
