timestamp;T_cam_map;trans_cam_map;rot_quat_cam_map;rot_eul_cam_map;T_map_cam;trans_map_cam;rot_quat_map_cam;rot_eul_map_cam
1681734488.8854585;[[-0.6447368435620404, -0.1420603020466803, 0.7510880595083796, 0.29849905372078916], [-0.7461083178891174, 0.33064463614796835, -0.5779243052193338, -0.29483828260925066], [-0.16624313679165537, -0.9330021410312969, -0.319171152049629, 0.24327486824684869], [0.0, 0.0, 0.0, 1.0]];[0.29849905372078916, -0.29483828260925066, 0.24327486824684869];[-0.29316790084336497, 0.7573890400183445, -0.4987286475039416, 0.3027939235421919];[-1.9004075015951991, 0.16701855710762456, -2.2834383377177105];[[-0.6447368435620404, -0.7461083178891174, -0.16624313679165537, 0.012914819815226158], [-0.1420603020466803, 0.33064463614796835, -0.9330021410312969, 0.3668675353414675], [0.7510880595083796, -0.5779243052193338, -0.319171152049629, -0.3169469646901794], [0.0, 0.0, 0.0, 1.0]];[0.012914819815226158, 0.3668675353414675, -0.3169469646901794];[0.29316790084336497, -0.7573890400183445, 0.4987286475039416, 0.3027939235421919];[-2.0753818573514446, -0.8497086081053566, -2.9247195680696962]
