timestamp;T_cam_map;trans_cam_map;rot_quat_cam_map;rot_eul_cam_map;T_map_cam;trans_map_cam;rot_quat_map_cam;rot_eul_map_cam
1681734460.9852645;[[0.03797992657894669, -0.008948604433304752, 0.999238433836366, 0.013356460922216328], [-0.9985973814999771, 0.03657422618386155, 0.038283098626424095, 0.04437938753788528], [-0.03688895279682791, -0.9992908727981796, -0.007546966530032395, 0.07587534912933566], [0.0, 0.0, 0.0, 1.0]];[0.013356460922216328, 0.04437938753788528, 0.07587534912933566];[-0.502233179639975, 0.5015329665473017, -0.4790351972212375, 0.5164801995799975];[-1.5783485052981747, 0.036897324306960536, -1.532781376898467];[[0.03797992657894669, -0.9985973814999771, -0.03688895279682791, 0.046608824955199524], [-0.008948604433304752, 0.03657422618386155, -0.9992908727981796, 0.0743179237830304], [0.999238433836366, 0.038283098626424095, -0.007546966530032395, -0.014472640843271607], [0.0, 0.0, 0.0, 1.0]];[0.046608824955199524, 0.0743179237830304, -0.014472640843271607];[0.502233179639975, -0.5015329665473017, 0.4790351972212375, 0.5164801995799975];[1.765436268376635, -1.5317665215915346, -0.23139379740834687]
