timestamp;T_cam_map;trans_cam_map;rot_quat_cam_map;rot_eul_cam_map;T_map_cam;trans_map_cam;rot_quat_map_cam;rot_eul_map_cam
1681734488.9852846;[[-0.6467476517490267, -0.15006724392284027, 0.7477949566950303, 0.3047045575794412], [-0.7445846388427466, 0.3366710998618556, -0.5764080899130624, -0.29496973614895355], [-0.16526097711358256, -0.9295872163596115, -0.3294790078658317, 0.2410493812265423], [0.0, 0.0, 0.0, 1.0]];[0.3047045575794412, -0.29496973614895355, 0.2410493812265423];[-0.29413443195881933, 0.7604107047307914, -0.49512562648820246, 0.30018512631666033];[-1.9114174008665632, 0.1660226210584923, -2.2859911285194956];[[-0.6467476517490267, -0.7445846388427466, -0.16526097711358256, 0.017273078905843814], [-0.15006724392284027, 0.3366710998618556, -0.9295872163596115, 0.36911038196149315], [0.7477949566950303, -0.5764080899130624, -0.3294790078658317, -0.3184587626624813], [0.0, 0.0, 0.0, 1.0]];[0.017273078905843814, 0.36911038196149315, -0.3184587626624813];[0.29413443195881933, -0.7604107047307914, 0.49512562648820246, 0.30018512631666033];[-2.090077080685186, -0.8447346378696916, -2.913593613030265]
