timestamp;T_cam_map;trans_cam_map;rot_quat_cam_map;rot_eul_cam_map;T_map_cam;trans_map_cam;rot_quat_map_cam;rot_eul_map_cam
1681734489.0852964;[[-0.6509145085280142, -0.16255894634988233, 0.7415422385470367, 0.3139682019569971], [-0.7413345964975592, 0.34649156442761836, -0.5747752707069984, -0.2998482817010908], [-0.16350326792922293, -0.9238604790454661, -0.34604695726786433, 0.23154047803572253], [0.0, 0.0, 0.0, 1.0]];[0.3139682019569971, -0.2998482817010908, 0.23154047803572253];[-0.2952290993077376, 0.7654170481220514, -0.4894833977860057, 0.29560535289120704];[-1.9291866708769214, 0.16424067128630943, -2.2913402332429453];[[-0.6509145085280142, -0.7413345964975592, -0.16350326792922293, 0.019936177761633617], [-0.16255894634988233, 0.34649156442761836, -0.9238604790454661, 0.3688443372715397], [0.7415422385470367, -0.5747752707069984, -0.34604695726786433, -0.32504218268894414], [0.0, 0.0, 0.0, 1.0]];[0.019936177761633617, 0.3688443372715397, -0.32504218268894414];[0.2952290993077376, -0.7654170481220514, 0.4894833977860057, 0.29560535289120704];[-2.1127262932480595, -0.8353661869765281, -2.896859351951077]
