timestamp;T_cam_map;trans_cam_map;rot_quat_cam_map;rot_eul_cam_map;T_map_cam;trans_map_cam;rot_quat_map_cam;rot_eul_map_cam
1681734489.1853025;[[-0.6552006572662155, -0.16949062027142425, 0.7361963246022949, 0.31735168494886307], [-0.7381865017540324, 0.35080733475249093, -0.5762073433339756, -0.30103102659235403], [-0.16060133046168568, -0.9209816195363847, -0.35496488436192486, 0.2273163305600811], [0.0, 0.0, 0.0, 1.0]];[0.31735168494886307, -0.30103102659235403, 0.2273163305600811];[-0.29536286680252255, 0.7682728806193524, -0.4871930926623959, 0.2918226315436958];[-1.9386710398665916, 0.16129986156746182, -2.2967078395674947];[[-0.6552006572662155, -0.7381865017540324, -0.16060133046168568, 0.022219297247018405], [-0.16949062027142425, 0.35080733475249093, -0.9209816195363847, 0.3687461883091259], [0.7361963246022949, -0.5762073433339756, -0.35496488436192486, -0.3264001171687418], [0.0, 0.0, 0.0, 1.0]];[0.022219297247018405, 0.3687461883091259, -0.3264001171687418];[0.29536286680252255, -0.7682728806193524, 0.4871930926623959, 0.2918226315436958];[-2.122924160596844, -0.8274326881646143, -2.8884566690233133]
