timestamp;T_cam_map;trans_cam_map;rot_quat_cam_map;rot_eul_cam_map;T_map_cam;trans_map_cam;rot_quat_map_cam;rot_eul_map_cam
1681734489.2853549;[[-0.6641751339520359, -0.18543730427839894, 0.7242129504653698, 0.32550677236746367], [-0.7311505523280539, 0.3630917382776293, -0.5775666709782621, -0.3071221384974651], [-0.15585333256038386, -0.9131141197991031, -0.3767390913527987, 0.21227668906215455], [0.0, 0.0, 0.0, 1.0]];[0.32550677236746367, -0.3071221384974651, 0.21227668906215455];[-0.29558087688614676, 0.7752428592999848, -0.4807141313508498, 0.283803414784246];[-1.9621063238181453, 0.1564912836889839, -2.308231456736228];[[-0.6641751339520359, -0.7311505523280539, -0.15585333256038386, 0.024725012360081566], [-0.18543730427839894, 0.3630917382776293, -0.9131141197991031, 0.3657074516096295], [0.7242129504653698, -0.5775666709782621, -0.3767390913527987, -0.3331468041757494], [0.0, 0.0, 0.0, 1.0]];[0.024725012360081566, 0.3657074516096295, -0.3331468041757494];[0.29558087688614676, -0.7752428592999848, 0.4807141313508498, 0.283803414784246];[-2.1487774307469962, -0.8098923569580403, -2.8693264933435083]
