timestamp;T_cam_map;trans_cam_map;rot_quat_cam_map;rot_eul_cam_map;T_map_cam;trans_map_cam;rot_quat_map_cam;rot_eul_map_cam
1681734489.385304;[[-0.6700493606226615, -0.19949864477772455, 0.7150063951189627, 0.3325183410016272], [-0.7271098409206136, 0.3703526661782893, -0.5780572479357325, -0.3124629561270339], [-0.14948288719971548, -0.9072150755948031, -0.39321199504587, 0.21081481504143376], [0.0, 0.0, 0.0, 1.0]];[0.3325183410016272, -0.3124629561270339, 0.21081481504143376];[-0.2969890436720349, 0.7800022470875999, -0.47604745020809175, 0.2770790999469998];[-1.9797834632231237, 0.15004526313543248, -2.315376817045399];[[-0.6700493606226615, -0.7271098409206136, -0.14948288719971548, 0.02712201867720368], [-0.19949864477772455, 0.3703526661782893, -0.9072150755948031, 0.37331282564147755], [0.7150063951189627, -0.5780572479357325, -0.39321199504587, -0.3354793028034999], [0.0, 0.0, 0.0, 1.0]];[0.02712201867720368, 0.37331282564147755, -0.3354793028034999];[0.2969890436720349, -0.7800022470875999, 0.47604745020809175, 0.2770790999469998];[-2.168130377756855, -0.7966332538843733, -2.852213079828544]
