timestamp;T_cam_map;trans_cam_map;rot_quat_cam_map;rot_eul_cam_map;T_map_cam;trans_map_cam;rot_quat_map_cam;rot_eul_map_cam
1681734489.485237;[[-0.6840842025175601, -0.21846183873556477, 0.6959189815504315, 0.3499296091372314], [-0.7157035631655643, 0.38508598173992403, -0.5826467165783342, -0.3252028815092233], [-0.14070257118485363, -0.8966511092301592, -0.41978515311799225, 0.19732246941340717], [0.0, 0.0, 0.0, 1.0]];[0.3499296091372314, -0.3252028815092233, 0.19732246941340717];[-0.2960637468774707, 0.7888211675303024, -0.46883181090334625, 0.26514930987293356];[-2.008657267287741, 0.14117100964359885, -2.3336096490057834];[[-0.6840842025175601, -0.7157035631655643, -0.14070257118485363, 0.03439623535507558], [-0.21846183873556477, 0.38508598173992403, -0.8966511092301592, 0.37860674780633435], [0.6959189815504315, -0.5826467165783342, -0.41978515311799225, -0.3501680053019574], [0.0, 0.0, 0.0, 1.0]];[0.03439623535507558, 0.37860674780633435, -0.3501680053019574];[0.2960637468774707, -0.7888211675303024, 0.46883181090334625, 0.26514930987293356];[-2.195135256922563, -0.7696988127982564, -2.8324800416022096]
