timestamp;T_cam_map;trans_cam_map;rot_quat_cam_map;rot_eul_cam_map;T_map_cam;trans_map_cam;rot_quat_map_cam;rot_eul_map_cam
1681734489.8060687;[[-0.7143477860624313, -0.2268091346504, 0.6620157528237824, 0.3744411399850474], [-0.6889458311745309, 0.39384313905919466, -0.6084745052368543, -0.3540191461899011], [-0.12272278620915311, -0.8907554087711937, -0.43760018223250985, 0.19521285519573545], [0.0, 0.0, 0.0, 1.0]];[0.3744411399850474, -0.3540191461899011, 0.19521285519573545];[-0.28697092932511653, 0.7977767713079483, -0.46981498080912865, 0.24591419782327203];[-2.027434466889741, 0.12303294515098365, -2.374294181256197];[[-0.7143477860624313, -0.6889458311745309, -0.12272278620915311, 0.04753824992897707], [-0.2268091346504, 0.39384313905919466, -0.8907554087711937, 0.39824158938727394], [0.6620157528237824, -0.6084745052368543, -0.43760018223250985, -0.37787237698988807], [0.0, 0.0, 0.0, 1.0]];[0.04753824992897707, 0.39824158938727394, -0.37787237698988807];[0.28697092932511653, -0.7977767713079483, 0.46981498080912865, 0.24591419782327203];[-2.1942764061209945, -0.7235050766407164, -2.834154410222219]
