timestamp;T_cam_map;trans_cam_map;rot_quat_cam_map;rot_eul_cam_map;T_map_cam;trans_map_cam;rot_quat_map_cam;rot_eul_map_cam
1681734489.9061985;[[-0.721475746441162, -0.22496428060757265, 0.6548769500813768, 0.3768978388593134], [-0.6815543501041742, 0.3977486847525052, -0.6142309432385588, -0.3639208409828281], [-0.12229642329702639, -0.8894869623712144, -0.4402914132939512, 0.19577022292918267], [0.0, 0.0, 0.0, 1.0]];[0.3768978388593134, -0.3639208409828281, 0.19577022292918267];[-0.2833138639831646, 0.7999243471240919, -0.4699562874339234, 0.24288964830627935];[-2.0304317575976643, 0.1226033462074073, -2.384640514293032];[[-0.721475746441162, -0.6815543501041742, -0.12229642329702639, 0.04783281540996853], [-0.22496428060757265, 0.3977486847525052, -0.8894869623712144, 0.40367264795249397], [0.6548769500813768, -0.6142309432385588, -0.4402914132939512, -0.3841572004911397], [0.0, 0.0, 0.0, 1.0]];[0.04783281540996853, 0.40367264795249397, -0.3841572004911397];[0.2833138639831646, -0.7999243471240919, 0.4699562874339234, 0.24288964830627935];[-2.1927201772360614, -0.7140197875839156, -2.8393353483257258]
