timestamp;T_cam_map;trans_cam_map;rot_quat_cam_map;rot_eul_cam_map;T_map_cam;trans_map_cam;rot_quat_map_cam;rot_eul_map_cam
1681734490.0062397;[[-0.737206264890791, -0.2242383548766928, 0.6373727976686513, 0.3888197651677049], [-0.6662989767974821, 0.39781423045163444, -0.630705566464101, -0.38339973447391595], [-0.11212759037987718, -0.8896409378240013, -0.4426809293647449, 0.197076941557353], [0.0, 0.0, 0.0, 1.0]];[0.3888197651677049, -0.38339973447391595, 0.197076941557353];[-0.27733573247163784, 0.8027610828738477, -0.4734741558613342, 0.23341327950445467];[-2.032518127769185, 0.11236388554154982, -2.406673141504016];[[-0.737206264890791, -0.6662989767974821, -0.11212759037987718, 0.053279278586863626], [-0.2242383548766928, 0.39781423045163444, -0.8896409378240013, 0.41503788992041946], [0.6373727976686513, -0.630705566464101, -0.4426809293647449, -0.4023932845823946], [0.0, 0.0, 0.0, 1.0]];[0.053279278586863626, 0.41503788992041946, -0.4023932845823946];[0.27733573247163784, -0.8027610828738477, 0.4734741558613342, 0.23341327950445467];[-2.182784309738362, -0.6910839466794304, -2.8463116882996213]
