timestamp;T_cam_map;trans_cam_map;rot_quat_cam_map;rot_eul_cam_map;T_map_cam;trans_map_cam;rot_quat_map_cam;rot_eul_map_cam
1681734490.1062074;[[-0.746018865770389, -0.22315396759547168, 0.6274218347021892, 0.3975325092686718], [-0.6577125891409717, 0.3944217360963018, -0.6417520114345246, -0.3907291618015193], [-0.10425930174397563, -0.8914223470618056, -0.44101723000204895, 0.19711695948960875], [0.0, 0.0, 0.0, 1.0]];[0.3975325092686718, -0.3907291618015193, 0.19711695948960875];[-0.27412434593417556, 0.8033457897861824, -0.47712155151282953, 0.22769806780244303];[-2.030222526547754, 0.10444911482499926, -2.41901994231924];[[-0.746018865770389, -0.6577125891409717, -0.10425930174397563, 0.0601305395683944], [-0.22315396759547168, 0.3944217360963018, -0.8914223470618056, 0.4185374937066098], [0.6274218347021892, -0.6417520114345246, -0.44101723000204895, -0.41323982637083284], [0.0, 0.0, 0.0, 1.0]];[0.0601305395683944, 0.4185374937066098, -0.41323982637083284];[0.27412434593417556, -0.8033457897861824, 0.47712155151282953, 0.22769806780244303];[-2.1728854851021646, -0.6782378320158874, -2.85093748273794]
