timestamp;T_cam_map;trans_cam_map;rot_quat_cam_map;rot_eul_cam_map;T_map_cam;trans_map_cam;rot_quat_map_cam;rot_eul_map_cam
1681734461.0852625;[[0.0328426159645164, -0.00019777519136482402, 0.9994605162094105, 0.002544586367358849], [-0.9982096846589492, 0.05000836824903718, 0.032811408963197286, 0.04456569463871112], [-0.04998787882765965, -0.9987487792182992, 0.0014449845220095847, 0.07836036242190185], [0.0, 0.0, 0.0, 1.0]];[0.002544586367358849, 0.04456569463871112, 0.07836036242190185];[-0.4953254645163798, 0.5039148657666569, -0.47921654820875503, 0.5206476660697624];[-1.5693495330226723, 0.050008720457182514, -1.5379066711043166];[[0.0328426159645164, -0.9982096846589492, -0.04998787882765965, 0.04831940542070066], [-0.00019777519136482402, 0.05000836824903718, -0.9987487792182992, 0.07603416189526688], [0.9994605162094105, 0.032811408963197286, 0.0014449845220095847, -0.004118706347618324], [0.0, 0.0, 0.0, 1.0]];[0.04831940542070066, 0.07603416189526688, -0.004118706347618324];[0.4953254645163798, -0.5039148657666569, 0.47921654820875503, 0.5206476660697624];[1.5267856762627119, -1.5379472079423058, -0.006021834587282473]
