timestamp;T_cam_map;trans_cam_map;rot_quat_cam_map;rot_eul_cam_map;T_map_cam;trans_map_cam;rot_quat_map_cam;rot_eul_map_cam
1681734490.2061994;[[-0.7602988258813788, -0.215441654829686, 0.6128055064436382, 0.4079245022511988], [-0.6419654263741564, 0.39317689657372723, -0.6582494355036703, -0.41044034404882596], [-0.09912661955118346, -0.8938662211790418, -0.4372380266301822, 0.20287693912907032], [0.0, 0.0, 0.0, 1.0]];[0.4079245022511988, -0.41044034404882596, 0.20287693912907032];[-0.2663467214811722, 0.8047847148593977, -0.4821524402814606, 0.22115607840514276];[-2.025729358531989, 0.09928967938627767, -2.4403824029530465];[[-0.7602988258813788, -0.6419654263741564, -0.09912661955118346, 0.06676651480212822], [-0.215441654829686, 0.39317689657372723, -0.8938662211790418, 0.43060443345601707], [0.6128055064436382, -0.6582494355036703, -0.4372380266301822, -0.4314449934573206], [0.0, 0.0, 0.0, 1.0]];[0.06676651480212822, 0.43060443345601707, -0.4314449934573206];[0.2663467214811722, -0.8047847148593977, 0.4821524402814606, 0.22115607840514276];[-2.157119600807588, -0.659605948104298, -2.8654668347383456]
