timestamp;T_cam_map;trans_cam_map;rot_quat_cam_map;rot_eul_cam_map;T_map_cam;trans_map_cam;rot_quat_map_cam;rot_eul_map_cam
1681734490.3062124;[[-0.7669243587790553, -0.2076869796064293, 0.6072010757675697, 0.41298791464821594], [-0.6336844238478472, 0.39451268254517075, -0.6654350413704073, -0.4216356570996867], [-0.10134633137887822, -0.895112206269679, -0.4341693901037596, 0.20560473832354823], [0.0, 0.0, 0.0, 1.0]];[0.41298791464821594, -0.4216356570996867, 0.20560473832354823];[-0.26111891389725767, 0.8055442929206292, -0.4843145378083661, 0.2198970973332504];[-2.0224082372445475, 0.10152062754180922, -2.4510390870173717];[[-0.7669243587790553, -0.6336844238478472, -0.10134633137887822, 0.07038382912536464], [-0.2076869796064293, 0.39451268254517075, -0.895112206269679, 0.4361521376866303], [0.6072010757675697, -0.6654350413704073, -0.4341693901037596, -0.4420705631383929], [0.0, 0.0, 0.0, 1.0]];[0.07038382912536464, 0.4361521376866303, -0.4420705631383929];[0.26111891389725767, -0.8055442929206292, 0.4843145378083661, 0.2198970973332504];[-2.1488985773767877, -0.6525331678815668, -2.877130633540846]
