timestamp;T_cam_map;trans_cam_map;rot_quat_cam_map;rot_eul_cam_map;T_map_cam;trans_map_cam;rot_quat_map_cam;rot_eul_map_cam
1681734490.4062347;[[-0.7777218459500734, -0.1881267409192192, 0.5997975155693158, 0.42271021823096144], [-0.6184308000105064, 0.3999897396230969, -0.6764255715114653, -0.4482722431466825], [-0.11265911383627888, -0.8970042015215762, -0.4274241295508061, 0.207478286637441], [0.0, 0.0, 0.0, 1.0]];[0.42271021823096144, -0.4482722431466825, 0.207478286637441];[-0.24985623064956572, 0.8070216408380845, -0.48741870521559044, 0.220705552785956];[-2.015469295581581, 0.11289879832240045, -2.4697961236266335];[[-0.7777218459500734, -0.6184308000105064, -0.11265911383627888, 0.07489992918567814], [-0.1881267409192192, 0.3999897396230969, -0.8970042015215762, 0.4449362883638283], [0.5997975155693158, -0.6764255715114653, -0.4274241295508061, -0.46808212089721446], [0.0, 0.0, 0.0, 1.0]];[0.07489992918567814, 0.4449362883638283, -0.46808212089721446];[0.24985623064956572, -0.8070216408380845, 0.48741870521559044, 0.220705552785956];[-2.134332351632324, -0.6432480272710737, -2.90425699844576]
