timestamp;T_cam_map;trans_cam_map;rot_quat_cam_map;rot_eul_cam_map;T_map_cam;trans_map_cam;rot_quat_map_cam;rot_eul_map_cam
1681734490.5062728;[[-0.7825325276527101, -0.17831108249560668, 0.5965299665772924, 0.4226619522978685], [-0.6109588769894163, 0.4044028535860576, -0.680578858501559, -0.46394808009492267], [-0.11988366775041526, -0.8970303728808177, -0.42539912592294943, 0.21030735602915324], [0.0, 0.0, 0.0, 1.0]];[0.4226619522978685, -0.46394808009492267, 0.21030735602915324];[-0.24416374868322585, 0.8081358962392583, -0.4880395855214265, 0.2216253595656407];[-2.0136166000069564, 0.12017270422664467, -2.478702922032914];[[-0.7825325276527101, -0.6109588769894163, -0.11988366775041526, 0.07250594507375774], [-0.17831108249560668, 0.4044028535860576, -0.8970303728808177, 0.4516393237485092], [0.5965299665772924, -0.680578858501559, -0.42539912592294943, -0.47841920960276474], [0.0, 0.0, 0.0, 1.0]];[0.07250594507375774, 0.4516393237485092, -0.47841920960276474];[0.24416374868322585, -0.8081358962392583, 0.4880395855214265, 0.2216253595656407];[-2.129435094015244, -0.6391705860039255, -2.9175537824331452]
