timestamp;T_cam_map;trans_cam_map;rot_quat_cam_map;rot_eul_cam_map;T_map_cam;trans_map_cam;rot_quat_map_cam;rot_eul_map_cam
1681734490.6062438;[[-0.7976000133835359, -0.16690436424206403, 0.579635361108634, 0.4268126044377314], [-0.5912973741978891, 0.4062035014574135, -0.6966822307698247, -0.49511566936341955], [-0.11917060844547883, -0.898410623601864, -0.42267803051737246, 0.2167855158903328], [0.0, 0.0, 0.0, 1.0]];[0.4268126044377314, -0.49511566936341955, 0.2167855158903328];[-0.23392013363348155, 0.8103211624655872, -0.49211748633043667, 0.21559537191026704];[-2.010544643938319, 0.11945449602361696, -2.503653316280497];[[-0.7976000133835359, -0.5912973741978891, -0.11917060844547883, 0.07349960562379412], [-0.16690436424206403, 0.4062035014574135, -0.898410623601864, 0.4671170154349169], [0.579635361108634, -0.6966822307698247, -0.42267803051737246, -0.5007034922189646], [0.0, 0.0, 0.0, 1.0]];[0.07349960562379412, 0.4671170154349169, -0.5007034922189646];[0.23392013363348155, -0.8103211624655872, 0.49211748633043667, 0.21559537191026704];[-2.1161287054135696, -0.6182811416377606, -2.935311008242533]
