timestamp;T_cam_map;trans_cam_map;rot_quat_cam_map;rot_eul_cam_map;T_map_cam;trans_map_cam;rot_quat_map_cam;rot_eul_map_cam
1681734490.706183;[[-0.8050500795314239, -0.16027371692605874, 0.5711450823645021, 0.4322528095963211], [-0.5812768371416921, 0.40525800470490236, -0.7056083816290397, -0.5036872260882764], [-0.11837063845818807, -0.9000434907743666, -0.41941638817015003, 0.21756955200323283], [0.0, 0.0, 0.0, 1.0]];[0.4322528095963211, -0.5036872260882764, 0.21756955200323283];[-0.22864180716451657, 0.8108212615007201, -0.49506961294760654, 0.21259794037297758];[-2.0068723610657546, 0.11864882323494017, -2.5162286232295523];[[-0.8050500795314239, -0.5812768371416921, -0.11837063845818807, 0.08095728783361866], [-0.16027371692605874, 0.40525800470490236, -0.9000434907743666, 0.46922410375682094], [0.5711450823645021, -0.7056083816290397, -0.41941638817015003, -0.5110327593095536], [0.0, 0.0, 0.0, 1.0]];[0.08095728783361866, 0.46922410375682094, -0.5110327593095536];[0.22864180716451657, -0.8108212615007201, 0.49506961294760654, 0.21259794037297758];[-2.107090901991008, -0.60790017665688, -2.9450766715062664]
