timestamp;T_cam_map;trans_cam_map;rot_quat_cam_map;rot_eul_cam_map;T_map_cam;trans_map_cam;rot_quat_map_cam;rot_eul_map_cam
1681734490.806176;[[-0.8118788604387892, -0.15571604138218992, 0.5626768436934944, 0.437359600488827], [-0.5720811282573046, 0.40452846204400594, -0.7134983574530223, -0.5094441383302775], [-0.11651565845182543, -0.9011710369583408, -0.4175103154210278, 0.21858867498798182], [0.0, 0.0, 0.0, 1.0]];[0.437359600488827, -0.5094441383302775, 0.21858867498798182];[-0.22422254176277243, 0.811467442030767, -0.49745353626588995, 0.20924822949321994];[-2.0046532901810297, 0.11678091629848109, -2.5277603598299714];[[-0.8118788604387892, -0.5720811282573046, -0.11651565845182543, 0.08910864000311433], [-0.15571604138218992, 0.40452846204400594, -0.9011710369583408, 0.4711743423309669], [0.5626768436934944, -0.7134983574530223, -0.4175103154210278, -0.5183166488331278], [0.0, 0.0, 0.0, 1.0]];[0.08910864000311433, 0.4711743423309669, -0.5183166488331278];[0.22422254176277243, -0.811467442030767, 0.49745353626588995, 0.20924822949321994];[-2.1002321929364847, -0.5976203222385081, -2.952096759026591]
