timestamp;T_cam_map;trans_cam_map;rot_quat_cam_map;rot_eul_cam_map;T_map_cam;trans_map_cam;rot_quat_map_cam;rot_eul_map_cam
1681734490.9061515;[[-0.8312399315525208, -0.14515842016013802, 0.5366276262448417, 0.42972244855501], [-0.5440093730050742, 0.41110089970049957, -0.7314710194861216, -0.5278047526944937], [-0.11442892237186691, -0.899958378660954, -0.4206910248659468, 0.22512703085534957], [0.0, 0.0, 0.0, 1.0]];[0.42972244855501, -0.5278047526944937, 0.22512703085534957];[-0.21115763875179047, 0.8159399267285198, -0.49986198269774307, 0.19948053995442275];[-2.0080715395718314, 0.11468012701308124, -2.5620917902057583];[[-0.8312399315525208, -0.5440093730050742, -0.11442892237186691, 0.0958327696785741], [-0.14515842016013802, 0.41110089970049957, -0.899958378660954, 0.4819637981198327], [0.5366276262448417, -0.7314710194861216, -0.4206910248659468, -0.5219658967196933], [0.0, 0.0, 0.0, 1.0]];[0.0958327696785741, 0.4819637981198327, -0.5219658967196933];[0.21115763875179047, -0.8159399267285198, 0.49986198269774307, 0.19948053995442275];[-2.092728399659867, -0.5664354471084465, -2.968707193165435]
