timestamp;T_cam_map;trans_cam_map;rot_quat_cam_map;rot_eul_cam_map;T_map_cam;trans_map_cam;rot_quat_map_cam;rot_eul_map_cam
1681734491.0061712;[[-0.8513175173618835, -0.12515968680045778, 0.509503226126009, 0.4341723919076605], [-0.5104889310889291, 0.4217193249908172, -0.7493689759824413, -0.5432928862216775], [-0.12107657027056204, -0.898046693512816, -0.42290968350490243, 0.229551485600948], [0.0, 0.0, 0.0, 1.0]];[0.4341723919076605, -0.5432928862216775, 0.229551485600948];[-0.19356706922421107, 0.8209668881656561, -0.5016693405187734, 0.19202351686969973];[-2.010911888264923, 0.12137435999448797, -2.6014336720545];[[-0.8513175173618835, -0.5104889310889291, -0.12107657027056204, 0.12006686460745206], [-0.12515968680045778, 0.4217193249908172, -0.898046693512816, 0.4896059424731732], [0.509503226126009, -0.7493689759824413, -0.42290968350490243, -0.5312595220547053], [0.0, 0.0, 0.0, 1.0]];[0.12006686460745206, 0.4896059424731732, -0.5312595220547053];[0.19356706922421107, -0.8209668881656561, 0.5016693405187734, 0.19202351686969973];[-2.0845933592625805, -0.5346073621655083, -2.995619564371119]
