timestamp;T_cam_map;trans_cam_map;rot_quat_cam_map;rot_eul_cam_map;T_map_cam;trans_map_cam;rot_quat_map_cam;rot_eul_map_cam
1681734491.1061664;[[-0.8600318888302527, -0.11374148753598892, 0.4974012708147905, 0.4285482975214203], [-0.49446580908676807, 0.4263108817419978, -0.7574711847671359, -0.5531782033089357], [-0.1258916750195816, -0.8973972955839912, -0.42288222951467613, 0.23385227956220683], [0.0, 0.0, 0.0, 1.0]];[0.4285482975214203, -0.5531782033089357, 0.23385227956220683];[-0.1847562305731702, 0.8229861785119673, -0.5027023914737175, 0.18933882551993206];[-2.01116574234237, 0.12622660611911513, -2.619804274944629];[[-0.8600318888302527, -0.49446580908676807, -0.1258916750195816, 0.12447754908525231], [-0.11374148753598892, 0.4263108817419978, -0.8973972955839912, 0.4944280116994643], [0.4974012708147905, -0.7574711847671359, -0.42288222951467613, -0.5332850434820893], [0.0, 0.0, 0.0, 1.0]];[0.12447754908525231, 0.4944280116994643, -0.5332850434820893];[0.1847562305731702, -0.8229861785119673, 0.5027023914737175, 0.18933882551993206];[-2.0799755342163944, -0.5206006120117761, -3.0101030881174533]
