timestamp;T_cam_map;trans_cam_map;rot_quat_cam_map;rot_eul_cam_map;T_map_cam;trans_map_cam;rot_quat_map_cam;rot_eul_map_cam
1681734461.1852427;[[0.03372792235017391, 0.004218472322174038, 0.9994221489166668, -0.0012431641879676694], [-0.9976790747846169, 0.059326682037391054, 0.033418685422162475, 0.04017808754880228], [-0.05915142425040831, -0.9982297076773972, 0.0062096472884417, 0.08357321921425255], [0.0, 0.0, 0.0, 1.0]];[-0.0012431641879676694, 0.04017808754880228, 0.08357321921425255];[-0.49198363616698204, 0.5048240070556212, -0.4777957311709882, 0.5242290176239787];[-1.5645757473580026, 0.05918597273896135, -1.5370028123164425];[[0.03372792235017391, -0.9976790747846169, -0.05915142425040831, 0.045070241503219324], [0.004218472322174038, 0.059326682037391054, -0.9982297076773972, 0.08104688181474298], [0.9994221489166668, 0.033418685422162475, 0.0062096472884417, -0.0006192132585427709], [0.0, 0.0, 0.0, 1.0]];[0.045070241503219324, 0.08104688181474298, -0.0006192132585427709];[0.49198363616698204, -0.5048240070556212, 0.4777957311709882, 0.5242290176239787];[1.3870779690160444, -1.5367990697323193, 0.12442745146201914]
