timestamp;T_cam_map;trans_cam_map;rot_quat_cam_map;rot_eul_cam_map;T_map_cam;trans_map_cam;rot_quat_map_cam;rot_eul_map_cam
1681734491.2061882;[[-0.8808532861502817, -0.09300901748034487, 0.4641624833456396, 0.4289548674769461], [-0.4564820661950827, 0.42659001263235174, -0.7807977230785182, -0.548907456021307], [-0.12538585055945675, -0.8996500896402285, -0.4182201629402996, 0.24495593291213374], [0.0, 0.0, 0.0, 1.0]];[0.4289548674769461, -0.548907456021307, 0.24495593291213374];[-0.16641579263824863, 0.8254791732265168, -0.5089310146222253, 0.17854730713579153];[-2.0059469469732285, 0.12571674151477727, -2.663469899001952];[[-0.8808532861502817, -0.4564820661950827, -0.12538585055945675, 0.15799390295050716], [-0.09300901748034487, 0.42659001263235174, -0.8996500896402285, 0.4944297363678708], [0.4641624833456396, -0.7807977230785182, -0.4182201629402996, -0.525244938197852], [0.0, 0.0, 0.0, 1.0]];[0.15799390295050716, 0.4944297363678708, -0.525244938197852];[0.16641579263824863, -0.8254791732265168, 0.5089310146222253, 0.17854730713579153];[-2.0625414813527425, -0.48268883158719766, -3.03639278109234]
