timestamp;T_cam_map;trans_cam_map;rot_quat_cam_map;rot_eul_cam_map;T_map_cam;trans_map_cam;rot_quat_map_cam;rot_eul_map_cam
1681734491.3061771;[[-0.8928593772459857, -0.07653145101886627, 0.44378493605445524, 0.4306437458383077], [-0.4317887200645958, 0.425384391633278, -0.7953657149888748, -0.5571221744410257], [-0.12790869278078107, -0.9017710664906767, -0.41285386028397386, 0.2514281684062214], [0.0, 0.0, 0.0, 1.0]];[0.4306437458383077, -0.5571221744410257, 0.2514281684062214];[-0.15379376727025532, 0.8263016442503366, -0.5134737396714496, 0.1729675938603228];[-2.000138917275622, 0.1282600637493103, -2.6911491648348895];[[-0.8928593772459857, -0.4317887200645958, -0.12790869278078107, 0.17610508445168105], [-0.07653145101886627, 0.425384391633278, -0.9017710664906767, 0.49667951555068635], [0.44378493605445524, -0.7953657149888748, -0.41285386028397386, -0.5304259939089102], [0.0, 0.0, 0.0, 1.0]];[0.17610508445168105, 0.49667951555068635, -0.5304259939089102];[0.15379376727025532, -0.8263016442503366, 0.5134737396714496, 0.1729675938603228];[-2.0495866335073356, -0.4598179084904597, -3.0560866402750575]
