timestamp;T_cam_map;trans_cam_map;rot_quat_cam_map;rot_eul_cam_map;T_map_cam;trans_map_cam;rot_quat_map_cam;rot_eul_map_cam
1681734491.4061682;[[-0.8996799725872944, -0.0649432313610428, 0.4316923946813417, 0.4268415504297967], [-0.41657456273248633, 0.42342313870747156, -0.8044740389169506, -0.5516659777142496], [-0.13054340507878223, -0.9036012518293118, -0.40799901603182537, 0.2590046755865937], [0.0, 0.0, 0.0, 1.0]];[0.4268415504297967, -0.5516659777142496, 0.2590046755865937];[-0.14568450907445454, 0.8263023247163521, -0.5167827923431656, 0.17010595969009426];[-1.9949181437889607, 0.13091705530722694, -2.7079598607811106];[[-0.8996799725872944, -0.41657456273248633, -0.13054340507878223, 0.18802213323149394], [-0.0649432313610428, 0.42342313870747156, -0.9036012518293118, 0.495345558455653], [0.4316923946813417, -0.8044740389169506, -0.40799901603182537, -0.5223915554924141], [0.0, 0.0, 0.0, 1.0]];[0.18802213323149394, 0.495345558455653, -0.5223915554924141];[0.14568450907445454, -0.8263023247163521, 0.5167827923431656, 0.17010595969009426];[-2.040157455889446, -0.44636816203597846, -3.0695328257365238]
