timestamp;T_cam_map;trans_cam_map;rot_quat_cam_map;rot_eul_cam_map;T_map_cam;trans_map_cam;rot_quat_map_cam;rot_eul_map_cam
1681734491.506188;[[-0.909662622368195, -0.04717205011533221, 0.4126605277393707, 0.430416636829587], [-0.3937108796990019, 0.4144191463432988, -0.8205172236770718, -0.5498313599010272], [-0.13230894403953708, -0.9088627887816777, -0.39555375677034665, 0.2645580046736825], [0.0, 0.0, 0.0, 1.0]];[0.430416636829587, -0.5498313599010272, 0.2645580046736825];[-0.1336712273255292, 0.8245658744881819, -0.5243304585980462, 0.16522920989095533];[-1.9812900689468527, 0.1326980428694785, -2.733125692509129];[[-0.909662622368195, -0.3937108796990019, -0.13230894403953708, 0.21006272841215093], [-0.04717205011533221, 0.4144191463432988, -0.9088627887816777, 0.4886112038881959], [0.4126605277393707, -0.8205172236770718, -0.39555375677034665, -0.52411514478614], [0.0, 0.0, 0.0, 1.0]];[0.21006272841215093, 0.4886112038881959, -0.52411514478614];[0.1336712273255292, -0.8245658744881819, 0.5243304585980462, 0.16522920989095533];[-2.020004263586548, -0.42537295305589296, -3.089782418217357]
