timestamp;T_cam_map;trans_cam_map;rot_quat_cam_map;rot_eul_cam_map;T_map_cam;trans_map_cam;rot_quat_map_cam;rot_eul_map_cam
1681734491.6061795;[[-0.912925077024742, -0.04351432751226392, 0.4058008218825145, 0.4418888765261414], [-0.3871356579149005, 0.40710361023893, -0.8272802626082809, -0.5414423989969496], [-0.1292044353347282, -0.9123448656246083, -0.38850104254461043, 0.27205200991194595], [0.0, 0.0, 0.0, 1.0]];[0.4418888765261414, -0.5414423989969496, 0.27205200991194595];[-0.13083611435775147, 0.8228805699808879, -0.5285168928807294, 0.16254037242295954];[-1.973367210035532, 0.1295666482053246, -2.7405178607006504];[[-0.912925077024742, -0.3871356579149005, -0.1292044353347282, 0.22895010360264917], [-0.04351432751226392, 0.40710361023893, -0.9123448656246083, 0.4878569070912894], [0.4058008218825145, -0.8272802626082809, -0.38850104254461043, -0.5215509898273558], [0.0, 0.0, 0.0, 1.0]];[0.22895010360264917, 0.4878569070912894, -0.5215509898273558];[0.13083611435775147, -0.8228805699808879, 0.5285168928807294, 0.16254037242295954];[-2.00983966920362, -0.41785486996789967, -3.093963971159863]
