timestamp;T_cam_map;trans_cam_map;rot_quat_cam_map;rot_eul_cam_map;T_map_cam;trans_map_cam;rot_quat_map_cam;rot_eul_map_cam
1681734491.706195;[[-0.9110909901093531, -0.04119308737290209, 0.4101418502106895, 0.45526208600205736], [-0.39255102910668527, 0.3902832949399447, -0.8328160896849335, -0.5357501122525694], [-0.12576524674504294, -0.9197728411099717, -0.37175398245028907, 0.28889305136694887], [0.0, 0.0, 0.0, 1.0]];[0.45526208600205736, -0.5357501122525694, 0.28889305136694887];[-0.13264586066005943, 0.817485208963989, -0.5359696149781067, 0.16388892761585724];[-1.95490113292753, 0.12609916494380644, -2.7347705356735843];[[-0.9110909901093531, -0.39255102910668527, -0.12576524674504294, 0.24080863267418834], [-0.04119308737290209, 0.3902832949399447, -0.9197728411099717, 0.4935639525933381], [0.4101418502106895, -0.8328160896849335, -0.37175398245028907, -0.5255062054702316], [0.0, 0.0, 0.0, 1.0]];[0.24080863267418834, 0.4935639525933381, -0.5255062054702316];[0.13264586066005943, -0.817485208963989, 0.5359696149781067, 0.16388892761585724];[-1.9906373216458686, -0.42260959055175223, -3.0964105004228055]
