timestamp;T_cam_map;trans_cam_map;rot_quat_cam_map;rot_eul_cam_map;T_map_cam;trans_map_cam;rot_quat_map_cam;rot_eul_map_cam
1681734491.806161;[[-0.907748173920944, -0.04292373864378854, 0.4173137972845272, 0.4658678929526876], [-0.4012455849599461, 0.37919796208223033, -0.8337930715128511, -0.5309889046758165], [-0.12245502559447041, -0.924319456797012, -0.36143921825548275, 0.29698874599475295], [0.0, 0.0, 0.0, 1.0]];[0.4658678929526876, -0.5309889046758165, 0.29698874599475295];[-0.1364671043258305, 0.8136930247732644, -0.5401645567748848, 0.16583920669266036];[-1.9435485304640838, 0.1227631496122298, -2.725392158178971];[[-0.907748173920944, -0.4012455849599461, -0.12245502559447041, 0.2462015399443681], [-0.04292373864378854, 0.37919796208223033, -0.924319456797012, 0.49585917859367473], [0.4173137972845272, -0.8337930715128511, -0.36143921825548275, -0.5298045890269015], [0.0, 0.0, 0.0, 1.0]];[0.2462015399443681, 0.49585917859367473, -0.5298045890269015];[0.1364671043258305, -0.8136930247732644, 0.5401645567748848, 0.16583920669266036];[-1.9798342901242008, -0.4304874159360901, -3.094341895300959]
