timestamp;T_cam_map;trans_cam_map;rot_quat_cam_map;rot_eul_cam_map;T_map_cam;trans_map_cam;rot_quat_map_cam;rot_eul_map_cam
1681734491.9061685;[[-0.9032057779489767, -0.04540650748969122, 0.42679921714685976, 0.4719607377694095], [-0.4127118802554176, 0.36490998911646627, -0.8345715090626198, -0.5322499871143891], [-0.1178483202070422, -0.9299349164971757, -0.3483286156831928, 0.3017551656626601], [0.0, 0.0, 0.0, 1.0]];[0.4719607377694095, -0.5322499871143891, 0.3017551656626601];[-0.14160936464244667, 0.8087713494475178, -0.5454280825987322, 0.16835646370446902];[-1.9291926866274327, 0.11812282328266963, -2.712981485736917];[[-0.9032057779489767, -0.4127118802554176, -0.1178483202070422, 0.24217311175763345], [-0.04540650748969122, 0.36490998911646627, -0.9299349164971757, 0.49626609056261506], [0.42679921714685976, -0.8345715090626198, -0.3483286156831928, -0.5405231892181269], [0.0, 0.0, 0.0, 1.0]];[0.24217311175763345, 0.49626609056261506, -0.5405231892181269];[0.14160936464244667, -0.8087713494475178, 0.5454280825987322, 0.16835646370446902];[-1.9661901634011925, -0.4409504758521765, -3.0913623361845834]
