timestamp;T_cam_map;trans_cam_map;rot_quat_cam_map;rot_eul_cam_map;T_map_cam;trans_map_cam;rot_quat_map_cam;rot_eul_map_cam
1681734492.0061696;[[-0.893627862836845, -0.042485622009708346, 0.4467932572052777, 0.47872012636058314], [-0.43335824483019403, 0.3406398183529879, -0.8343651153962139, -0.5280230106167695], [-0.11674705306493532, -0.9392334566415808, -0.32281672745655793, 0.31342144012565126], [0.0, 0.0, 0.0, 1.0]];[0.47872012636058314, -0.5280230106167695, 0.31342144012565126];[-0.14878595890298682, 0.7995443090671072, -0.554565441816225, 0.17620671671334293];[-1.9018497704851303, 0.11701390096843965, -2.690063339881032];[[-0.893627862836845, -0.43335824483019403, -0.11674705306493532, 0.2355655478077921], [-0.042485622009708346, 0.3406398183529879, -0.9392334566415808, 0.4945802873544874], [0.4467932572052777, -0.8343651153962139, -0.32281672745655793, -0.5532752211154], [0.0, 0.0, 0.0, 1.0]];[0.2355655478077921, 0.4945802873544874, -0.5532752211154];[0.14878595890298682, -0.7995443090671072, 0.554565441816225, 0.17620671671334293];[-1.9399597429257203, -0.46317771168415894, -3.0940855684775097]
