timestamp;T_cam_map;trans_cam_map;rot_quat_cam_map;rot_eul_cam_map;T_map_cam;trans_map_cam;rot_quat_map_cam;rot_eul_map_cam
1681734492.1061993;[[-0.8894903308371309, -0.03724436859843844, 0.45543364868546443, 0.4684633445957045], [-0.4410100901781215, 0.3309487991585691, -0.8342559515499942, -0.5304726895318104], [-0.11965388296389112, -0.9429134368239774, -0.3108008992079314, 0.31726726814059814], [0.0, 0.0, 0.0, 1.0]];[0.4684633445957045, -0.5304726895318104, 0.31726726814059814];[-0.15030117199495763, 0.7954935620738284, -0.5585115559392282, 0.18073293080779912];[-1.8891990353663672, 0.11994125341341481, -2.681309978555645];[[-0.8894903308371309, -0.4410100901781215, -0.11965388296389112, 0.22071206729241633], [-0.03724436859843844, 0.3309487991585691, -0.9429134368239774, 0.49216249126215467], [0.45543364868546443, -0.8342559515499942, -0.3108008992079314, -0.5572970164539212], [0.0, 0.0, 0.0, 1.0]];[0.22071206729241633, 0.49216249126215467, -0.5572970164539212];[0.15030117199495763, -0.7954935620738284, 0.5585115559392282, 0.18073293080779912];[-1.9274161073482188, -0.47285925156533104, -3.099745514615287]
