timestamp;T_cam_map;trans_cam_map;rot_quat_cam_map;rot_eul_cam_map;T_map_cam;trans_map_cam;rot_quat_map_cam;rot_eul_map_cam
1681734461.2852495;[[0.04189948670123883, 0.012370802916519208, 0.9990452423435957, -0.008323326124339335], [-0.9967492094001995, 0.06938733929953839, 0.04094399473681648, 0.03665314774640039], [-0.06881458111658045, -0.9975130878239804, 0.015237881926901509, 0.0792148058517666], [0.0, 0.0, 0.0, 1.0]];[-0.008323326124339335, 0.03665314774640039, 0.0792148058517666];[-0.48920196889291007, 0.5030531708158189, -0.47538170345684433, 0.5306893413117694];[-1.5555216431700865, 0.06886900847396703, -1.52878492299681];[[0.04189948670123883, -0.9967492094001995, -0.06881458111658045, 0.04233387281343067], [0.012370802916519208, 0.06938733929953839, -0.9975130878239804, 0.07657750741459131], [0.9990452423435957, 0.04094399473681648, 0.015237881926901509, 0.005607587218147353], [0.0, 0.0, 0.0, 1.0]];[0.04233387281343067, 0.07657750741459131, 0.005607587218147353];[0.48920196889291007, -0.5030531708158189, 0.47538170345684433, 0.5306893413117694];[1.2145143050050746, -1.5270948480526882, 0.2870928686886346]
