timestamp;T_cam_map;trans_cam_map;rot_quat_cam_map;rot_eul_cam_map;T_map_cam;trans_map_cam;rot_quat_map_cam;rot_eul_map_cam
1681734492.2062485;[[-0.8948326722537285, -0.0305871125135172, 0.44535257629807945, 0.45315337768060815], [-0.43163798176918444, 0.31373836310584274, -0.8457286161706316, -0.5444199537155603], [-0.11385579195401707, -0.9490166848184239, -0.2939458973599934, 0.3287095685359028], [0.0, 0.0, 0.0, 1.0]];[0.45315337768060815, -0.5444199537155603, 0.3287095685359028];[-0.14609488526332992, 0.7909672769336867, -0.5672628164677932, 0.17674826271573424];[-1.8711623416468415, 0.11410322619638198, -2.6921504822962987];[[-0.8948326722537285, -0.43163798176918444, -0.11385579195401707, 0.20792960608260305], [-0.0305871125135172, 0.31373836310584274, -0.9490166848184239, 0.4966169434699128], [0.44535257629807945, -0.8457286161706316, -0.2939458973599934, -0.5656217291856737], [0.0, 0.0, 0.0, 1.0]];[0.20792960608260305, 0.4966169434699128, -0.5656217291856737];[0.14609488526332992, -0.7909672769336867, 0.5672628164677932, 0.17674826271573424];[-1.905300479880659, -0.4615680059672348, -3.107424021735774]
