timestamp;T_cam_map;trans_cam_map;rot_quat_cam_map;rot_eul_cam_map;T_map_cam;trans_map_cam;rot_quat_map_cam;rot_eul_map_cam
1681734492.3062506;[[-0.9038445190401891, -0.01853091371695781, 0.42745957778230215, 0.4377315392896289], [-0.41268667598230396, 0.3014674753322798, -0.8595388698502578, -0.5464178146743965], [-0.11293711908706638, -0.9532963686879313, -0.2801271864327308, 0.3279790197344507], [0.0, 0.0, 0.0, 1.0]];[0.4377315392896289, -0.5464178146743965, 0.3279790197344507];[-0.13676182952514734, 0.7882637852910029, -0.5749456185751787, 0.17138827983511598];[-1.8566024255276448, 0.11317858922005399, -2.7132717330017933];[[-0.9038445190401891, -0.41268667598230396, -0.11293711908706638, 0.2071829065722741], [-0.01853091371695781, 0.3014674753322798, -0.9532963686879313, 0.48549997297091857], [0.42745957778230215, -0.8595388698502578, -0.2801271864327308, -0.5649040498508439], [0.0, 0.0, 0.0, 1.0]];[0.2071829065722741, 0.48549997297091857, -0.5649040498508439];[0.13676182952514734, -0.7882637852910029, 0.5749456185751787, 0.17138827983511598];[-1.8858456777406005, -0.44168080939678195, -3.1210932009512264]
