timestamp;T_cam_map;trans_cam_map;rot_quat_cam_map;rot_eul_cam_map;T_map_cam;trans_map_cam;rot_quat_map_cam;rot_eul_map_cam
1681734492.4061856;[[-0.9089605583441756, -0.016881983907178377, 0.41654015652035625, 0.4350759978184905], [-0.4019592510923717, 0.30043688785314343, -0.8649661478222012, -0.5405168952240162], [-0.1105416837030486, -0.9536522820381, -0.27987115093846254, 0.33383026028830615], [0.0, 0.0, 0.0, 1.0]];[0.4350759978184905, -0.5405168952240162, 0.33383026028830615];[-0.1327344197459195, 0.7888708064594262, -0.5763359522779595, 0.16703680625127626];[-1.8562542997038904, 0.11076805738430102, -2.7252285667414053];[[-0.9089605583441756, -0.4019592510923717, -0.1105416837030486, 0.21510331453552128], [-0.016881983907178377, 0.30043688785314343, -0.9536522820381, 0.4880941493640344], [0.41654015652035625, -0.8649661478222012, -0.27987115093846254, -0.5553259817593231], [0.0, 0.0, 0.0, 1.0]];[0.21510331453552128, 0.4880941493640344, -0.5553259817593231];[0.1327344197459195, -0.7888708064594262, 0.5763359522779595, 0.16703680625127626];[-1.8837280743504832, -0.4296362697490823, -3.1230219433386117]
