timestamp;T_cam_map;trans_cam_map;rot_quat_cam_map;rot_eul_cam_map;T_map_cam;trans_map_cam;rot_quat_map_cam;rot_eul_map_cam
1681734492.5062318;[[-0.9129998969276228, -0.018196423416375868, 0.4075537736115352, 0.42491839245945406], [-0.3937008147983303, 0.3011116485145932, -0.8685225636423934, -0.542700350331723], [-0.10691518431579938, -0.9534152638298155, -0.28207885078297273, 0.3311184100290808], [0.0, 0.0, 0.0, 1.0]];[0.42491839245945406, -0.542700350331723, 0.3311184100290808];[-0.13035269976179714, 0.7899668341495719, -0.5765868099493036, 0.16281346750499318];[-1.8584520023646052, 0.10711992794272455, -2.7344681998983438];[[-0.9129998969276228, -0.3937008147983303, -0.10691518431579938, 0.20969046423980772], [-0.018196423416375868, 0.3011116485145932, -0.9534152638298155, 0.48683873838121544], [0.4075537736115352, -0.8685225636423934, -0.28207885078297273, -0.5511230933094428], [0.0, 0.0, 0.0, 1.0]];[0.20969046423980772, 0.48683873838121544, -0.5511230933094428];[0.13035269976179714, -0.7899668341495719, 0.5765868099493036, 0.16281346750499318];[-1.8848293269433214, -0.41977365950250073, -3.12166492443381]
