timestamp;T_cam_map;trans_cam_map;rot_quat_cam_map;rot_eul_cam_map;T_map_cam;trans_map_cam;rot_quat_map_cam;rot_eul_map_cam
1681734492.6062324;[[-0.9130014677247532, -0.02959810244492117, 0.40688115250538026, 0.41513853397412515], [-0.39556866696502796, 0.30814112782549435, -0.8652019851213606, -0.5426380641730293], [-0.09976848023277365, -0.9508801174039199, -0.29304138389986906, 0.3310377875774258], [0.0, 0.0, 0.0, 1.0]];[0.41513853397412515, -0.5426380641730293, 0.3310377875774258];[-0.13406974709980385, 0.7928089270830201, -0.5726733266006437, 0.1597641043858666];[-1.8697398937734417, 0.09993473775913377, -2.732745043659242];[[-0.9130014677247532, -0.39556866696502796, -0.09976848023277365, 0.19739861210428966], [-0.02959810244492117, 0.30814112782549435, -0.9508801174039199, 0.4942736682694775], [0.40688115250538026, -0.8652019851213606, -0.29304138389986906, -0.5413958040828637], [0.0, 0.0, 0.0, 1.0]];[0.19739861210428966, 0.4942736682694775, -0.5413958040828637];[0.13406974709980385, -0.7928089270830201, 0.5726733266006437, 0.1597641043858666];[-1.8973664583661722, -0.4190372113142806, -3.1091855422647563]
