timestamp;T_cam_map;trans_cam_map;rot_quat_cam_map;rot_eul_cam_map;T_map_cam;trans_map_cam;rot_quat_map_cam;rot_eul_map_cam
1681734492.7062323;[[-0.9096773005309621, -0.04690619968800497, 0.412658475412212, 0.41905032117427343], [-0.40619424051339165, 0.30758086981777943, -0.8604651343871451, -0.5461087136282592], [-0.08656470338683744, -0.950365096661787, -0.29885236350844147, 0.3287802201351469], [0.0, 0.0, 0.0, 1.0]];[0.41905032117427343, -0.5461087136282592, 0.3287802201351469];[-0.14282348647867776, 0.7931126234427843, -0.570798578135217, 0.1573620076276165];[-1.8754663518546861, 0.08667318092701844, -2.7216317599572624];[[-0.9096773005309621, -0.40619424051339165, -0.08656470338683744, 0.1878351130179278], [-0.04690619968800497, 0.30758086981777943, -0.950365096661787, 0.500089896886394], [0.412658475412212, -0.8604651343871451, -0.29885236350844147, -0.5445754284566902], [0.0, 0.0, 0.0, 1.0]];[0.1878351130179278, 0.500089896886394, -0.5445754284566902];[0.14282348647867776, -0.7931126234427843, 0.570798578135217, 0.1573620076276165];[-1.9050770765635967, -0.4253706999434236, -3.090074720316979]
