timestamp;T_cam_map;trans_cam_map;rot_quat_cam_map;rot_eul_cam_map;T_map_cam;trans_map_cam;rot_quat_map_cam;rot_eul_map_cam
1681734492.806239;[[-0.9047117413807363, -0.0807388742416481, 0.41830359691739166, 0.41966958602137433], [-0.42211194698177673, 0.30264529792003053, -0.8545333977453136, -0.5548887464666697], [-0.05760355217423724, -0.9496773440664403, -0.30788759790518133, 0.31450183292870526], [0.0, 0.0, 0.0, 1.0]];[0.41966958602137433, -0.5548887464666697, 0.31450183292870526];[-0.158532771536688, 0.7929761404364492, -0.5688099079559719, 0.15003829397366628];[-1.8843065822361083, 0.057635456224594414, -2.7050443408979388];[[-0.9047117413807363, -0.42211194698177673, -0.05760355217423724, 0.1635712555866088], [-0.0807388742416481, 0.30264529792003053, -0.9496773440664403, 0.500493385315462], [0.41830359691739166, -0.8545333977453136, -0.30788759790518133, -0.552889049361179], [0.0, 0.0, 0.0, 1.0]];[0.1635712555866088, 0.500493385315462, -0.552889049361179];[0.158532771536688, -0.7929761404364492, 0.5688099079559719, 0.15003829397366628];[-1.9166166493246826, -0.43157686178578075, -3.0525857937663443]
