timestamp;T_cam_map;trans_cam_map;rot_quat_cam_map;rot_eul_cam_map;T_map_cam;trans_map_cam;rot_quat_map_cam;rot_eul_map_cam
1681734492.9063218;[[-0.9005448579657666, -0.09425527466758518, 0.4244230224537255, 0.41845569902219565], [-0.4319497601634422, 0.3048492669512074, -0.8488146612388692, -0.5644527752070744], [-0.049379788235291155, -0.9477251013013477, -0.31524398309434587, 0.3008654232479829], [0.0, 0.0, 0.0, 1.0]];[0.41845569902219565, -0.5644527752070744, 0.3008654232479829];[-0.16571802721593995, 0.7938258795244901, -0.5657852083432842, 0.14921496732155848];[-1.8919158212933387, 0.04939987793223103, -2.694354091079165];[[-0.9005448579657666, -0.4319497601634422, -0.049379788235291155, 0.14787955805393027], [-0.09425527466758518, 0.3048492669512074, -0.9477251013013477, 0.4966523853237724], [0.4244230224537255, -0.8488146612388692, -0.31524398309434587, -0.5618720093146592], [0.0, 0.0, 0.0, 1.0]];[0.14787955805393027, 0.4966523853237724, -0.5618720093146592];[0.16571802721593995, -0.7938258795244901, 0.5657852083432842, 0.14921496732155848];[-1.9264011170145534, -0.4383245728466533, -3.037307632151461]
