timestamp;T_cam_map;trans_cam_map;rot_quat_cam_map;rot_eul_cam_map;T_map_cam;trans_map_cam;rot_quat_map_cam;rot_eul_map_cam
1681734493.0062542;[[-0.897449600997465, -0.10918333090114818, 0.4273911720225654, 0.41601245998430386], [-0.43901067647906444, 0.3156422123403103, -0.8412131832813305, -0.5752474282522525], [-0.04305623772330694, -0.9425757232404437, -0.331205625481919, 0.2987711874307964], [0.0, 0.0, 0.0, 1.0]];[0.41601245998430386, -0.5752474282522525, 0.2987711874307964];[-0.17183845040047366, 0.7975427008661816, -0.5591515365210123, 0.1474677811090669];[-1.9087031958096596, 0.04306955205995952, -2.686641795704779];[[-0.897449600997465, -0.43901067647906444, -0.04305623772330694, 0.13367441687391896], [-0.10918333090114818, 0.3156422123403103, -0.9425757232404437, 0.5086084650500707], [0.4273911720225654, -0.8412131832813305, -0.331205625481919, -0.5627510751341659], [0.0, 0.0, 0.0, 1.0]];[0.13367441687391896, 0.5086084650500707, -0.5627510751341659];[0.17183845040047366, -0.7975427008661816, 0.5591515365210123, 0.1474677811090669];[-1.9458804785300754, -0.4416051435466743, -3.020528040530727]
