timestamp;T_cam_map;trans_cam_map;rot_quat_cam_map;rot_eul_cam_map;T_map_cam;trans_map_cam;rot_quat_map_cam;rot_eul_map_cam
1681734493.106222;[[-0.895751441662145, -0.1073616269975069, 0.43139637899342353, 0.41596523458386664], [-0.4422164321698417, 0.31459839418258634, -0.8399240903181158, -0.5827126997388073], [-0.04554099119655958, -0.9431337823586783, -0.3292790407764343, 0.29513186541056147], [0.0, 0.0, 0.0, 1.0]];[0.41596523458386664, -0.5827126997388073, 0.29513186541056147];[-0.17243056931102962, 0.7968106545191846, -0.5594358780734224, 0.1496394932362504];[-1.9066984730693342, 0.04555674777156018, -2.683012145174862];[[-0.895751441662145, -0.4422164321698417, -0.04554099119655958, 0.12835692518576589], [-0.1073616269975069, 0.31459839418258634, -0.9431337823586783, 0.5063280164861871], [0.43139637899342353, -0.8399240903181158, -0.3292790407764343, -0.5716995926866119], [0.0, 0.0, 0.0, 1.0]];[0.12835692518576589, 0.5063280164861871, -0.5716995926866119];[0.17243056931102962, -0.7968106545191846, 0.5594358780734224, 0.1496394932362504];[-1.9444169034352832, -0.4460400183573608, -3.022305199146033]
