timestamp;T_cam_map;trans_cam_map;rot_quat_cam_map;rot_eul_cam_map;T_map_cam;trans_map_cam;rot_quat_map_cam;rot_eul_map_cam
1681734461.385248;[[0.03488377694468853, 0.009328394318044053, 0.9993478389257269, 0.005020241630908079], [-0.9969078351446528, 0.07077689832225181, 0.034137939174525844, 0.057772576114756787], [-0.0704122882263829, -0.9974485509154489, 0.011768514918887363, 0.10062150994702782], [0.0, 0.0, 0.0, 1.0]];[0.005020241630908079, 0.057772576114756787, 0.10062150994702782];[-0.4879391262502807, 0.5059952090827234, -0.4759484845159051, 0.528542616584942];[-1.5589982557409268, 0.0704706011532448, -1.5358186202445818];[[0.03488377694468853, -0.9969078351446528, -0.0704122882263829, 0.0645037995561948], [0.009328394318044053, 0.07077689832225181, -0.9974485509154489, 0.09622898474859365], [0.9993478389257269, 0.034137939174525844, 0.011768514918887363, -0.008173370055066758], [0.0, 0.0, 0.0, 1.0]];[0.0645037995561948, 0.09622898474859365, -0.008173370055066758];[0.4879391262502807, -0.5059952090827234, 0.4759484845159051, 0.528542616584942];[1.2388203297920606, -1.534678963317444, 0.2612995513656575]
