timestamp;T_cam_map;trans_cam_map;rot_quat_cam_map;rot_eul_cam_map;T_map_cam;trans_map_cam;rot_quat_map_cam;rot_eul_map_cam
1681734493.2062066;[[-0.8906847610204948, -0.0951481799561453, 0.4445531243135039, 0.40979752774918893], [-0.45125371182780016, 0.3038342237530329, -0.8390797650033189, -0.5746459102856453], [-0.05523354096468305, -0.947961807420228, -0.3135564823521875, 0.3035353481491629], [0.0, 0.0, 0.0, 1.0]];[0.40979752774918893, -0.5746459102856453, 0.3035353481491629];[-0.17250905597870814, 0.7918452290576921, -0.5642016605158289, 0.15779177765361443];[-1.8902373066632274, 0.05526166348878239, -2.6726496808439504];[[-0.8906847610204948, -0.45125371182780016, -0.05523354096468305, 0.12245464515323955], [-0.0951481799561453, 0.3038342237530329, -0.947961807420228, 0.5013285002477658], [0.4445531243135039, -0.8390797650033189, -0.3135564823521875, -0.5691750506242511], [0.0, 0.0, 0.0, 1.0]];[0.12245464515323955, 0.5013285002477658, -0.5691750506242511];[0.17250905597870814, -0.7918452290576921, 0.5642016605158289, 0.15779177765361443];[-1.9284188095329755, -0.46067531604152934, -3.0351703749463907]
