timestamp;T_cam_map;trans_cam_map;rot_quat_cam_map;rot_eul_cam_map;T_map_cam;trans_map_cam;rot_quat_map_cam;rot_eul_map_cam
1681734493.306247;[[-0.8881348752683882, -0.08808057422190518, 0.4510634720044885, 0.39885308251786344], [-0.45565542123933434, 0.2967959345824666, -0.8392200607174051, -0.5803918504698188], [-0.05995481988305326, -0.9508701202898636, -0.3037292114906483, 0.2949764316481652], [0.0, 0.0, 0.0, 1.0]];[0.39885308251786344, -0.5803918504698188, 0.2949764316481652];[-0.1723357200639159, 0.7887743690912984, -0.5673644616107166, 0.1619659283795747];[-1.8799752315548215, 0.05999079684543885, -2.6675615718005274];[[-0.8881348752683882, -0.45565542123933434, -0.05995481988305326, 0.10746189841192436], [-0.08808057422190518, 0.2967959345824666, -0.9508701202898636, 0.48787342526655314], [0.4510634720044885, -0.8392200607174051, -0.3037292114906483, -0.5773915812185463], [0.0, 0.0, 0.0, 1.0]];[0.10746189841192436, 0.48787342526655314, -0.5773915812185463];[0.1723357200639159, -0.7887743690912984, 0.5673644616107166, 0.1619659283795747];[-1.9180491998121816, -0.46795655687016374, -3.042741124591221]
