timestamp;T_cam_map;trans_cam_map;rot_quat_cam_map;rot_eul_cam_map;T_map_cam;trans_map_cam;rot_quat_map_cam;rot_eul_map_cam
1681734493.4062166;[[-0.8913746358972043, -0.08291999221233384, 0.4456181474879953, 0.3913431566882514], [-0.44918221949325843, 0.29329118186970393, -0.8439286796457283, -0.576792876661994], [-0.060717313595353206, -0.9524203680775515, -0.298678506593268, 0.2966733649299726], [0.0, 0.0, 0.0, 1.0]];[0.3913431566882514, -0.576792876661994, 0.2966733649299726];[-0.16882882516498746, 0.787931520558763, -0.5699572237094274, 0.1606533841685506];[-1.874682518438221, 0.06075468228415903, -2.674813326493973];[[-0.8913746358972043, -0.44918221949325843, -0.060717313595353206, 0.10776146901075895], [-0.08291999221233384, 0.29329118186970393, -0.9524203680775515, 0.484176191420573], [0.4456181474879953, -0.8439286796457283, -0.298678506593268, -0.5725517057626573], [0.0, 0.0, 0.0, 1.0]];[0.10776146901075895, 0.484176191420573, -0.5725517057626573];[0.16882882516498746, -0.787931520558763, 0.5699572237094274, 0.1606533841685506];[-1.9109540910764022, -0.46186463769793124, -3.048834752431819]
