timestamp;T_cam_map;trans_cam_map;rot_quat_cam_map;rot_eul_cam_map;T_map_cam;trans_map_cam;rot_quat_map_cam;rot_eul_map_cam
1681734493.5061898;[[-0.8962687188365139, -0.0809519678470445, 0.4360609619500986, 0.38499934119227885], [-0.43954220094871477, 0.2933728131040017, -0.8489611570128544, -0.5812445554649731], [-0.05920335480624317, -0.9525645235012354, -0.298522681460807, 0.29611438891560166], [0.0, 0.0, 0.0, 1.0]];[0.38499934119227885, -0.5812445554649731, 0.29611438891560166];[-0.1649857187155086, 0.7886957926541329, -0.5710458003242178, 0.1569883855629779];[-1.8744903603145657, 0.05923799446377873, -2.6856436845214473];[[-0.8962687188365139, -0.43954220094871477, -0.05920335480624317, 0.10711232031497837], [-0.0809519678470445, 0.2933728131040017, -0.9525645235012354, 0.4837558664067245], [0.4360609619500986, -0.8489611570128544, -0.298522681460807, -0.5729403719872117], [0.0, 0.0, 0.0, 1.0]];[0.10711232031497837, 0.4837558664067245, -0.5729403719872117];[0.1649857187155086, -0.7886957926541329, 0.5710458003242178, 0.1569883855629779];[-1.9089251124245794, -0.45121689565384104, -3.05151597821904]
