timestamp;T_cam_map;trans_cam_map;rot_quat_cam_map;rot_eul_cam_map;T_map_cam;trans_map_cam;rot_quat_map_cam;rot_eul_map_cam
1681734493.6061957;[[-0.9081121679206264, -0.07551580976796918, 0.4118612059293616, 0.38704071882605673], [-0.41509740333543127, 0.29158237375948637, -0.8617852778140072, -0.581877757447475], [-0.05501305498408887, -0.9535602140336346, -0.29613591810762596, 0.30194847118855733], [0.0, 0.0, 0.0, 1.0]];[0.38704071882605673, -0.581877757447475, 0.30194847118855733];[-0.15527505951336257, 0.7899098777372863, -0.5745419645364283, 0.14776187577588648];[-1.871911152071259, 0.05504084176047301, -2.712850684765118];[[-0.9081121679206264, -0.41509740333543127, -0.05501305498408887, 0.12655154791945483], [-0.07551580976796918, 0.29158237375948637, -0.9535602140336346, 0.48681903986339736], [0.4118612059293616, -0.8617852778140072, -0.29613591810762596, -0.5714429543185129], [0.0, 0.0, 0.0, 1.0]];[0.12655154791945483, 0.48681903986339736, -0.5714429543185129];[0.15527505951336257, -0.7899098777372863, 0.5745419645364283, 0.14776187577588648];[-1.9017857481852252, -0.42449560499814964, -3.0586266221837803]
