timestamp;T_cam_map;trans_cam_map;rot_quat_cam_map;rot_eul_cam_map;T_map_cam;trans_map_cam;rot_quat_map_cam;rot_eul_map_cam
1681734493.7061725;[[-0.911213713215736, -0.07335290319856802, 0.4053503675093093, 0.38728142162071216], [-0.40848480164165774, 0.2879723992168245, -0.8661478304060349, -0.577032732842007], [-0.05319525989565377, -0.9548252452054499, -0.2923679453069138, 0.3051879025407719], [0.0, 0.0, 0.0, 1.0]];[0.38728142162071216, -0.577032732842007, 0.3051879025407719];[-0.15262849740002138, 0.7892328645177347, -0.5768174253375149, 0.1452504222835298];[-1.8679318798120117, 0.053220379983710694, -2.7201645930270018];[[-0.911213713215736, -0.40848480164165774, -0.05319525989565377, 0.1334215906314332], [-0.07335290319856802, 0.2879723992168245, -0.9548252452054499, 0.4859788310111314], [0.4053503675093093, -0.8661478304060349, -0.2923679453069138, -0.5675531562094811], [0.0, 0.0, 0.0, 1.0]];[0.1334215906314332, 0.4859788310111314, -0.5675531562094811];[0.15262849740002138, -0.7892328645177347, 0.5768174253375149, 0.1452504222835298];[-1.8963368042977782, -0.4173620646397734, -3.061265650019961]
