timestamp;T_cam_map;trans_cam_map;rot_quat_cam_map;rot_eul_cam_map;T_map_cam;trans_map_cam;rot_quat_map_cam;rot_eul_map_cam
1681734493.8061483;[[-0.9145226107373701, -0.06971003265672379, 0.3984832566082336, 0.37745938292459746], [-0.4011473341894536, 0.28348097528247534, -0.8710449775560339, -0.5776092691817833], [-0.05224184838613258, -0.9564408230517428, -0.2872137553762098, 0.30553712602697713], [0.0, 0.0, 0.0, 1.0]];[0.37745938292459746, -0.5776092691817833, 0.30553712602697713];[-0.14934035736896809, 0.7882286060204959, -0.5796179517748492, 0.14295507088670872];[-1.8625231261810824, 0.052265640787044, -2.728224718278815];[[-0.9145226107373701, -0.4011473341894536, -0.05224184838613258, 0.12945054599836478], [-0.06971003265672379, 0.28348097528247534, -0.9564408230517428, 0.48228212516021657], [0.3984832566082336, -0.8710449775560339, -0.2872137553762098, -0.5657804316826693], [0.0, 0.0, 0.0, 1.0]];[0.12945054599836478, 0.48228212516021657, -0.5657804316826693];[0.14934035736896809, -0.7882286060204959, 0.5796179517748492, 0.14295507088670872];[-1.8893046232813788, -0.40986253980116133, -3.0655141755504816]
