timestamp;T_cam_map;trans_cam_map;rot_quat_cam_map;rot_eul_cam_map;T_map_cam;trans_map_cam;rot_quat_map_cam;rot_eul_map_cam
1681734493.9061563;[[-0.937151451653047, -0.060816605261190926, 0.34358186388267226, 0.3487668836375741], [-0.3466435163353708, 0.2746452817789153, -0.8968880876559961, -0.579270735476597], [-0.039817449029742324, -0.9596203987624923, -0.27846590640809005, 0.30419584566329133], [0.0, 0.0, 0.0, 1.0]];[0.3487668836375741, -0.579270735476597, 0.30419584566329133];[-0.12910187157447384, 0.7890283011147404, -0.588226202975106, 0.12147831464687249];[-1.8532229095873867, 0.03982797783455086, -2.787308961101156];[[-0.937151451653047, -0.3466435163353708, -0.039817449029742324, 0.13815924921343542], [-0.060816605261190926, 0.2746452817789153, -0.9596203987624923, 0.47221733097891305], [0.34358186388267226, -0.8968880876559961, -0.27846590640809005, -0.5546628262292327], [0.0, 0.0, 0.0, 1.0]];[0.13815924921343542, 0.47221733097891305, -0.5546628262292327];[0.12910187157447384, -0.7890283011147404, 0.588226202975106, 0.12147831464687249];[-1.871839948143889, -0.3507283024288745, -3.076788350914661]
