timestamp;T_cam_map;trans_cam_map;rot_quat_cam_map;rot_eul_cam_map;T_map_cam;trans_map_cam;rot_quat_map_cam;rot_eul_map_cam
1681734494.0061634;[[-0.9535281371776457, -0.049806349959321816, 0.29715891222418017, 0.3319913347864389], [-0.2990511117304855, 0.276821414438959, -0.9132022432521585, -0.5774111966429978], [-0.03677667988398531, -0.959629736935941, -0.27885165196743444, 0.3075362567759227], [0.0, 0.0, 0.0, 1.0]];[0.3319913347864389, -0.5774111966429978, 0.3075362567759227];[-0.11011596200237, 0.7920229169007739, -0.5911546055752362, 0.10540591218460972];[-1.8535910192873106, 0.036784975158600255, -2.837682391381375];[[-0.9535281371776457, -0.2990511117304855, -0.03677667988398531, 0.15519778120448208], [-0.049806349959321816, 0.276821414438959, -0.959629736935941, 0.4714959979595853], [0.29715891222418017, -0.9132022432521585, -0.27885165196743444, -0.5401903907244435], [0.0, 0.0, 0.0, 1.0]];[0.15519778120448208, 0.4714959979595853, -0.5401903907244435];[0.11011596200237, -0.7920229169007739, 0.5911546055752362, 0.10540591218460972];[-1.8671594780731224, -0.3017157738384581, -3.089406330607747]
