timestamp;T_cam_map;trans_cam_map;rot_quat_cam_map;rot_eul_cam_map;T_map_cam;trans_map_cam;rot_quat_map_cam;rot_eul_map_cam
1681734494.1062086;[[-0.961955500643677, -0.03928585241785358, 0.2703668555521825, 0.3185192960331305], [-0.27028601150793524, 0.2811486395348287, -0.9208153530816299, -0.5749842039905737], [-0.03983825754854703, -0.9588597730051653, -0.281070896657726, 0.309634373572561], [0.0, 0.0, 0.0, 1.0]];[0.3185192960331305, -0.5749842039905737, 0.309634373572561];[-0.09742530020382273, 0.7943826277110158, -0.5915521879874849, 0.09762458992670014];[-1.8559388311964422, 0.039848802876855084, -2.867679518266555];[[-0.961955500643677, -0.27028601150793524, -0.03983825754854703, 0.16332649562381124], [-0.03928585241785358, 0.2811486395348287, -0.9588597730051653, 0.47106527392054515], [0.2703668555521825, -0.9208153530816299, -0.281070896657726, -0.5285421322990195], [0.0, 0.0, 0.0, 1.0]];[0.16332649562381124, 0.47106527392054515, -0.5285421322990195];[0.09742530020382273, -0.7943826277110158, 0.5915521879874849, 0.09762458992670014];[-1.8670547109638547, -0.2737740578241114, -3.100775762391616]
