timestamp;T_cam_map;trans_cam_map;rot_quat_cam_map;rot_eul_cam_map;T_map_cam;trans_map_cam;rot_quat_map_cam;rot_eul_map_cam
1681734461.4852557;[[0.04732542297339978, 0.0039527279440820795, 0.9988717036147281, -0.029171878733019727], [-0.9965224028682356, 0.06884459927488032, 0.04694168437965912, 0.036581416008759256], [-0.06858137445478318, -0.997619565311588, 0.007197081728839094, 0.11799907889031794], [0.0, 0.0, 0.0, 1.0]];[-0.029171878733019727, 0.036581416008759256, 0.11799907889031794];[-0.49276864296789435, 0.5035677944856685, -0.4719711483450443, 0.5299450688460832];[-1.5635821971562258, 0.0686352495569446, -1.5233414051945278];[[0.04732542297339978, -0.9965224028682356, -0.06858137445478318, 0.0459273110960366], [0.0039527279440820795, 0.06884459927488032, -0.997619565311588, 0.11531506536394542], [0.9988717036147281, 0.04694168437965912, 0.007197081728839094, 0.026572521908548145], [0.0, 0.0, 0.0, 1.0]];[0.0459273110960366, 0.11531506536394542, 0.026572521908548145];[0.49276864296789435, -0.5035677944856685, 0.4719711483450443, 0.5299450688460832];[1.4186613879401122, -1.5232882511742254, 0.08332888754977082]
