timestamp;T_cam_map;trans_cam_map;rot_quat_cam_map;rot_eul_cam_map;T_map_cam;trans_map_cam;rot_quat_map_cam;rot_eul_map_cam
1681734494.2062116;[[-0.9756537714500416, -0.015852828308238295, 0.21874278522945384, 0.29913249515093265], [-0.21379236783475153, 0.29119088365482193, -0.9324702101042873, -0.574851160623651], [-0.04891361478075146, -0.9565336152540344, -0.28749069755059353, 0.303042214714307], [0.0, 0.0, 0.0, 1.0]];[0.29913249515093265, -0.574851160623651, 0.303042214714307];[-0.07184365393987421, 0.7991144086824268, -0.5909678904654267, 0.08373531909264254];[-1.8627619654288043, 0.048933140454192274, -2.9258749208259642];[[-0.9756537714500416, -0.21379236783475153, -0.04891361478075146, 0.1837738464278248], [-0.015852828308238295, 0.29119088365482193, -0.9565336152540344, 0.4620035787343092], [0.21874278522945384, -0.9324702101042873, -0.28749069755059353, -0.5143428399718878], [0.0, 0.0, 0.0, 1.0]];[0.1837738464278248, 0.4620035787343092, -0.5143428399718878];[0.07184365393987421, -0.7991144086824268, 0.5909678904654267, 0.08373531909264254];[-1.8698602210299566, -0.22052586708448, -3.125345667326928]
