timestamp;T_cam_map;trans_cam_map;rot_quat_cam_map;rot_eul_cam_map;T_map_cam;trans_map_cam;rot_quat_map_cam;rot_eul_map_cam
1681734494.306233;[[-0.9796685186870352, 0.0013211375551275412, 0.20061866336188794, 0.2839363710936129], [-0.19111940646854247, 0.29798088457473443, -0.9352436927876981, -0.5744480887322776], [-0.06101611233651423, -0.9545709229929533, -0.29166999676298316, 0.30462448851359086], [0.0, 0.0, 0.0, 1.0]];[0.2839363710936129, -0.5744480887322776, 0.30462448851359086];[-0.059204293554634975, 0.8014548334161997, -0.5894950460668261, 0.08161245175326491];[-1.867337870307343, 0.06105403605744457, -2.948926730557273];[[-0.9796685186870352, -0.19111940646854247, -0.06101611233651423, 0.18696234831674904], [0.0013211375551275412, 0.29798088457473443, -0.9545709229929533, 0.4615851097862662], [0.20061866336188794, -0.9352436927876981, -0.29166999676298316, -0.505362063490752], [0.0, 0.0, 0.0, 1.0]];[0.18696234831674904, 0.4615851097862662, -0.505362063490752];[0.059204293554634975, -0.8014548334161997, 0.5894950460668261, 0.08161245175326491];[-1.8731028021232168, -0.20198938217853965, 3.1402440987173508]
