timestamp;T_cam_map;trans_cam_map;rot_quat_cam_map;rot_eul_cam_map;T_map_cam;trans_map_cam;rot_quat_map_cam;rot_eul_map_cam
1681734494.4061804;[[-0.9817104296310903, 0.012479882806314457, 0.18997074742886208, 0.2745114254126606], [-0.1776336926050523, 0.2989360330341182, -0.9375945389161129, -0.578484644794158], [-0.06849017159442397, -0.9541915429718317, -0.2912517737559741, 0.3058185920915417], [0.0, 0.0, 0.0, 1.0]];[0.2745114254126606, -0.578484644794158, 0.3058185920915417];[-0.0514910455583431, 0.801856944289501, -0.5898140857170585, 0.08058199185775583];[-1.8670480813938775, 0.06854383174214347, -2.9625863986222347];[[-0.9817104296310903, -0.1776336926050523, -0.06849017159442397, 0.18767793365951269], [0.012479882806314457, 0.2989360330341182, -0.9541915429718317, 0.46131354872507385], [0.18997074742886208, -0.9375945389161129, -0.2912517737559741, -0.5054629770750192], [0.0, 0.0, 0.0, 1.0]];[0.18767793365951269, 0.46131354872507385, -0.5054629770750192];[0.0514910455583431, -0.801856944289501, 0.5898140857170585, 0.08058199185775583];[-1.8719832564395207, -0.19113235129696093, 3.1288809514164684]
