timestamp;T_cam_map;trans_cam_map;rot_quat_cam_map;rot_eul_cam_map;T_map_cam;trans_map_cam;rot_quat_map_cam;rot_eul_map_cam
1681734494.5062306;[[-0.9847018718505836, 0.02337734978490165, 0.17267229972115125, 0.2592752388953799], [-0.15875359958709506, 0.2881393364388729, -0.9443373430160994, -0.5811152171062557], [-0.07182978624565872, -0.9573030984560743, -0.2800201055179836, 0.306285191759429], [0.0, 0.0, 0.0, 1.0]];[0.2592752388953799, -0.5811152171062557, 0.306285191759429];[-0.04236418661005702, 0.7988838015956138, -0.5950929401979423, 0.07651365739249719];[-1.8553668754276178, 0.07189169794734446, -2.9817481065667257];[[-0.9847018718505836, -0.15875359958709506, -0.07182978624565872, 0.18505508042862387], [0.02337734978490165, 0.2881393364388729, -0.9573030984560743, 0.45458874818382095], [0.17267229972115125, -0.9443373430160994, -0.2800201055179836, -0.5077724401540902], [0.0, 0.0, 0.0, 1.0]];[0.18505508042862387, 0.45458874818382095, -0.5077724401540902];[0.04236418661005702, -0.7988838015956138, 0.5950929401979423, 0.07651365739249719];[-1.8590624688763866, -0.17354207915798608, 3.1178565767005626]
