timestamp;T_cam_map;trans_cam_map;rot_quat_cam_map;rot_eul_cam_map;T_map_cam;trans_map_cam;rot_quat_map_cam;rot_eul_map_cam
1681734495.3366327;[[-0.9845028506447938, 0.03921672537525987, 0.17092742765020702, 0.25219962373236615], [-0.15616884365877776, 0.24737137116669597, -0.9562524232635384, -0.575193140265094], [-0.07978364082038086, -0.9681267753646475, -0.23741338942758536, 0.35368629636912763], [0.0, 0.0, 0.0, 1.0]];[0.25219962373236615, -0.575193140265094, 0.35368629636912763];[-0.037212792209453206, 0.7856983535745565, -0.6123148883643351, 0.0797733211893505];[-1.8112802330788274, 0.07986852705239912, -2.984276297005858];[[-0.9845028506447938, -0.15616884365877776, -0.07978364082038086, 0.18668238133300324], [0.03921672537525987, 0.24737137116669597, -0.9681267753646475, 0.47480904600390644], [0.17092742765020702, -0.9562524232635384, -0.23741338942758536, -0.5091678047468999], [0.0, 0.0, 0.0, 1.0]];[0.18668238133300324, 0.47480904600390644, -0.5091678047468999];[0.037212792209453206, -0.7856983535745565, 0.6123148883643351, 0.0797733211893505];[-1.8141506244592343, -0.17177087230945656, 3.101779663016681]
