timestamp;T_cam_map;trans_cam_map;rot_quat_cam_map;rot_eul_cam_map;T_map_cam;trans_map_cam;rot_quat_map_cam;rot_eul_map_cam
1681734495.4368014;[[-0.9832388232816778, 0.04199536161111096, 0.17741985794948034, 0.25113713647312913], [-0.16209209113507594, 0.2441702514260337, -0.9560894530900369, -0.5754171021221335], [-0.08347197363858122, -0.9688226245921902, -0.23327055471100616, 0.35622667365770216], [0.0, 0.0, 0.0, 1.0]];[0.25113713647312913, -0.5754171021221335, 0.35622667365770216];[-0.03828015152561014, 0.7843276785595925, -0.6135548095208443, 0.08315779192798155];[-1.8070762012698365, 0.08356921163740354, -2.9782069426474176];[[-0.9832388232816778, -0.16209209113507594, -0.08347197363858122, 0.18339216470322264], [0.04199536161111096, 0.2441702514260337, -0.9688226245921902, 0.47507360456263364], [0.17741985794948034, -0.9560894530900369, -0.23327055471100616, -0.5116097437785176], [0.0, 0.0, 0.0, 1.0]];[0.18339216470322264, 0.47507360456263364, -0.5116097437785176];[0.03828015152561014, -0.7843276785595925, 0.6135548095208443, 0.08315779192798155];[-1.810104932043929, -0.17836409315078522, 3.098907344753858]
