timestamp;T_cam_map;trans_cam_map;rot_quat_cam_map;rot_eul_cam_map;T_map_cam;trans_map_cam;rot_quat_map_cam;rot_eul_map_cam
1681734495.5367897;[[-0.9875415376033342, 0.06476013786646448, 0.1434149087492626, 0.2659318739217269], [-0.1273063468984619, 0.20689583299453027, -0.9700449517052641, -0.5653273668551106], [-0.09249219181861401, -0.9762173112750132, -0.19607385246272072, 0.3384411972002881], [0.0, 0.0, 0.0, 1.0]];[0.2659318739217269, -0.5653273668551106, 0.3384411972002881];[-0.020226726532340755, 0.7730639079436746, -0.6293988902409352, 0.07628965022936525];[-1.7690096567719191, 0.09262457754751507, -3.0133873256888855];[[-0.9875415376033342, -0.1273063468984619, -0.09249219181861401, 0.22195217792511784], [0.06476013786646448, 0.20689583299453027, -0.9762173112750132, 0.43013424721739607], [0.1434149087492626, -0.9700449517052641, -0.19607385246272072, -0.520172084343479], [0.0, 0.0, 0.0, 1.0]];[0.22195217792511784, 0.43013424721739607, -0.520172084343479];[0.020226726532340755, -0.7730639079436746, 0.6293988902409352, 0.07628965022936525];[-1.7702378012842324, -0.14391113786065252, 3.076109285483921]
