timestamp;T_cam_map;trans_cam_map;rot_quat_cam_map;rot_eul_cam_map;T_map_cam;trans_map_cam;rot_quat_map_cam;rot_eul_map_cam
1681734495.6368108;[[-0.9873955080007331, 0.0600873860935061, 0.14642273325008312, 0.27086044853024005], [-0.13137068306861793, 0.20481853322167007, -0.9699438705816997, -0.5566301287416844], [-0.08827148129526213, -0.9769538753090518, -0.1943431787034641, 0.3383834093426086], [0.0, 0.0, 0.0, 1.0]];[0.27086044853024005, -0.5566301287416844, 0.3383834093426086];[-0.023071288873085596, 0.7724243037226798, -0.6301257406414212, 0.07596026348932906];[-1.7671606080743916, 0.08838651819983491, -3.009321794065065];[[-0.9873955080007331, -0.13137068306861793, -0.08827148129526213, 0.22419111473286796], [0.0600873860935061, 0.20481853322167007, -0.9769538753090518, 0.4283178532651148], [0.14642273325008312, -0.9699438705816997, -0.1943431787034641, -0.5137976013650821], [0.0, 0.0, 0.0, 1.0]];[0.22419111473286796, 0.4283178532651148, -0.5137976013650821];[0.023071288873085596, -0.7724243037226798, 0.6301257406414212, 0.07596026348932906];[-1.7685431953075101, -0.1469510543254158, 3.080813181848836]
