timestamp;T_cam_map;trans_cam_map;rot_quat_cam_map;rot_eul_cam_map;T_map_cam;trans_map_cam;rot_quat_map_cam;rot_eul_map_cam
1681734495.736789;[[-0.9867323696144906, 0.05522625916267489, 0.15267380605025008, 0.269937101341267], [-0.13839963568834313, 0.2055146576512107, -0.9688184898792134, -0.5647058915234023], [-0.08488092598638525, -0.9770945633813559, -0.1951446709861457, 0.3398720324668942], [0.0, 0.0, 0.0, 1.0]];[0.269937101341267, -0.5647058915234023, 0.3398720324668942];[-0.026914883059584387, 0.7725593340080502, -0.6296969590559285, 0.07687264963980102];[-1.767921996533861, 0.08498318247925028, -3.0022411691090585];[[-0.9867323696144906, -0.13839963568834313, -0.08488092598638525, 0.2170492388281003], [0.05522625916267489, 0.2055146576512107, -0.9770945633813559, 0.433234836822534], [0.15267380605025008, -0.9688184898792134, -0.1951446709861457, -0.5219856177543963], [0.0, 0.0, 0.0, 1.0]];[0.2170492388281003, 0.433234836822534, -0.5219856177543963];[0.026914883059584387, -0.7725593340080502, 0.6296969590559285, 0.07687264963980102];[-1.7695621060976965, -0.15327323479870533, 3.085682152024588]
