timestamp;T_cam_map;trans_cam_map;rot_quat_cam_map;rot_eul_cam_map;T_map_cam;trans_map_cam;rot_quat_map_cam;rot_eul_map_cam
1681734495.8367808;[[-0.9842249552822993, 0.045085511963845366, 0.17108048985934743, 0.27236222854746067], [-0.1583451520791307, 0.20685688547167455, -0.9654724448403464, -0.5670028040473302], [-0.07891799675988546, -0.9773318400338324, -0.196454636604714, 0.34502053676162797], [0.0, 0.0, 0.0, 1.0]];[0.27236222854746067, -0.5670028040473302, 0.34502053676162797];[-0.036649678889249256, 0.7725827588936164, -0.6286719003593827, 0.0808969925038339];[-1.7691639957873018, 0.07900014473965149, -2.982076463014205];[[-0.9842249552822993, -0.1583451520791307, -0.07891799675988546, 0.20551188657879182], [0.045085511963845366, 0.20685688547167455, -0.9773318400338324, 0.4422083996279631], [0.17108048985934743, -0.9654724448403464, -0.196454636604714, -0.5262405627633218], [0.0, 0.0, 0.0, 1.0]];[0.20551188657879182, 0.4422083996279631, -0.5262405627633218];[0.036649678889249256, -0.7725827588936164, 0.6286719003593827, 0.0808969925038339];[-1.77153609206013, -0.17192622277809586, 3.0958165169730356]
