timestamp;T_cam_map;trans_cam_map;rot_quat_cam_map;rot_eul_cam_map;T_map_cam;trans_map_cam;rot_quat_map_cam;rot_eul_map_cam
1681734461.5852993;[[0.039038170618308776, 0.00881570459771236, 0.9991988313580145, -0.017496125464787224], [-0.9965386281156552, 0.0737913257037523, 0.038283193757189804, 0.05189380786867139], [-0.07339471308032747, -0.9972347384659886, 0.011665868528651424, 0.12831400757478872], [0.0, 0.0, 0.0, 1.0]];[-0.017496125464787224, 0.05189380786867139, 0.12831400757478872];[-0.48825735437008655, 0.5057388868172963, -0.4740349069969928, 0.5302111289030796];[-1.5590986432194929, 0.07346076690043894, -1.531642581252334];[[0.039038170618308776, -0.9965386281156552, -0.07339471308032747, 0.06181477060233548], [0.00881570459771236, 0.0737913257037523, -0.9972347384659886, 0.12428411358062433], [0.9991988313580145, 0.038283193757189804, 0.011665868528651424, 0.013998553073521991], [0.0, 0.0, 0.0, 1.0]];[0.06181477060233548, 0.12428411358062433, 0.013998553073521991];[0.48825735437008655, -0.5057388868172963, 0.4740349069969928, 0.5302111289030796];[1.2750097936959026, -1.5307644484133118, 0.22209734990110644]
