timestamp;T_cam_map;trans_cam_map;rot_quat_cam_map;rot_eul_cam_map;T_map_cam;trans_map_cam;rot_quat_map_cam;rot_eul_map_cam
1681734495.936779;[[-0.9834249559924583, 0.041344010356173994, 0.17653902893949713, 0.274606499533622], [-0.16449223146964798, 0.2061489893837326, -0.9645957184034158, -0.5694139672555143], [-0.07627359777385474, -0.9776468007331353, -0.19593129229119566, 0.3434634340808898], [0.0, 0.0, 0.0, 1.0]];[0.274606499533622, -0.5694139672555143, 0.3434634340808898];[-0.039866486285491165, 0.772254044610222, -0.6287576389829252, 0.08184244177087911];[-1.7685871650240574, 0.07634774772401626, -2.975862210633178];[[-0.9834249559924583, -0.16449223146964798, -0.07627359777385474, 0.20258790243636324], [0.041344010356173994, 0.2061489893837326, -0.9776468007331353, 0.4418167074281133], [0.17653902893949713, -0.9645957184034158, -0.19593129229119566, -0.5304378050876714], [0.0, 0.0, 0.0, 1.0]];[0.20258790243636324, 0.4418167074281133, -0.5304378050876714];[0.039866486285491165, -0.772254044610222, 0.6287576389829252, 0.08184244177087911];[-1.771192677293276, -0.1774691368183744, 3.099576556352991]
