timestamp;T_cam_map;trans_cam_map;rot_quat_cam_map;rot_eul_cam_map;T_map_cam;trans_map_cam;rot_quat_map_cam;rot_eul_map_cam
1681734496.0368001;[[-0.9813381756666831, 0.03571895325343938, 0.18894322257669077, 0.2763880801983428], [-0.17778002568608106, 0.2059139290041197, -0.9622856729210629, -0.5675873293822955], [-0.07327787828698817, -0.9779179976974375, -0.1957210830063853, 0.34633320034718773], [0.0, 0.0, 0.0, 1.0]];[0.2763880801983428, -0.5675873293822955, 0.34633320034718773];[-0.0460135260971776, 0.7718440884785586, -0.6284312141468185, 0.08493331256204965];[-1.768327063691105, 0.07334361665286591, -2.962375556456159];[[-0.9813381756666831, -0.17778002568608106, -0.07327787828698817, 0.19570304650296427], [0.03571895325343938, 0.2059139290041197, -0.9779179976974375, 0.44568731394931854], [0.18894322257669077, -0.9622856729210629, -0.1957210830063853, -0.5306181006975519], [0.0, 0.0, 0.0, 1.0]];[0.19570304650296427, 0.44568731394931854, -0.5306181006975519];[0.0460135260971776, -0.7718440884785586, 0.6284312141468185, 0.08493331256204965];[-1.771451163104168, -0.19008587365881716, 3.105210504375604]
