timestamp;T_cam_map;trans_cam_map;rot_quat_cam_map;rot_eul_cam_map;T_map_cam;trans_map_cam;rot_quat_map_cam;rot_eul_map_cam
1681734496.1368027;[[-0.9812584471366796, 0.030026064806528183, 0.19034257368005317, 0.2785144926064872], [-0.18060864326015158, 0.20103449868523895, -0.962790552673894, -0.5650338398895879], [-0.06717423540792708, -0.9791238766216506, -0.19184383317363005, 0.3440330071524831], [0.0, 0.0, 0.0, 1.0]];[0.2785144926064872, -0.5650338398895879, 0.3440330071524831];[-0.04886432070466008, 0.7704117047065725, -0.6301547657674681, 0.08356467312047812];[-1.7642794044619488, 0.06722485752310932, -2.9595716940721464];[[-0.9812584471366796, -0.18060864326015158, -0.06717423540792708, 0.1943548575121276], [0.030026064806528183, 0.20103449868523895, -0.9791238766216506, 0.4420795321867823], [0.19034257368005317, -0.962790552673894, -0.19184383317363005, -0.5310217974862783], [0.0, 0.0, 0.0, 1.0]];[0.1943548575121276, 0.4420795321867823, -0.5310217974862783];[0.04886432070466008, -0.7704117047065725, 0.6301547657674681, 0.08356467312047812];[-1.767478436521324, -0.19151108807289444, 3.1110026508264186]
