timestamp;T_cam_map;trans_cam_map;rot_quat_cam_map;rot_eul_cam_map;T_map_cam;trans_map_cam;rot_quat_map_cam;rot_eul_map_cam
1681734496.2368052;[[-0.9803349441480782, 0.02492318350381499, 0.19576065030086998, 0.28296694671347916], [-0.18700806114251073, 0.19945463642149022, -0.961896997124791, -0.5655916730918079], [-0.06301890470250426, -0.9795900586132988, -0.19087151363178953, 0.3592007853608639], [0.0, 0.0, 0.0, 1.0]];[0.28296694671347916, -0.5655916730918079, 0.3592007853608639];[-0.05263538035917706, 0.7698475651389303, -0.63047775418622, 0.08403597241899236];[-1.7632335122649685, 0.0630606914513246, -2.9530979123252297];[[-0.9803349441480782, -0.18700806114251073, -0.06301890470250426, 0.19426862378058407], [0.02492318350381499, 0.19945463642149022, -0.9795900586132988, 0.45762696276668635], [0.19576065030086998, -0.961896997124791, -0.19087151363178953, -0.5308735278485233], [0.0, 0.0, 0.0, 1.0]];[0.19426862378058407, 0.45762696276668635, -0.5308735278485233];[0.05263538035917706, -0.7698475651389303, 0.63047775418622, 0.08403597241899236];[-1.7666841094985668, -0.1970330481589632, 3.1161749979672484]
