timestamp;T_cam_map;trans_cam_map;rot_quat_cam_map;rot_eul_cam_map;T_map_cam;trans_map_cam;rot_quat_map_cam;rot_eul_map_cam
1681734496.3367972;[[-0.9800387428028251, 0.014048760754598363, 0.19830959363257916, 0.2860375167117622], [-0.1919147501370616, 0.19351143469850146, -0.962144507504334, -0.5634084726963904], [-0.05189211197559644, -0.9809974296409691, -0.18695253876993617, 0.35654682656889575], [0.0, 0.0, 0.0, 1.0]];[0.2860375167117622, -0.5634084726963904, 0.35654682656889575];[-0.057884283852808305, 0.7681963805354824, -0.6323714828592423, 0.08142504701524657];[-1.7591121512057584, 0.05191542934611089, -2.948216034435843];[[-0.9800387428028251, -0.1919147501370616, -0.05189211197559644, 0.19070341985886294], [0.014048760754598363, 0.19351143469850146, -0.9809974296409691, 0.454779029644378], [0.19830959363257916, -0.962144507504334, -0.18695253876993617, -0.5321470167716], [0.0, 0.0, 0.0, 1.0]];[0.19070341985886294, 0.454779029644378, -0.5321470167716];[0.057884283852808305, -0.7681963805354824, 0.6323714828592423, 0.08142504701524657];[-1.7627130311259644, -0.19963295984530274, 3.127258731910013]
