timestamp;T_cam_map;trans_cam_map;rot_quat_cam_map;rot_eul_cam_map;T_map_cam;trans_map_cam;rot_quat_map_cam;rot_eul_map_cam
1681734496.4368198;[[-0.9829005130279671, -0.001244309830839424, 0.18413319413512547, 0.2934350476255775], [-0.18089480560887916, 0.19336070117481813, -0.9643073724414372, -0.5565993063377598], [-0.034404226384046985, -0.9811269494485552, -0.19027942156914318, 0.36213923108670326], [0.0, 0.0, 0.0, 1.0]];[0.2934350476255775, -0.5565993063377598, 0.36213923108670326];[-0.05919925541414732, 0.769178236134501, -0.6323093369316963, 0.07102951248901376];[-1.7623578982124761, 0.034411017100002994, -2.9595875112123875];[[-0.9829005130279671, -0.18089480560887916, -0.034404226384046985, 0.20019065561841168], [-0.001244309830839424, 0.19336070117481813, -0.9811269494485552, 0.4632941153331026], [0.18413319413512547, -0.9643073724414372, -0.19027942156914318, -0.5218563037691099], [0.0, 0.0, 0.0, 1.0]];[0.20019065561841168, 0.4632941153331026, -0.5218563037691099];[0.05919925541414732, -0.769178236134501, 0.6323093369316963, 0.07102951248901376];[-1.7656159270905825, -0.1851899044062942, -3.1403266972192174]
