timestamp;T_cam_map;trans_cam_map;rot_quat_cam_map;rot_eul_cam_map;T_map_cam;trans_map_cam;rot_quat_map_cam;rot_eul_map_cam
1681734496.5367672;[[-0.9845592865676571, -0.004229104876680087, 0.17500035972913894, 0.29616653112192015], [-0.1722965930412521, 0.2000724422419433, -0.96451277953261, -0.5582582861397819], [-0.03093372366468583, -0.9797719798643387, -0.1977118413574426, 0.3660810173249886], [0.0, 0.0, 0.0, 1.0]];[0.29616653112192015, -0.5582582861397819, 0.3660810173249886];[-0.05718415984309416, 0.7717421153090978, -0.6298362888418448, 0.06671078308048024];[-1.7699160295908216, 0.030938659179151604, -2.96834825065763];[[-0.9845592865676571, -0.1722965930412521, -0.03093372366468583, 0.2067317568765009], [-0.004229104876680087, 0.2000724422419433, -0.9797719798643387, 0.47162054116612023], [0.17500035972913894, -0.96451277953261, -0.1977118413574426, -0.51789794872653], [0.0, 0.0, 0.0, 1.0]];[0.2067317568765009, 0.47162054116612023, -0.51789794872653];[0.05718415984309416, -0.7717421153090978, 0.6298362888418448, 0.06671078308048024];[-1.7729817118675164, -0.17590613353105738, -3.1372972506367516]
