timestamp;T_cam_map;trans_cam_map;rot_quat_cam_map;rot_eul_cam_map;T_map_cam;trans_map_cam;rot_quat_map_cam;rot_eul_map_cam
1681734496.6367812;[[-0.9861585254329311, -0.005958463678727696, 0.16569809723269763, 0.29809631774261924], [-0.1633414981937737, 0.20654902370897035, -0.9647056834976587, -0.5646232797588138], [-0.028476616438064747, -0.9784181097646653, -0.2046633450346663, 0.36945308040638797], [0.0, 0.0, 0.0, 1.0]];[0.29809631774261924, -0.5646232797588138, 0.36945308040638797];[-0.05467128106411295, 0.7741722828570794, -0.6274842939646565, 0.06270397364077715];[-1.777000915876946, 0.028480466541823554, -2.977448785411338];[[-0.9861585254329311, -0.1633414981937737, -0.028476616438064747, 0.21226458637375517], [-0.005958463678727696, 0.20654902370897035, -0.9784181097646653, 0.4798781678575225], [0.16569809723269763, -0.9647056834976587, -0.2046633450346663, -0.5184757763911088], [0.0, 0.0, 0.0, 1.0]];[0.21226458637375517, 0.4798781678575225, -0.5184757763911088];[0.05467128106411295, -0.7741722828570794, 0.6274842939646565, 0.06270397364077715];[-1.779847843715402, -0.16646585190599164, -3.135550631928696]
