timestamp;T_cam_map;trans_cam_map;rot_quat_cam_map;rot_eul_cam_map;T_map_cam;trans_map_cam;rot_quat_map_cam;rot_eul_map_cam
1681734496.7367895;[[-0.9886638250543716, -0.005618395545316651, 0.15004090995577016, 0.30560419055436117], [-0.1478321147307505, 0.2111888293780837, -0.9662012959006778, -0.5710431655494607], [-0.026258463075614018, -0.9774291339925423, -0.20962533515654913, 0.3777061777283303], [0.0, 0.0, 0.0, 1.0]];[0.30560419055436117, -0.5710431655494607, 0.3777061777283303];[-0.049428434944103955, 0.7761246661440745, -0.6260690178645919, 0.05678835524815583];[-1.7820620424815876, 0.026261481577454532, -2.9931651526800334];[[-0.9886638250543716, -0.1478321147307505, -0.026258463075614018, 0.2276392729417116], [-0.005618395545316651, 0.2111888293780837, -0.9774291339925423, 0.4914959650802217], [0.15004090995577016, -0.9662012959006778, -0.20962533515654913, -0.5184189933091866], [0.0, 0.0, 0.0, 1.0]];[0.2276392729417116, 0.4914959650802217, -0.5184189933091866];[0.049428434944103955, -0.7761246661440745, 0.6260690178645919, 0.05678835524815583];[-1.7844434539553513, -0.15060965101439927, -3.135909897810538]
