timestamp;T_cam_map;trans_cam_map;rot_quat_cam_map;rot_eul_cam_map;T_map_cam;trans_map_cam;rot_quat_map_cam;rot_eul_map_cam
1681734496.836853;[[-0.9883052295349825, -0.001694514221687815, 0.15247918512163577, 0.3096607878029866], [-0.14929345788877427, 0.2143757004478911, -0.9652743249921698, -0.576299627423117], [-0.031052161042644986, -0.9767498081284831, -0.21212160572547326, 0.38827754459141167], [0.0, 0.0, 0.0, 1.0]];[0.3096607878029866, -0.576299627423117, 0.38827754459141167];[-0.04858156991750974, 0.7769817461994114, -0.6248615693418859, 0.059052656983906035];[-1.7846465138996177, 0.031057153481443542, -2.9916661235497353];[[-0.9883052295349825, -0.14929345788877427, -0.031052161042644986, 0.2320584686535], [-0.001694514221687815, 0.2143757004478911, -0.9767498081284831, 0.5033193780857804], [0.15247918512163577, -0.9652743249921698, -0.21212160572547326, -0.521142002216537], [0.0, 0.0, 0.0, 1.0]];[0.2320584686535, 0.5033193780857804, -0.521142002216537];[0.04858156991750974, -0.7769817461994114, 0.6248615693418859, 0.059052656983906035];[-1.7871107032436184, -0.15307630818680076, -3.1398780895962246]
