timestamp;T_cam_map;trans_cam_map;rot_quat_cam_map;rot_eul_cam_map;T_map_cam;trans_map_cam;rot_quat_map_cam;rot_eul_map_cam
1681734461.685286;[[0.04241022463415575, 0.011526899229795218, 0.9990337849345369, -0.031667224467640226], [-0.9966039077783189, 0.07113038950305248, 0.04148636752148882, 0.04441316988797076], [-0.070583453071272, -0.9974004202341656, 0.014504408614120223, 0.12621886272644686], [0.0, 0.0, 0.0, 1.0]];[-0.031667224467640226, 0.04441316988797076, 0.12621886272644686];[-0.489074489857369, 0.5035413975669668, -0.47459556321064356, 0.5310473196315297];[-1.5562551395193185, 0.07064219293072305, -1.5282672420007433];[[0.04241022463415575, -0.9966039077783189, -0.070583453071272, 0.05451431594434836], [0.011526899229795218, 0.07113038950305248, -0.9974004202341656, 0.12309664555696576], [0.9990337849345369, 0.04148636752148882, 0.014504408614120223, 0.027963356069717595], [0.0, 0.0, 0.0, 1.0]];[0.05451431594434836, 0.12309664555696576, 0.027963356069717595];[0.489074489857369, -0.5035413975669668, 0.47459556321064356, 0.5310473196315297];[1.2344612631839538, -1.526833371916394, 0.26538438163358524]
