timestamp;T_cam_map;trans_cam_map;rot_quat_cam_map;rot_eul_cam_map;T_map_cam;trans_map_cam;rot_quat_map_cam;rot_eul_map_cam
1681734496.9368033;[[-0.9859949532830926, -0.0062246690316916375, 0.1666589499418456, 0.3271582326400658], [-0.16422759722018393, 0.21023662778392016, -0.9637581940763621, -0.5831846789937671], [-0.029038739841076563, -0.9776307144487083, -0.20831451642876675, 0.3946514924334935], [0.0, 0.0, 0.0, 1.0]];[0.3271582326400658, -0.5831846789937671, 0.3946514924334935];[-0.05496120304759165, 0.7753299454902699, -0.6259879809290283, 0.06310142247220157];[-1.7807375382356527, 0.029042822535700407, -2.976547487611874];[[-0.9859949532830926, -0.16422759722018393, -0.029038739841076563, 0.23826152975801898], [-0.0062246690316916375, 0.21023662778392016, -0.9776307144487083, 0.5104666525120803], [0.1666589499418456, -0.9637581940763621, -0.20831451642876675, -0.5343612257524852], [0.0, 0.0, 0.0, 1.0]];[0.23826152975801898, 0.5104666525120803, -0.5343612257524852];[0.05496120304759165, -0.7753299454902699, 0.6259879809290283, 0.06310142247220157];[-1.7836696152168128, -0.16744025303748764, -3.1352796533881677]
