timestamp;T_cam_map;trans_cam_map;rot_quat_cam_map;rot_eul_cam_map;T_map_cam;trans_map_cam;rot_quat_map_cam;rot_eul_map_cam
1681734497.036813;[[-0.9857864365883728, -0.016567855515958546, 0.16718435214457367, 0.3508957254239314], [-0.16704921357900918, 0.20256481143523747, -0.9649155700945247, -0.5807201516694839], [-0.017879085016663035, -0.9791286960005867, -0.20245329087756986, 0.3953759504863696], [0.0, 0.0, 0.0, 1.0]];[0.3508957254239314, -0.5807201516694839, 0.3953759504863696];[-0.0593760112628826, 0.7731113339780339, -0.6286430494079223, 0.05984372141105321];[-1.7746918204817785, 0.017880037696772256, -2.9737295015699345];[[-0.9857864365883728, -0.16704921357900918, -0.017879085016663035, 0.25596836236616893], [-0.016567855515958546, 0.20256481143523747, -0.9791286960005867, 0.5105709965292741], [0.16718435214457367, -0.9649155700945247, -0.20245329087756986, -0.5389650284290264], [0.0, 0.0, 0.0, 1.0]];[0.25596836236616893, 0.5105709965292741, -0.5389650284290264];[0.0593760112628826, -0.7731113339780339, 0.6286430494079223, 0.05984372141105321];[-1.777610862313699, -0.16797313144412915, -3.1247874965996023]
