timestamp;T_cam_map;trans_cam_map;rot_quat_cam_map;rot_eul_cam_map;T_map_cam;trans_map_cam;rot_quat_map_cam;rot_eul_map_cam
1681734497.1368103;[[-0.9871652833248459, -0.01928433798036043, 0.15853333310959028, 0.3635874184861823], [-0.1592129730221738, 0.19645643724601045, -0.9674999211814156, -0.5780281896467789], [-0.012487298331410587, -0.9803228970973105, -0.1970052913175653, 0.39290105772706624], [0.0, 0.0, 0.0, 1.0]];[0.3635874184861823, -0.5780281896467789, 0.39290105772706624];[-0.057843691848612835, 0.7714640321959964, -0.6312098610528177, 0.055420805216992844];[-1.7691144026122583, 0.012487622883708308, -2.981686672656858];[[-0.9871652833248459, -0.1592129730221738, -0.012487298331410587, 0.27179756314153747], [-0.01928433798036043, 0.19645643724601045, -0.9803228970973105, 0.5057388046128568], [0.15853333310959028, -0.9674999211814156, -0.1970052913175653, -0.5394793659167205], [0.0, 0.0, 0.0, 1.0]];[0.27179756314153747, 0.5057388046128568, -0.5394793659167205];[0.057843691848612835, -0.7714640321959964, 0.6312098610528177, 0.055420805216992844];[-1.771673155401373, -0.15920502273703738, -3.122060072998488]
