timestamp;T_cam_map;trans_cam_map;rot_quat_cam_map;rot_eul_cam_map;T_map_cam;trans_map_cam;rot_quat_map_cam;rot_eul_map_cam
1681734497.2368054;[[-0.990578326200389, -0.012584490152474925, 0.13636792243646906, 0.3765584513708254], [-0.1363483609238011, 0.18366147258550247, -0.9734873332309559, -0.5797471199949222], [-0.01279469168950343, -0.9829089958359969, -0.18364694870659715, 0.4019670677288742], [0.0, 0.0, 0.0, 1.0]];[0.3765584513708254, -0.5797471199949222, 0.4019670677288742];[-0.04849523151998096, 0.7677705952126079, -0.6370380492773351, 0.04857004652694044];[-1.7555068437388832, 0.012795040805879202, -3.0048069791272614];[[-0.990578326200389, -0.1363483609238011, -0.01279469168950343, 0.29910611561484557], [-0.012584490152474925, 0.18366147258550247, -0.9829089958359969, 0.5063130528091067], [0.13636792243646906, -0.9734873332309559, -0.18364694870659715, -0.5419069460125717], [0.0, 0.0, 0.0, 1.0]];[0.29910611561484557, 0.5063130528091067, -0.5419069460125717];[0.04849523151998096, -0.7677705952126079, 0.6370380492773351, 0.04857004652694044];[-1.757253563248758, -0.13679415341272935, -3.128889152155236]
