timestamp;T_cam_map;trans_cam_map;rot_quat_cam_map;rot_eul_cam_map;T_map_cam;trans_map_cam;rot_quat_map_cam;rot_eul_map_cam
1681734497.3368075;[[-0.99177650493928, -0.007269313238563273, 0.12777527669884473, 0.38118351638035297], [-0.1271164139705143, 0.1718642488308845, -0.9768848945874191, -0.5780783438311966], [-0.014858719652228534, -0.9850938214499347, -0.1713749730604238, 0.40931467896940327], [0.0, 0.0, 0.0, 1.0]];[0.38118351638035297, -0.5780783438311966, 0.40931467896940327];[-0.043972205113740816, 0.7640379124805571, -0.6419768849125279, 0.04667111213368716];[-1.7430406525589421, 0.014859266461748656, -3.0141172397069798];[[-0.99177650493928, -0.1271164139705143, -0.014858719652228534, 0.31064750161868404], [-0.007269313238563273, 0.1718642488308845, -0.9850938214499347, 0.505335303991419], [0.12777527669884473, -0.9768848945874191, -0.1713749730604238, -0.5432755391737293], [0.0, 0.0, 0.0, 1.0]];[0.31064750161868404, 0.505335303991419, -0.5432755391737293];[0.043972205113740816, -0.7640379124805571, 0.6419768849125279, 0.04667111213368716];[-1.7444592409378055, -0.12812554387096498, -3.1342631967711907]
