timestamp;T_cam_map;trans_cam_map;rot_quat_cam_map;rot_eul_cam_map;T_map_cam;trans_map_cam;rot_quat_map_cam;rot_eul_map_cam
1681734497.4368224;[[-0.992840003602806, -0.006004603813108009, 0.11930076269256407, 0.38841745423576834], [-0.11875082155842442, 0.15765327611404187, -0.9803283566793877, -0.5720245024607767], [-0.01292167269277164, -0.987476272759785, -0.15723753086099904, 0.4131086799974601], [0.0, 0.0, 0.0, 1.0]];[0.38841745423576834, -0.5720245024607767, 0.4131086799974601];[-0.0410616948753669, 0.759560861711859, -0.6476783917631815, 0.04351936824632447];[-1.7287023820313405, 0.012922032307600135, -3.02255096090199];[[-0.992840003602806, -0.11875082155842442, -0.01292167269277164, 0.32304606219353693], [-0.006004603813108009, 0.15765327611404187, -0.987476272759785, 0.5004488493258347], [0.11930076269256407, -0.9803283566793877, -0.15723753086099904, -0.5421541501911017], [0.0, 0.0, 0.0, 1.0]];[0.32304606219353693, 0.5004488493258347, -0.5421541501911017];[0.0410616948753669, -0.759560861711859, 0.6476783917631815, 0.04351936824632447];[-1.7298344820648637, -0.11958558546569605, -3.1355448205225915]
