timestamp;T_cam_map;trans_cam_map;rot_quat_cam_map;rot_eul_cam_map;T_map_cam;trans_map_cam;rot_quat_map_cam;rot_eul_map_cam
1681734497.5368528;[[-0.9952552167472266, 1.6096895051546933e-05, 0.09729878353978319, 0.4025591261478902], [-0.09636950610680867, 0.13771487814310882, -0.9857725552229373, -0.5497920335434338], [-0.013415357996020082, -0.9904719138263938, -0.13705989964581164, 0.4183281760469741], [0.0, 0.0, 0.0, 1.0]];[0.4025591261478902, -0.5497920335434338, 0.4183281760469741];[-0.031975790668396856, 0.7533309356677428, -0.6558354288535932, 0.0367415355900882];[-1.7083014689404399, 0.013415760426367825, -3.045064641750276];[[-0.9952552167472266, -0.09636950610680867, -0.013415357996020082, 0.35327790585534613], [1.6096895051546933e-05, 0.13771487814310882, -0.9904719138263938, 0.49005037208823143], [0.09729878353978319, -0.9857725552229373, -0.13705989964581164, -0.5238023931963397], [0.0, 0.0, 0.0, 1.0]];[0.35327790585534613, 0.49005037208823143, -0.5238023931963397];[0.031975790668396856, -0.7533309356677428, 0.6558354288535932, 0.0367415355900882];[-1.7089486915018657, -0.09745296340818059, 3.1415764799543484]
