timestamp;T_cam_map;trans_cam_map;rot_quat_cam_map;rot_eul_cam_map;T_map_cam;trans_map_cam;rot_quat_map_cam;rot_eul_map_cam
1681734497.6368449;[[-0.9969056852443702, 0.007393790460423419, 0.07825846018214981, 0.4081785289774055], [-0.07652386692765971, 0.13638948818521315, -0.98769529982835, -0.5435606400127362], [-0.01797644341608218, -0.9906276996809668, -0.13540165474212426, 0.42270545032009177], [0.0, 0.0, 0.0, 1.0]];[0.4081785289774055, -0.5435606400127362, 0.42270545032009177];[-0.02294820969346806, 0.7531096912422033, -0.6567180792236941, 0.031945845577786625];[-1.7066372525173168, 0.0179774117457274, -3.0649814993024695];[[-0.9969056852443702, -0.07652386692765971, -0.01797644341608218, 0.37291887465815976], [0.007393790460423419, 0.13638948818521315, -0.9906276996809668, 0.4898616988684607], [0.07825846018214981, -0.98769529982835, -0.13540165474212426, -0.5115806950276007], [0.0, 0.0, 0.0, 1.0]];[0.37291887465815976, 0.4898616988684607, -0.5115806950276007];[0.02294820969346806, -0.7531096912422033, 0.6567180792236941, 0.031945845577786625];[-1.7070355901501053, -0.07833856198160116, 3.1341760493897106]
