timestamp;T_cam_map;trans_cam_map;rot_quat_cam_map;rot_eul_cam_map;T_map_cam;trans_map_cam;rot_quat_map_cam;rot_eul_map_cam
1681734497.736889;[[-0.9979086629447137, 0.009685185373407974, 0.06391007435590039, 0.41276081909125434], [-0.06198398423013028, 0.13711766638326886, -0.9886135398954264, -0.5409777947311174], [-0.01833810565061052, -0.9905074168071079, -0.13623058074917602, 0.4232193203051758], [0.0, 0.0, 0.0, 1.0]];[0.41276081909125434, -0.5409777947311174, 0.4232193203051758];[-0.017351162937923395, 0.7535344899334666, -0.6566125980767253, 0.02728746364807171];[-1.7074749723914393, 0.018339133614574683, -3.0795584651285717];[[-0.9979086629447137, -0.06198398423013028, -0.01833810565061052, 0.3861266786069901], [0.009685185373407974, 0.13711766638326886, -0.9905074168071079, 0.489381823429259], [0.06391007435590039, -0.9886135398954264, -0.13623058074917602, -0.5035421335038301], [0.0, 0.0, 0.0, 1.0]];[0.3861266786069901, 0.489381823429259, -0.5035421335038301];[0.017351162937923395, -0.7535344899334666, 0.6566125980767253, 0.02728746364807171];[-1.707733548355167, -0.06395366127492026, 3.1318874755038273]
