timestamp;T_cam_map;trans_cam_map;rot_quat_cam_map;rot_eul_cam_map;T_map_cam;trans_map_cam;rot_quat_map_cam;rot_eul_map_cam
1681734497.8369267;[[-0.9987699712622805, 0.018758019562495384, 0.045898597002925444, 0.4197516755571966], [-0.04284692457313989, 0.13935217195053082, -0.989315477098834, -0.539623397867421], [-0.024953668254739166, -0.9900652043551289, -0.13837704132503217, 0.4367529675951298], [0.0, 0.0, 0.0, 1.0]];[0.4197516755571966, -0.539623397867421, 0.4367529675951298];[-0.007982764436916964, 0.7544036029437167, -0.6559422150591311, 0.0234795621936308];[-1.709662350953801, 0.02495625869548093, -3.0987192494368667];[[-0.9987699712622805, -0.04284692457313989, -0.024953668254739166, 0.4070127545698702], [0.018758019562495384, 0.13935217195053082, -0.9900652043551289, 0.4997378985014397], [0.045898597002925444, -0.989315477098834, -0.13837704132503217, -0.49268720886686235], [0.0, 0.0, 0.0, 1.0]];[0.4070127545698702, 0.4997378985014397, -0.49268720886686235];[0.007982764436916964, -0.7544036029437167, 0.6559422150591311, 0.0234795621936308];[-1.709766237794797, -0.04591472791844379, 3.12281374046639]
