timestamp;T_cam_map;trans_cam_map;rot_quat_cam_map;rot_eul_cam_map;T_map_cam;trans_map_cam;rot_quat_map_cam;rot_eul_map_cam
1681734461.78526;[[0.031506337953408764, 0.005434702686717585, 0.9994887766630861, -0.035920614883645376], [-0.9969580751936489, 0.07149300600303951, 0.031037822069593712, 0.0438050780052327], [-0.07128777577495315, -0.9974262950711477, 0.007670653538236594, 0.13865016649683004], [0.0, 0.0, 0.0, 1.0]];[-0.035920614883645376, 0.0438050780052327, 0.13865016649683004];[-0.487940231588904, 0.5080147671356106, -0.4755710539924052, 0.5269416470290342];[-1.5631060319232153, 0.07134829439201808, -1.5392043708356453];[[0.031506337953408764, -0.9969580751936489, -0.07128777577495315, 0.054687615264208775], [0.005434702686717585, 0.07149300600303951, -0.9974262950711477, 0.135356783037356], [0.9994887766630861, 0.031037822069593712, 0.007670653538236594, 0.03347909981995349], [0.0, 0.0, 0.0, 1.0]];[0.054687615264208775, 0.135356783037356, 0.03347909981995349];[0.487940231588904, -0.5080147671356106, 0.4755710539924052, 0.5269416470290342];[1.3285122610320892, -1.5388192443429514, 0.17081459455122128]
