timestamp;T_cam_map;trans_cam_map;rot_quat_cam_map;rot_eul_cam_map;T_map_cam;trans_map_cam;rot_quat_map_cam;rot_eul_map_cam
1681734497.936881;[[-0.9989860176332043, 0.016550106997855862, 0.04186920744068341, 0.42100683543000406], [-0.03926175052055701, 0.1348712433710786, -0.990084977493145, -0.5380535243124822], [-0.022032964380967843, -0.990724907161367, -0.1340847001364741, 0.43709011927844665], [0.0, 0.0, 0.0, 1.0]];[0.42100683543000406, -0.5380535243124822, 0.43709011927844665];[-0.007540542622904739, 0.7529843891377755, -0.6576530381070347, 0.021216300345490588];[-1.705318945371754, 0.022034747426513266, -3.102311268498223];[[-0.9989860176332043, -0.03926175052055701, -0.022032964380967843, 0.40908540971364926], [0.016550106997855862, 0.1348712433710786, -0.990724907161367, 0.4986363074943097], [0.04186920744068341, -0.990084977493145, -0.1340847001364741, -0.49173883645952926], [0.0, 0.0, 0.0, 1.0]];[0.40908540971364926, 0.4986363074943097, -0.49173883645952926];[0.007540542622904739, -0.7529843891377755, 0.6576530381070347, 0.021216300345490588];[-1.7054048463106586, -0.04188145010076542, 3.1250272634562877]
