timestamp;T_cam_map;trans_cam_map;rot_quat_cam_map;rot_eul_cam_map;T_map_cam;trans_map_cam;rot_quat_map_cam;rot_eul_map_cam
1681734498.0368826;[[-0.9995390883637739, 0.012756830159264711, 0.027547669905164385, 0.42528496378680497], [-0.025729513740980446, 0.12562546061189295, -0.9917440374253345, -0.5270728482575174], [-0.016112198967519108, -0.9919957192096839, -0.12523933133841647, 0.4413261413892825], [0.0, 0.0, 0.0, 1.0]];[0.42528496378680497, -0.5270728482575174, 0.4413261413892825];[-0.004323839808256361, 0.7500673103652238, -0.6611872458716715, 0.014551983625117781];[-1.696381773412688, 0.01611289617805002, -3.1158569586603067];[[-0.9995390883637739, -0.025729513740980446, -0.016112198967519108, 0.41863835150617573], [0.012756830159264711, 0.12562546061189295, -0.9919957192096839, 0.4985821243195515], [0.027547669905164385, -0.9917440374253345, -0.12523933133841647, -0.4791655734964525], [0.0, 0.0, 0.0, 1.0]];[0.41863835150617573, 0.4985821243195515, -0.4791655734964525];[0.004323839808256361, -0.7500673103652238, 0.6611872458716715, 0.014551983625117781];[-1.6964133099316692, -0.02755115529781409, 3.1288306338393306]
