timestamp;T_cam_map;trans_cam_map;rot_quat_cam_map;rot_eul_cam_map;T_map_cam;trans_map_cam;rot_quat_map_cam;rot_eul_map_cam
1681734498.1368148;[[-0.9998188399052947, 0.010648939529771865, 0.01577616738380829, 0.43215810345144573], [-0.014367826002301985, 0.12138701138460557, -0.9925012640007475, -0.5143855150631658], [-0.01248410775338988, -0.9925481316057198, -0.12121201879185432, 0.44618979752700105], [0.0, 0.0, 0.0, 1.0]];[0.43215810345144573, -0.5143855150631658, 0.44618979752700105];[-0.0012417227905282026, 0.7487352452772869, -0.6628008391909359, 0.009436004019929722];[-1.6923166572099588, 0.012484432056964468, -3.127223213325412];[[-0.9998188399052947, -0.014367826002301985, -0.01248410775338988, 0.4302594935807553], [0.010648939529771865, 0.12138701138460557, -0.9925481316057198, 0.5007025447390528], [0.01577616738380829, -0.9925012640007475, -0.12121201879185432, -0.4632625063376103], [0.0, 0.0, 0.0, 1.0]];[0.4302594935807553, 0.5007025447390528, -0.4632625063376103];[0.0012417227905282026, -0.7487352452772869, 0.6628008391909359, 0.009436004019929722];[-1.6923223392768607, -0.015776821872144294, 3.1309421872686185]
