timestamp;T_cam_map;trans_cam_map;rot_quat_cam_map;rot_eul_cam_map;T_map_cam;trans_map_cam;rot_quat_map_cam;rot_eul_map_cam
1681734498.2368312;[[-0.9999227730386758, 0.0090918513444965, 0.008472673590725949, 0.4361759066017624], [-0.007308862605060604, 0.12117584695509492, -0.9926041480077223, -0.506785617138369], [-0.010051292755947091, -0.9925894178127457, -0.12110003782034612, 0.45062820212558774], [0.0, 0.0, 0.0, 1.0]];[0.4361759066017624, -0.506785617138369, 0.45062820212558774];[0.0005953626154829375, 0.7486986472897685, -0.6628813785782557, 0.0061853879440441];[-1.6922004914006863, 0.010051462008123575, -3.1342833566710686];[[-0.9999227730386758, -0.007308862605060604, -0.010051292755947091, 0.43696759159965787], [0.0090918513444965, 0.12117584695509492, -0.9925894178127457, 0.5047333146763695], [0.008472673590725949, -0.9926041480077223, -0.12110003782034612, -0.45216198948665104], [0.0, 0.0, 0.0, 1.0]];[0.43696759159965787, 0.5047333146763695, -0.45216198948665104];[-0.0005953626154829375, -0.7486986472897685, 0.6628813785782557, 0.0061853879440441];[-1.6921987074193683, -0.008472774964171073, 3.1325003506167834]
