timestamp;T_cam_map;trans_cam_map;rot_quat_cam_map;rot_eul_cam_map;T_map_cam;trans_map_cam;rot_quat_map_cam;rot_eul_map_cam
1681734498.3370476;[[-0.9999599534546392, 0.006763176961699216, -0.005860966164417513, 0.44094974507652734], [0.006611855525559736, 0.11695315006007628, -0.9931154233308102, -0.49694380916486014], [-0.006031156896054948, -0.9931144043504807, -0.11699318363941186, 0.45363014274449986], [0.0, 0.0, 0.0, 1.0]];[0.44094974507652734, -0.49694380916486014, 0.45363014274449986];[0.004474374947865244, 0.7473129008578214, -0.664457225815769, 5.693422776526305e-05];[-1.6880601992354622, 0.00603119346039489, 3.1349806296300606];[[-0.9999599534546392, 0.006611855525559736, -0.006031156896054948, 0.44695372179675075], [0.006763176961699216, 0.11695315006007628, -0.9931144043504807, 0.5056435517346428], [-0.005860966164417513, -0.9931154233308102, -0.11699318363941186, -0.4378665352798036], [0.0, 0.0, 0.0, 1.0]];[0.44695372179675075, 0.5056435517346428, -0.4378665352798036];[-0.004474374947865244, -0.7473129008578214, 0.664457225815769, 5.693422776526305e-05];[-1.6880600800174936, 0.0058609997198704675, 3.1348293089021064]
