timestamp;T_cam_map;trans_cam_map;rot_quat_cam_map;rot_eul_cam_map;T_map_cam;trans_map_cam;rot_quat_map_cam;rot_eul_map_cam
1681734498.4368613;[[-0.9999141949001916, 0.0074261796506739225, -0.010791417557368397, 0.4414998229868563], [0.011555165548095402, 0.1119431215177867, -0.9936474302759557, -0.48999479969918247], [-0.0061709793596860674, -0.9936868668754006, -0.11201932696232546, 0.4569057545130799], [0.0, 0.0, 0.0, 1.0]];[0.4414998229868563, -0.48999479969918247, 0.4569057545130799];[0.0063641681378460505, 0.7456333957415509, -0.6663241978234169, -0.001549165522920011];[-1.6830534090010594, 0.00617101852652062, 3.130037010844706];[[-0.9999141949001916, 0.011555165548095402, -0.0061709793596860674, 0.44994346705913163], [0.0074261796506739225, 0.1119431215177867, -0.9936868668754006, 0.5055941380640114], [-0.010791417557368397, -0.9936474302759557, -0.11201932696232546, -0.4309353895225503], [0.0, 0.0, 0.0, 1.0]];[0.44994346705913163, 0.5055941380640114, -0.4309353895225503];[-0.0063641681378460505, -0.7456333957415509, 0.6663241978234169, -0.001549165522920011];[-1.6830578270037597, 0.010791627020215005, 3.134165973224323]
