timestamp;T_cam_map;trans_cam_map;rot_quat_cam_map;rot_eul_cam_map;T_map_cam;trans_map_cam;rot_quat_map_cam;rot_eul_map_cam
1681734498.5368314;[[-0.999698533634512, 0.008445542294468386, -0.02305460180439197, 0.45009187549243046], [0.02380777911766145, 0.10387611468532255, -0.9943052561720503, -0.47678871017068625], [-0.00600262463355581, -0.9945543854476909, -0.10404586913604295, 0.4656619875771162], [0.0, 0.0, 0.0, 1.0]];[0.45009187549243046, -0.47678871017068625, 0.4656619875771162];[0.010853810577494013, 0.7429031763049405, -0.669286289605044, -0.0057382905722820655];[-1.6750327266191127, 0.006002660681404376, 3.1177821957674565];[[-0.999698533634512, 0.02380777911766145, -0.00600262463355581, 0.46410266234566955], [0.008445542294468386, 0.10387611468532255, -0.9945543854476909, 0.5088518606485986], [-0.02305460180439197, -0.9943052561720503, -0.10404586913604295, -0.41524662542025753], [0.0, 0.0, 0.0, 1.0]];[0.46410266234566955, 0.5088518606485986, -0.41524662542025753];[-0.010853810577494013, -0.7429031763049405, 0.669286289605044, -0.0057382905722820655];[-1.6750586548496567, 0.02305664460285284, 3.13314476545263]
