timestamp;T_cam_map;trans_cam_map;rot_quat_cam_map;rot_eul_cam_map;T_map_cam;trans_map_cam;rot_quat_map_cam;rot_eul_map_cam
1681734498.6367977;[[-0.9995817535837174, 0.005556290877583884, -0.028380372340478674, 0.46288241613317305], [0.028775369324959478, 0.09335443317188934, -0.9952170255413476, -0.4594531511497097], [-0.0028802817071790013, -0.9956174352826687, -0.09347527233685045, 0.4763453712218886], [0.0, 0.0, 0.0, 1.0]];[0.46288241613317305, -0.4594531511497097, 0.4763453712218886];[0.011609108290947363, 0.7393259529957772, -0.6731924034172877, -0.00862274972560219];[-1.664408651948472, 0.002880285689674281, 3.1128131922677817];[[-0.9995817535837174, 0.028775369324959478, -0.0028802817071790013, 0.47728176019234403], [0.005556290877583884, 0.09335443317188934, -0.9956174352826687, 0.5145778359531721], [-0.028380372340478674, -0.9952170255413476, -0.09347527233685045, -0.39959230984172917], [0.0, 0.0, 0.0, 1.0]];[0.47728176019234403, 0.5145778359531721, -0.39959230984172917];[-0.011609108290947363, -0.7393259529957772, 0.6731924034172877, -0.00862274972560219];[-1.6644460955957983, 0.028384183529367626, 3.1360340950904555]
