timestamp;T_cam_map;trans_cam_map;rot_quat_cam_map;rot_eul_cam_map;T_map_cam;trans_map_cam;rot_quat_map_cam;rot_eul_map_cam
1681734498.7368248;[[-0.9990869272067564, -0.009378921623134511, -0.04168150325683147, 0.48013563652807234], [0.040796324077100335, 0.08029123654879247, -0.9959362315305448, -0.4421372653813227], [0.01268746729486844, -0.9967273213686146, -0.07983529927913277, 0.4793368724113606], [0.0, 0.0, 0.0, 1.0]];[0.48013563652807234, -0.4421372653813227, 0.4793368724113606];[0.010690363927203564, 0.7347131179982229, -0.6780413688298879, -0.018500067992467582];[-1.6507231245895821, -0.012687807706991282, 3.100781717873745];[[-0.9990869272067564, 0.040796324077100335, 0.01268746729486844, 0.4916532420144077], [-0.009378921623134511, 0.08029123654879247, -0.9967273213686146, 0.5177710591370236], [-0.04168150325683147, -0.9959362315305448, -0.07983529927913277, -0.38205974414094485], [0.0, 0.0, 0.0, 1.0]];[0.4916532420144077, 0.5177710591370236, -0.38205974414094485];[-0.010690363927203564, -0.7347131179982229, 0.6780413688298879, -0.018500067992467582];[-1.6507863415062123, 0.04169358191311945, -3.1322054362452363]
