timestamp;T_cam_map;trans_cam_map;rot_quat_cam_map;rot_eul_cam_map;T_map_cam;trans_map_cam;rot_quat_map_cam;rot_eul_map_cam
1681734498.8367884;[[-0.9981207180264563, -0.01596776450458698, -0.05916132810441206, 0.4998084952930094], [0.057873631801208775, 0.0716943621029414, -0.9957462333269411, -0.4201746928801823], [0.020141375039702755, -0.9972988263000107, -0.07063551565700969, 0.4901009214845724], [0.0, 0.0, 0.0, 1.0]];[0.4998084952930094, -0.4201746928801823, 0.4901009214845724];[0.01432162287951593, 0.7315139430978755, -0.6811370714229452, -0.027102252763726277];[-1.6415050803698594, -0.020142737097047312, 3.083674904186546];[[-0.9981207180264563, 0.057873631801208775, 0.020141375039702755, 0.5133149431985902], [-0.01596776450458698, 0.0716943621029414, -0.9972988263000107, 0.5268820546931925], [-0.05916132810441206, -0.9957462333269411, -0.07063551565700969, -0.35419950208230516], [0.0, 0.0, 0.0, 1.0]];[0.5133149431985902, 0.5268820546931925, -0.35419950208230516];[-0.01432162287951593, -0.7315139430978755, 0.6811370714229452, -0.027102252763726277];[-1.6416149632940567, 0.05919589396773428, -3.1255961892217523]
