timestamp;T_cam_map;trans_cam_map;rot_quat_cam_map;rot_eul_cam_map;T_map_cam;trans_map_cam;rot_quat_map_cam;rot_eul_map_cam
1681734461.8852677;[[0.015550746430026519, 0.0008264142284229448, 0.9998787383102972, -0.03864186840436723], [-0.9969922960189317, 0.07594651303892144, 0.015443083763537202, 0.04465187477988533], [-0.07592454125227038, -0.9971115505282003, 0.002004953585571123, 0.1395320416351673], [0.0, 0.0, 0.0, 1.0]];[-0.03864186840436723, 0.04465187477988533, 0.1395320416351673];[-0.4841485515328777, 0.5143906134989548, -0.4771026341670688, 0.5228532808194186];[-1.568785567936073, 0.07599767608443123, -1.5551999319399885];[[0.015550746430026519, -0.9969922960189317, -0.07592454125227038, 0.055712391306629264], [0.0008264142284229448, 0.07594651303892144, -0.9971115505282003, 0.1357697903828865], [0.9998787383102972, 0.015443083763537202, 0.002004953585571123, 0.03766786471650804], [0.0, 0.0, 0.0, 1.0]];[0.055712391306629264, 0.1357697903828865, 0.03766786471650804];[0.4841485515328777, -0.5143906134989548, 0.4771026341670688, 0.5228532808194186];[1.4416899007881898, -1.5552230072698539, 0.05309311457496198]
