timestamp;T_cam_map;trans_cam_map;rot_quat_cam_map;rot_eul_cam_map;T_map_cam;trans_map_cam;rot_quat_map_cam;rot_eul_map_cam
1681734458.2853205;[[0.00036899512200139206, -0.001694721228724938, 0.9999984958801471, -0.0005628084904450051], [-0.9999995208831195, -0.0009073082441368729, 0.00036745786336794817, -0.020740902287460252], [0.0009066841407947557, -0.9999981523541466, -0.0016950552090716497, 0.002698984363733398], [0.0, 0.0, 0.0, 1.0]];[-0.0005628084904450051, -0.020740902287460252, 0.002698984363733398];[-0.5007422886513606, 0.5001046770034584, -0.4997107308015969, 0.4994413458227085];[-1.5724913835124121, -0.0009066842650220334, -1.5704273315128507];[[0.00036899512200139206, -0.9999995208831195, 0.0009066841407947557, -0.020743131802875115], [-0.001694721228724938, -0.0009073082441368729, -0.9999981523541466, 0.002679207181833416], [0.9999984958801471, 0.00036745786336794817, -0.0016950552090716497, 0.000575003979057403], [0.0, 0.0, 0.0, 1.0]];[-0.020743131802875115, 0.002679207181833416, 0.000575003979057403];[0.5007422886513606, -0.5001046770034584, 0.4997107308015969, 0.4994413458227085];[2.9281136239955896, -1.5690618988030158, -1.3564103002019088]
