timestamp;T_cam_map;trans_cam_map;rot_quat_cam_map;rot_eul_cam_map;T_map_cam;trans_map_cam;rot_quat_map_cam;rot_eul_map_cam
1681734498.9367568;[[-0.9967636216759855, -0.021708778886109028, -0.0774016241602652, 0.5121676764118288], [0.07585268226724952, 0.06485836710925823, -0.9950074184692216, -0.4025812001526029], [0.0266205389922258, -0.9976583188322518, -0.06300179178855687, 0.4930216818817288], [0.0, 0.0, 0.0, 1.0]];[0.5121676764118288, -0.4025812001526029, 0.4930216818817288];[0.018572849830553427, 0.7288044629003382, -0.6835392203045432, -0.03568246643912078];[-1.6338622508127127, -0.026623684116520063, 3.0656400756739];[[-0.9967636216759855, 0.07585268226724952, 0.0266205389922258, 0.5279224690010271], [-0.021708778886109028, 0.06485836710925823, -0.9976583188322518, 0.5290964764045949], [-0.0774016241602652, -0.9950074184692216, -0.06300179178855687, -0.32986742134226105], [0.0, 0.0, 0.0, 1.0]];[0.5279224690010271, 0.5290964764045949, -0.32986742134226105];[-0.018572849830553427, -0.7288044629003382, 0.6835392203045432, -0.03568246643912078];[-1.6340298242154558, 0.07747911893410762, -3.1198168313492256]
