timestamp;T_cam_map;trans_cam_map;rot_quat_cam_map;rot_eul_cam_map;T_map_cam;trans_map_cam;rot_quat_map_cam;rot_eul_map_cam
1681734499.0367742;[[-0.9942881941918422, -0.02195769717654813, -0.10444542319043155, 0.5224305902015073], [0.1029167644739126, 0.06194738871695566, -0.9927591151036447, -0.3879040767761661], [0.028268825248788307, -0.9978378528427619, -0.05933374211357361, 0.503055048446413], [0.0, 0.0, 0.0, 1.0]];[0.5224305902015073, -0.3879040767761661, 0.503055048446413];[0.027830555172219017, 0.7272498410144844, -0.6842892413594768, -0.04562195856037892];[-1.6301887018652592, -0.028272591664514974, 3.0384519715060176];[[-0.9942881941918422, 0.1029167644739126, 0.028268825248788307, 0.5451476253750258], [-0.02195769717654813, 0.06194738871695566, -0.9978378528427619, 0.5374683867278353], [-0.10444542319043155, -0.9927591151036447, -0.05933374211357361, -0.3006816854107288], [0.0, 0.0, 0.0, 1.0]];[0.5451476253750258, 0.5374683867278353, -0.3006816854107288];[-0.027830555172219017, -0.7272498410144844, 0.6842892413594768, -0.04562195856037892];[-1.6304918207343184, 0.10463625800076173, -3.119512406846409]
