timestamp;T_cam_map;trans_cam_map;rot_quat_cam_map;rot_eul_cam_map;T_map_cam;trans_map_cam;rot_quat_map_cam;rot_eul_map_cam
1681734499.1368105;[[-0.9926150050817076, -0.016513508219633863, -0.12017801684551822, 0.5320805308406068], [0.1189876090336809, 0.06027206780195312, -0.9910646935187051, -0.3785527256905255], [0.0236093325422274, -0.9980453806762282, -0.057862056027708476, 0.5177385048448806], [0.0, 0.0, 0.0, 1.0]];[0.5320805308406068, -0.3785527256905255, 0.5177385048448806];[0.03526678020477529, 0.7264208712776928, -0.6845584126376737, -0.04948486307078423];[-1.6287068787589947, -0.023611526401845908, 3.022289055198643];[[-0.9926150050817076, 0.1189876090336809, 0.0236093325422274, 0.5609707420165269], [-0.016513508219633863, 0.06027206780195312, -0.9980453806762282, 0.5483291949276271], [-0.12017801684551822, -0.9910646935187051, -0.057862056027708476, -0.2812684436935799], [0.0, 0.0, 0.0, 1.0]];[0.5609707420165269, 0.5483291949276271, -0.2812684436935799];[-0.03526678020477529, -0.7264208712776928, 0.6845584126376737, -0.04948486307078423];[-1.6291138579398259, 0.12046919691664053, -3.1249578204331265]
