timestamp;T_cam_map;trans_cam_map;rot_quat_cam_map;rot_eul_cam_map;T_map_cam;trans_map_cam;rot_quat_map_cam;rot_eul_map_cam
1681734499.236852;[[-0.9894906588032845, -0.010972047287645698, -0.14417992342680636, 0.5544710231367754], [0.14371661094587343, 0.035226507147333504, -0.9889917233892462, -0.3540440491184121], [0.01593021905921342, -0.9993191218887572, -0.03327943431323537, 0.5053140342953556], [0.0, 0.0, 0.0, 1.0]];[0.5544710231367754, -0.3540440491184121, 0.5053140342953556];[0.046266262985617715, 0.7172859611521498, -0.692997964885669, -0.05580415314027643];[-1.604086132952908, -0.015930892909772856, 2.9973582249744246];[[-0.9894906588032845, 0.14371661094587343, 0.01593021905921342, 0.5914761455757718], [-0.010972047287645698, 0.035226507147333504, -0.9993191218887572, 0.5235253945423266], [-0.14417992342680636, -0.9889917233892462, -0.03327943431323537, -0.2533864794231938], [0.0, 0.0, 0.0, 1.0]];[0.5914761455757718, 0.5235253945423266, -0.2533864794231938];[-0.046266262985617715, -0.7172859611521498, 0.692997964885669, -0.05580415314027643];[-1.6044334959839377, 0.14468418674273062, -3.1305045270593457]
