timestamp;T_cam_map;trans_cam_map;rot_quat_cam_map;rot_eul_cam_map;T_map_cam;trans_map_cam;rot_quat_map_cam;rot_eul_map_cam
1681734499.336813;[[-0.9859475046554058, -0.008180992771704435, -0.16685499519357472, 0.5822570563169456], [0.16651453848335823, 0.03218252084207986, -0.9855136700350348, -0.34542775440846957], [0.013432294571394887, -0.9994485262931346, -0.030368021882053214, 0.5150667120391814], [0.0, 0.0, 0.0, 1.0]];[0.5822570563169456, -0.34542775440846957, 0.5150667120391814];[0.05531273900415594, 0.7156287528075467, -0.6934329387062733, -0.0629821290220902];[-1.601171759498541, -0.013432698527927021, 2.974283621905358];[[-0.9859475046554058, 0.16651453848335823, 0.013432294571394887, 0.6246751070483336], [-0.008180992771704435, 0.03218252084207986, -0.9994485262931346, 0.5306628429648964], [-0.16685499519357472, -0.9855136700350348, -0.030368021882053214, -0.22762971846393948], [0.0, 0.0, 0.0, 1.0]];[0.6246751070483336, 0.5306628429648964, -0.22762971846393948];[-0.05531273900415594, -0.7156287528075467, 0.6934329387062733, -0.0629821290220902];[-1.6016009888880371, 0.1676390822911208, -3.13329524932959]
