timestamp;T_cam_map;trans_cam_map;rot_quat_cam_map;rot_eul_cam_map;T_map_cam;trans_map_cam;rot_quat_map_cam;rot_eul_map_cam
1681734499.4368207;[[-0.9839107929338837, -0.007081192280972093, -0.17852005003387328, 0.6007830625659695], [0.17826799040925495, 0.027281235591065676, -0.9836037097226051, -0.3470928043093434], [0.011835334539526163, -0.999602716533176, -0.025579952224991077, 0.5216281885222963], [0.0, 0.0, 0.0, 1.0]];[0.6007830625659695, -0.3470928043093434, 0.5216281885222963];[0.0599748357647646, 0.7135776027787623, -0.6948110543733862, -0.0666904986339717];[-1.5963808618126794, -0.01183561086297521, 2.9623539985458183];[[-0.9839107929338837, 0.17826799040925495, 0.011835334539526163, 0.6468188320638609], [-0.007081192280972093, 0.027281235591065676, -0.999602716533176, 0.5351443352186748], [-0.17852005003387328, -0.9836037097226051, -0.025579952224991077, -0.2208067234063029], [0.0, 0.0, 0.0, 1.0]];[0.6468188320638609, 0.5351443352186748, -0.2208067234063029];[-0.0599748357647646, -0.7135776027787623, 0.6948110543733862, -0.0666904986339717];[-1.5967968262593026, 0.17948213378619043, -3.134395791765486]
