timestamp;T_cam_map;trans_cam_map;rot_quat_cam_map;rot_eul_cam_map;T_map_cam;trans_map_cam;rot_quat_map_cam;rot_eul_map_cam
1681734499.5368376;[[-0.9820584181864768, -0.011328907255447662, -0.18823633849358806, 0.6134720229314192], [0.18801266785130796, 0.018341014998863075, -0.9819953380216453, -0.34733445308031924], [0.014577379617371142, -0.9997676045107728, -0.0158819701007812, 0.5204598134785153], [0.0, 0.0, 0.0, 1.0]];[0.6134720229314192, -0.34733445308031924, 0.5204598134785153];[0.06221442138974162, 0.7099791199898277, -0.6978243749481011, -0.07141538124172757];[-1.5866806525826864, -0.014577895948933156, 2.952433974659532];[[-0.9820584181864768, 0.18801266785130796, 0.014577379617371142, 0.6601817013253306], [-0.011328907255447662, 0.018341014998863075, -0.9997676045107728, 0.5336592950307086], [-0.18823633849358806, -0.9819953380216453, -0.0158819701007812, -0.21733715909798257], [0.0, 0.0, 0.0, 1.0]];[0.6601817013253306, 0.5336592950307086, -0.21733715909798257];[-0.06221442138974162, -0.7099791199898277, 0.6978243749481011, -0.07141538124172757];[-1.586968079295093, 0.18936607342956854, -3.130057286091647]
