timestamp;T_cam_map;trans_cam_map;rot_quat_cam_map;rot_eul_cam_map;T_map_cam;trans_map_cam;rot_quat_map_cam;rot_eul_map_cam
1681734499.6368237;[[-0.9766955763721133, -0.01190480560112843, -0.21429891903307635, 0.6479391110653557], [0.21425069242931138, 0.005203535334003456, -0.9767648458117177, -0.33914778133303825], [0.012743307604632034, -0.9999155958497834, -0.002531657098939005, 0.5317866485192914], [0.0, 0.0, 0.0, 1.0]];[0.6479391110653557, -0.33914778133303825, 0.5317866485192914];[0.07182016672359934, 0.7043491266419402, -0.7015982440006479, -0.08058582670505904];[-1.5733281921841835, -0.012743652531470336, 2.9256501974293894];[[-0.9766955763721133, 0.21425069242931138, 0.012743307604632034, 0.6987251896803626], [-0.01190480560112843, 0.005203535334003456, -0.9999155958497834, 0.5412201201413428], [-0.21429891903307635, -0.9767648458117177, -0.002531657098939005, -0.19106867779674822], [0.0, 0.0, 0.0, 1.0]];[0.6987251896803626, 0.5412201201413428, -0.19106867779674822];[-0.07182016672359934, -0.7043491266419402, 0.7015982440006479, -0.08058582670505904];[-1.573388200817316, 0.21597401747966224, -3.1294043972049774]
