timestamp;T_cam_map;trans_cam_map;rot_quat_cam_map;rot_eul_cam_map;T_map_cam;trans_map_cam;rot_quat_map_cam;rot_eul_map_cam
1681734499.7367938;[[-0.9719591012814363, -0.01346985523865031, -0.23476385674978276, 0.6726470315788767], [0.23479958707908416, -0.0011130973309531247, -0.9720431651535972, -0.3330906721633396], [0.012831965697985948, -0.9999086578353953, 0.00424460152948212, 0.5369151746150208], [0.0, 0.0, 0.0, 1.0]];[0.6726470315788767, -0.3330906721633396, 0.5369151746150208];[0.07891355162460179, 0.7011778309425151, -0.703085485581567, -0.08827854059324483];[-1.5665513630167718, -0.01283231787459001, 2.904560378032452];[[-0.9719591012814363, 0.23479958707908416, 0.012831965697985948, 0.7251052794734896], [-0.01346985523865031, -0.0011130973309531247, -0.9999086578353953, 0.5455558274246872], [-0.23476385674978276, -0.9720431651535972, 0.00424460152948212, -0.16814429085941493], [0.0, 0.0, 0.0, 1.0]];[0.7251052794734896, 0.5455558274246872, -0.16814429085941493];[-0.07891355162460179, -0.7011778309425151, 0.703085485581567, -0.08827854059324483];[-1.5664296744656439, 0.23697562833883226, -3.1277350818111933]
