timestamp;T_cam_map;trans_cam_map;rot_quat_cam_map;rot_eul_cam_map;T_map_cam;trans_map_cam;rot_quat_map_cam;rot_eul_map_cam
1681734499.836852;[[-0.9683175606549632, -0.01290140472819383, -0.24938856325673997, 0.6888703513638438], [0.24949034683730953, -0.006969733000129361, -0.968352203310813, -0.32724986315074867], [0.010754931995165709, -0.9998924825089677, 0.009967690797427223, 0.5461521895545053], [0.0, 0.0, 0.0, 1.0]];[0.6888703513638438, -0.32724986315074867, 0.5461521895545053];[0.08468246800214746, 0.6984590426176411, -0.7044953840254243, -0.0931133679209579];[-1.560827894380779, -0.010755139340545157, 2.8894238286276983];[[-0.9683175606549632, 0.24949034683730953, 0.010754931995165709, 0.7428171104424377], [-0.01290140472819383, -0.006969733000129361, -0.9998924825089677, 0.5527000196790712], [-0.24938856325673997, -0.968352203310813, 0.009967690797427223, -0.15054061497221205], [0.0, 0.0, 0.0, 1.0]];[0.7428171104424377, 0.5527000196790712, -0.15054061497221205];[-0.08468246800214746, -0.6984590426176411, 0.7044953840254243, -0.0931133679209579];[-1.5605032343201592, 0.252048817420779, -3.1282699153371687]
