timestamp;T_cam_map;trans_cam_map;rot_quat_cam_map;rot_eul_cam_map;T_map_cam;trans_map_cam;rot_quat_map_cam;rot_eul_map_cam
1681734461.985252;[[0.001885056951353159, -0.0021667104499621392, 0.9999958759545544, -0.033419574341004905], [-0.9966154239714955, 0.08217947739183368, 0.0020567444473281182, 0.04414068044793443], [-0.08218359484962107, -0.9966151909646126, -0.002004464058596389, 0.13836425611680916], [0.0, 0.0, 0.0, 1.0]];[-0.033419574341004905, 0.04414068044793443, 0.13836425611680916];[-0.480028656336816, 0.5201679739514624, -0.4779986928847758, 0.5201105820603419];[-1.572807595912553, 0.08227639046247996, -1.5689048703132755];[[0.001885056951353159, -0.9966154239714955, -0.08218359484962107, 0.0554255527263043], [-0.0021667104499621392, 0.08217947739183368, -0.9966151909646126, 0.13419605094064121], [0.9999958759545544, 0.0020567444473281182, -0.002004464058596389, 0.03360599659612956], [0.0, 0.0, 0.0, 1.0]];[0.0554255527263043, 0.13419605094064121, 0.03360599659612956];[0.480028656336816, -0.5201679739514624, 0.4779986928847758, 0.5201105820603419];[2.34332209001241, -1.5679243768370408, -0.8548002579991079]
