timestamp;T_cam_map;trans_cam_map;rot_quat_cam_map;rot_eul_cam_map;T_map_cam;trans_map_cam;rot_quat_map_cam;rot_eul_map_cam
1681734499.9367905;[[-0.9658624117561736, -0.015428910071306437, -0.25859572751799176, 0.6989231426467062], [0.2587873812383904, -0.012053066322116498, -0.9658591071704044, -0.32037475657652575], [0.011785281851694168, -0.9998083177920887, 0.015634410939652624, 0.5498242222771347], [0.0, 0.0, 0.0, 1.0]];[0.6989231426467062, -0.32037475657652575, 0.5498242222771347];[0.0874017214165293, 0.6960917566123026, -0.7059656310717156, -0.09710681343417996];[-1.555160192852857, -0.011785554684013752, 2.8798074388302197];[[-0.9658624117561736, 0.2587873812383904, 0.011785281851694168, 0.751492703029853], [-0.015428910071306437, -0.012053066322116498, -0.9998083177920887, 0.5566409548819476], [-0.25859572751799176, -0.9658591071704044, 0.015634410939652624, -0.13729451563070827], [0.0, 0.0, 0.0, 1.0]];[0.751492703029853, 0.5566409548819476, -0.13729451563070827];[-0.0874017214165293, -0.6960917566123026, 0.7059656310717156, -0.09710681343417996];[-1.5546106890290023, 0.2615681995818335, -3.125619780309419]
