timestamp;T_cam_map;trans_cam_map;rot_quat_cam_map;rot_eul_cam_map;T_map_cam;trans_map_cam;rot_quat_map_cam;rot_eul_map_cam
1681734500.0368094;[[-0.9613456074669866, -0.01493377104280394, -0.2749392759981216, 0.7250546229187254], [0.275152836274811, -0.014848264550195554, -0.9612858293607445, -0.3067861378512976], [0.010273251377105913, -0.9997782311704373, 0.01838338336254436, 0.5661728712204317], [0.0, 0.0, 0.0, 1.0]];[0.7250546229187254, -0.3067861378512976, 0.5661728712204317];[0.09370068532388699, 0.6942827161096276, -0.7061475156402744, -0.10270042763465263];[-1.552410937505409, -0.010273432091656239, 2.8628288783190254];[[-0.9613456074669866, 0.275152836274811, 0.010273251377105913, 0.7756247166471835], [-0.01493377104280394, -0.014848264550195554, -0.9997782311704373, 0.572319869722497], [-0.2749392759981216, -0.9612858293607445, 0.01838338336254436, -0.10597134681751658], [0.0, 0.0, 0.0, 1.0]];[0.7756247166471835, 0.572319869722497, -0.10597134681751658];[-0.09370068532388699, -0.6942827161096276, 0.7061475156402744, -0.10270042763465263];[-1.5516749143588175, 0.2785265438102387, -3.126059665385215]
