timestamp;T_cam_map;trans_cam_map;rot_quat_cam_map;rot_eul_cam_map;T_map_cam;trans_map_cam;rot_quat_map_cam;rot_eul_map_cam
1681734500.136869;[[-0.9616598517960022, -0.013481436330827518, -0.2739134540656036, 0.7280519750463108], [0.27411945774555624, -0.017031930405604634, -0.9615448175888326, -0.3011382128531026], [0.008297730350756871, -0.9997640542753661, 0.02007444768629124, 0.5760908780844144], [0.0, 0.0, 0.0, 1.0]];[0.7280519750463108, -0.3011382128531026, 0.5760908780844144];[0.09393831875666006, 0.6936413831556092, -0.7068886457370599, -0.1017136488932099];[-1.5507198393244532, -0.008297825573383877, 2.863908871828625];[[-0.9616598517960022, 0.27411945774555624, 0.008297730350756871, 0.7779059512727051], [-0.013481436330827518, -0.017031930405604634, -0.9997640542753661, 0.5806411731680676], [-0.2739134540656036, -0.9615448175888326, 0.02007444768629124, -0.10169936291729911], [0.0, 0.0, 0.0, 1.0]];[0.7779059512727051, 0.5806411731680676, -0.10169936291729911];[-0.09393831875666006, -0.6936413831556092, 0.7068886457370599, -0.1017136488932099];[-1.5499220716125797, 0.27745976621634244, -3.127574647909452]
