timestamp;T_cam_map;trans_cam_map;rot_quat_cam_map;rot_eul_cam_map;T_map_cam;trans_map_cam;rot_quat_map_cam;rot_eul_map_cam
1681734500.2368464;[[-0.9645796572194486, -0.00702025370915263, -0.2636983142082459, 0.7381586020409269], [0.2637619387919009, -0.010640277536889446, -0.9645291204202577, -0.2937623255303612], [0.003965415886030443, -0.9999187469648709, 0.012115070988389716, 0.5981886218570894], [0.0, 0.0, 0.0, 1.0]];[0.7381586020409269, -0.2937623255303612, 0.5981886218570894];[0.09212158993560007, 0.6967467812437619, -0.7048643496703335, -0.0960405334117476];[-1.5586808641621466, -0.003965426278482991, 2.874670320240183];[[-0.9645796572194486, 0.2637619387919009, 0.003965415886030443, 0.7871240251921757], [-0.00702025370915263, -0.010640277536889446, -0.9999187469648709, 0.6001963652063798], [-0.2636983142082459, -0.9645291204202577, 0.012115070988389716, -0.09593823609814654], [0.0, 0.0, 0.0, 1.0]];[0.7871240251921757, 0.6001963652063798, -0.09593823609814654];[-0.09212158993560007, -0.6967467812437619, 0.7048643496703335, -0.0960405334117476];[-1.55823638053168, 0.2668542236349797, -3.1343147375499636]
