timestamp;T_cam_map;trans_cam_map;rot_quat_cam_map;rot_eul_cam_map;T_map_cam;trans_map_cam;rot_quat_map_cam;rot_eul_map_cam
1681734500.3368175;[[-0.9666362337124216, -0.00832031918356732, -0.25601789773949035, 0.7434238156137513], [0.256145667036093, -0.023802170030672802, -0.9663451008622468, -0.280652914590671], [0.0019465181477596738, -0.9996820639535924, 0.025139253699860316, 0.6101341522164972], [0.0, 0.0, 0.0, 1.0]];[0.7434238156137513, -0.280652914590671, 0.6101341522164972];[0.08948000142265156, 0.6924042912168239, -0.7098552066166303, -0.09314082074574748];[-1.545654376774747, -0.0019465193769662111, 2.8825594264473957];[[-0.9666362337124216, 0.256145667036093, 0.0019465181477596738, 0.7893207879905882], [-0.00832031918356732, -0.023802170030672802, -0.9996820639535924, 0.6094455436182444], [-0.25601789773949035, -0.9663451008622468, 0.025139253699860316, -0.09621608389802211], [0.0, 0.0, 0.0, 1.0]];[0.7893207879905882, 0.6094455436182444, -0.09621608389802211];[-0.08948000142265156, -0.6924042912168239, 0.7098552066166303, -0.09314082074574748];[-1.5447874146310858, 0.25890054842031496, -3.1329853684280073]
