timestamp;T_cam_map;trans_cam_map;rot_quat_cam_map;rot_eul_cam_map;T_map_cam;trans_map_cam;rot_quat_map_cam;rot_eul_map_cam
1681734500.960856;[[-0.9684582774734469, -0.002226926204984145, -0.249165819471375, 0.7663451182096599], [0.2482287237343549, -0.09572224789713506, -0.9639604514557291, -0.1613853595497026], [-0.021704043549016658, -0.9954055917349457, 0.09325579036405947, 0.6439111931820604], [0.0, 0.0, 0.0, 1.0]];[0.7663451182096599, -0.1613853595497026, 0.6439111931820604];[0.09220653455643579, 0.6669858018002056, -0.734410701810411, -0.08525735304576024];[-1.4773827672337656, 0.021705747914709406, 2.8906809570719885];[[-0.9684582774734469, 0.2482287237343549, -0.021704043549016658, 0.7962092315404676], [-0.002226926204984145, -0.09572224789713506, -0.9954055917349457, 0.6272112269061616], [-0.249165819471375, -0.9639604514557291, 0.09325579036405947, -0.024670541917736523], [0.0, 0.0, 0.0, 1.0]];[0.7962092315404676, 0.6272112269061616, -0.024670541917736523];[-0.09220653455643579, -0.6669858018002056, 0.734410701810411, -0.08525735304576024];[-1.4743541090686088, 0.2518188128926414, -3.1392932026667717]
