timestamp;T_cam_map;trans_cam_map;rot_quat_cam_map;rot_eul_cam_map;T_map_cam;trans_map_cam;rot_quat_map_cam;rot_eul_map_cam
1681734501.0643919;[[-0.9682889501292412, -0.009595504178486161, -0.24964862378385522, 0.7748386685167303], [0.24924102061831938, -0.10584828007634013, -0.9626396289609209, -0.14813451369416986], [-0.017187864868875483, -0.9943359934672191, 0.1048833132428985, 0.6422995300417181], [0.0, 0.0, 0.0, 1.0]];[0.7748386685167303, -0.14813451369416986, 0.6422995300417181];[0.09038254353607315, 0.6628644953551975, -0.7380752914588863, -0.08767280512980827];[-1.4657041785458886, 0.017188711262304257, 2.8896581657039455];[[-0.9682889501292412, 0.24924102061831938, -0.017187864868875483, 0.7982286757672366], [-0.009595504178486161, -0.10584828007634013, -0.9943359934672191, 0.6304167254944918], [-0.24964862378385522, -0.9626396289609209, 0.1048833132428985, -0.016529248854277548], [0.0, 0.0, 0.0, 1.0]];[0.7982286757672366, 0.6304167254944918, -0.016529248854277548];[-0.09038254353607315, -0.6628644953551975, 0.7380752914588863, -0.08767280512980827];[-1.4622705400883522, 0.2523173723388677, -3.1316832251153333]
