timestamp;T_cam_map;trans_cam_map;rot_quat_cam_map;rot_eul_cam_map;T_map_cam;trans_map_cam;rot_quat_map_cam;rot_eul_map_cam
1681734501.1610243;[[-0.9673537259189889, -0.016927478347648614, -0.2528640532528094, 0.7837322954838699], [0.25295946121830554, -0.125266548265292, -0.9593329989455402, -0.12485210356977083], [-0.015436318563514975, -0.9919787055993133, 0.12545902800004677, 0.648026480679557], [0.0, 0.0, 0.0, 1.0]];[0.7837322954838699, -0.12485210356977083, 0.648026480679557];[0.09007468338309096, 0.6551007841648586, -0.7446608795593348, -0.09060733112690982];[-1.444990756456351, 0.0154369316567433, 2.8858235118432987];[[-0.9673537259189889, 0.25295946121830554, -0.015436318563514975, 0.7997320202037081], [-0.016927478347648614, -0.125266548265292, -0.9919787055993133, 0.6404552889028958], [-0.2528640532528094, -0.9593329989455402, 0.12545902800004677, -0.002897790425415908], [0.0, 0.0, 0.0, 1.0]];[0.7997320202037081, 0.6404552889028958, -0.002897790425415908];[-0.09007468338309096, -0.6551007841648586, 0.7446608795593348, -0.09060733112690982];[-1.440756967093961, 0.25563937138234655, -3.124095692090099]
