timestamp;T_cam_map;trans_cam_map;rot_quat_cam_map;rot_eul_cam_map;T_map_cam;trans_map_cam;rot_quat_map_cam;rot_eul_map_cam
1681734501.2610588;[[-0.9662875716719955, -0.02385015027957925, -0.2563581462795349, 0.7901844567295153], [0.2571744100168721, -0.13672020154067113, -0.9566446097287916, -0.11306997717990015], [-0.01223321971974975, -0.9903225519103963, 0.13824467987220543, 0.6454863057377526], [0.0, 0.0, 0.0, 1.0]];[0.7901844567295153, -0.11306997717990015, 0.6454863057377526];[0.08970500264264815, 0.650254313760993, -0.7485406557236676, -0.09385748060162644];[-1.4320970244863072, 0.012233524860582013, 2.881475614570662];[[-0.9662875716719955, 0.2571744100168721, -0.01223321971974975, 0.8005205003421602], [-0.02385015027957925, -0.13672020154067113, -0.9903225519103963, 0.6426267134947773], [-0.2563581462795349, -0.9566446097287916, 0.13824467987220543, 0.0051673906561628125], [0.0, 0.0, 0.0, 1.0]];[0.8005205003421602, 0.6426267134947773, 0.0051673906561628125];[-0.08970500264264815, -0.650254313760993, 0.7485406557236676, -0.09385748060162644];[-1.4272798818033698, 0.2592525441260528, -3.1169154151867375]
