timestamp;T_cam_map;trans_cam_map;rot_quat_cam_map;rot_eul_cam_map;T_map_cam;trans_map_cam;rot_quat_map_cam;rot_eul_map_cam
1681734501.3610065;[[-0.9645914586749421, -0.032924516115305225, -0.2616854869684604, 0.7989655980576332], [0.26357671545890304, -0.15614747083296968, -0.9519166362767082, -0.08946483060662727], [-0.009520132312299506, -0.9871848578615048, 0.15929665247492306, 0.6502781359785098], [0.0, 0.0, 0.0, 1.0]];[0.7989655980576332, -0.08946483060662727, 0.6502781359785098];[0.08980445379142449, 0.6420956578592962, -0.7549893346900398, -0.09818060267564467];[-1.410810847130507, 0.009520276124395441, 2.8748521053422444];[[-0.9645914586749421, 0.26357671545890304, -0.009520132312299506, 0.800446971756203], [-0.032924516115305225, -0.15614747083296968, -0.9871848578615048, 0.654280577917488], [-0.2616854869684604, -0.9519166362767082, 0.15929665247492306, 0.02032751074362328], [0.0, 0.0, 0.0, 1.0]];[0.800446971756203, 0.654280577917488, 0.02032751074362328];[-0.08980445379142449, -0.6420956578592962, 0.7549893346900398, -0.09818060267564467];[-1.4049895993124735, 0.264768131922716, -3.107472780045353]
