timestamp;T_cam_map;trans_cam_map;rot_quat_cam_map;rot_eul_cam_map;T_map_cam;trans_map_cam;rot_quat_map_cam;rot_eul_map_cam
1681734462.0852592;[[-0.014922583161054992, -0.0036601753717872554, 0.9998819528464593, -0.020681194992030846], [-0.9957832900785417, 0.09057882178538601, -0.014529839790110244, 0.06083364475150304], [-0.09051494745154742, -0.9958825634381893, -0.0049964114747055866, 0.1401614829008302], [0.0, 0.0, 0.0, 1.0]];[-0.020681194992030846, 0.06083364475150304, 0.1401614829008302];[-0.4742085528879316, 0.5269008010102915, -0.47941301346046183, 0.5173634668078202];[-1.5758133536384675, 0.09063900286184842, -1.585780978966096];[[-0.014922583161054992, -0.9957832900785417, -0.09051494745154742, 0.07295521932548196], [-0.0036601753717872554, 0.09057882178538601, -0.9958825634381893, 0.1339984402195059], [0.9998819528464593, -0.014529839790110244, -0.0049964114747055866, 0.022262961189395504], [0.0, 0.0, 0.0, 1.0]];[0.07295521932548196, 0.1339984402195059, 0.022262961189395504];[0.4742085528879316, -0.5269008010102915, 0.47941301346046183, 0.5173634668078202];[-1.9020019011196199, -1.5554308150146074, -2.9010635177433413]
