timestamp;T_cam_map;trans_cam_map;rot_quat_cam_map;rot_eul_cam_map;T_map_cam;trans_map_cam;rot_quat_map_cam;rot_eul_map_cam
1681734501.4610713;[[-0.9637794306080675, -0.0379141741749978, -0.26399190240122344, 0.7997770363828797], [0.2665784379316919, -0.16690427412067707, -0.9492517578125147, -0.08187312162591993], [-0.008071280362386302, -0.9852438676169865, 0.17096600760511996, 0.6495695042077099], [0.0, 0.0, 0.0, 1.0]];[0.7997770363828797, -0.08187312162591993, 0.6495695042077099];[0.08966442425439643, 0.6375557130326477, -0.7585594426829492, -0.10035225816639032];[-1.3989806458269025, 0.00807136799964428, 2.8717423905677704];[[-0.9637794306080675, 0.2665784379316919, -0.008071280362386302, 0.7978771231934456], [-0.0379141741749978, -0.16690427412067707, -0.9852438676169865, 0.6566422825352687], [-0.26399190240122344, -0.9492517578125147, 0.17096600760511996, 0.02236215191409721], [0.0, 0.0, 0.0, 1.0]];[0.7978771231934456, 0.6566422825352687, 0.02236215191409721];[-0.08966442425439643, -0.6375557130326477, 0.7585594426829492, -0.10035225816639032];[-1.3926006451307857, 0.2671585972909752, -3.102273870742973]
