timestamp;T_cam_map;trans_cam_map;rot_quat_cam_map;rot_eul_cam_map;T_map_cam;trans_map_cam;rot_quat_map_cam;rot_eul_map_cam
1681734501.5610037;[[-0.9631120478547543, -0.04390712812467239, -0.26549453361013836, 0.8097175250079414], [0.26901654580157813, -0.18176552093600984, -0.9458284165131898, -0.057979430776309474], [-0.006729142739509142, -0.9823611655082383, 0.18687230704223334, 0.6672746054172429], [0.0, 0.0, 0.0, 1.0]];[0.8097175250079414, -0.057979430776309474, 0.6672746054172429];[0.08913636468779465, 0.6313624592649835, -0.7635034177777135, -0.10246308878258203];[-1.3828146211053032, 0.006729193524668711, 2.8692145402377682];[[-0.9631120478547543, 0.26901654580157813, -0.006729142739509142, 0.7999363159555687], [-0.04390712812467239, -0.18176552093600984, -0.9823611655082383, 0.68051836876842], [-0.26549453361013836, -0.9458284165131898, 0.18687230704223334, 0.03544183851142986], [0.0, 0.0, 0.0, 1.0]];[0.7999363159555687, 0.68051836876842, 0.03544183851142986];[-0.08913636468779465, -0.6313624592649835, 0.7635034177777135, -0.10246308878258203];[-1.3757333192113235, 0.2687168280012893, -3.096035391453201]
