timestamp;T_cam_map;trans_cam_map;rot_quat_cam_map;rot_eul_cam_map;T_map_cam;trans_map_cam;rot_quat_map_cam;rot_eul_map_cam
1681734501.6610143;[[-0.9637903833334883, -0.048283399496355975, -0.2622533323467272, 0.8102784102699946], [0.2666274085216405, -0.19010156666167113, -0.9448657149975401, -0.048310161352375494], [-0.004233440553720519, -0.980576416035922, 0.19609173948747713, 0.6722722701184772], [0.0, 0.0, 0.0, 1.0]];[0.8102784102699946, -0.048310161352375494, 0.6722722701184772];[0.08691870316667415, 0.6280121569652016, -0.7664828258810886, -0.1027129367367102];[-1.3734238536684782, 0.004233453199122788, 2.871698111641808];[[-0.9637903833334883, 0.2666274085216405, -0.004233440553720519, 0.7966653774590752], [-0.048283399496355975, -0.19010156666167113, -0.980576416035922, 0.6891534920606833], [-0.2622533323467272, -0.9448657149975401, 0.19609173948747713, 0.035024559217328555], [0.0, 0.0, 0.0, 1.0]];[0.7966653774590752, 0.6891534920606833, 0.035024559217328555];[-0.08691870316667415, -0.6280121569652016, 0.7664828258810886, -0.1027129367367102];[-1.3661671650650948, 0.2653565262914714, -3.0915370938366267]
