timestamp;T_cam_map;trans_cam_map;rot_quat_cam_map;rot_eul_cam_map;T_map_cam;trans_map_cam;rot_quat_map_cam;rot_eul_map_cam
1681734501.7610137;[[-0.9639788973795173, -0.05326904041862762, -0.26058989761663526, 0.8211608118612308], [0.26596361203090313, -0.20349665478449935, -0.9422592363925085, -0.02762654014719139], [-0.002835927087402712, -0.9776254501722, 0.2103341072987403, 0.6715812365283493], [0.0, 0.0, 0.0, 1.0]];[0.8211608118612308, -0.02762654014719139, 0.6715812365283493];[0.0854161139748256, 0.6225247254720647, -0.7710074026010967, -0.10351153937451082];[-1.3588787619795513, 0.0028359308887321057, 2.8723881443405785];[[-0.9639788973795173, 0.26596361203090313, -0.002835927087402712, 0.8008339038147849], [-0.05326904041862762, -0.20349665478449935, -0.9776254501722, 0.6946754486622364], [-0.26058989761663526, -0.9422592363925085, 0.2103341072987403, 0.04669840940267704], [0.0, 0.0, 0.0, 1.0]];[0.8008339038147849, 0.6946754486622364, 0.04669840940267704];[-0.0854161139748256, -0.6225247254720647, 0.7710074026010967, -0.10351153937451082];[-1.3511737252586247, 0.26363316077314936, -3.086389247591081]
