timestamp;T_cam_map;trans_cam_map;rot_quat_cam_map;rot_eul_cam_map;T_map_cam;trans_map_cam;rot_quat_map_cam;rot_eul_map_cam
1681734501.8610203;[[-0.9629945321819099, -0.05249888771016453, -0.2643584645456631, 0.8289354372540443], [0.2694854967657256, -0.20345699183362126, -0.9412666038413052, -0.0201674579926363], [-0.004370128221823033, -0.9776753649669251, 0.21007565950417845, 0.6757872833451716], [0.0, 0.0, 0.0, 1.0]];[0.8289354372540443, -0.0201674579926363, 0.6757872833451716];[0.08715905022935541, 0.6223869135923631, -0.7707994524387829, -0.10443195809790168];[-1.359141929479136, 0.004370142132075768, 2.868731258678421];[[-0.9629945321819099, 0.2694854967657256, -0.004370128221823033, 0.8066484081220089], [-0.05249888771016453, -0.20345699183362126, -0.9776753649669251, 0.700115556987761], [-0.2643584645456631, -0.9412666038413052, 0.21007565950417845, 0.05818668547385208], [0.0, 0.0, 0.0, 1.0]];[0.8066484081220089, 0.700115556987761, 0.05818668547385208];[-0.08715905022935541, -0.6223869135923631, 0.7707994524387829, -0.10443195809790168];[-1.3512110362022118, 0.26753866132180837, -3.0871302769542837]
