timestamp;T_cam_map;trans_cam_map;rot_quat_cam_map;rot_eul_cam_map;T_map_cam;trans_map_cam;rot_quat_map_cam;rot_eul_map_cam
1681734501.9610214;[[-0.9635409565293171, -0.047887855824448086, -0.2632405332677814, 0.8213310614602003], [0.2674213519921382, -0.20413338469931253, -0.9417087563306926, -0.009124747710189965], [-0.008639767894219663, -0.9777710951525106, 0.20949711190132114, 0.6792458796215807], [0.0, 0.0, 0.0, 1.0]];[0.8213310614602003, -0.009124747710189965, 0.6792458796215807];[0.08816932044179898, 0.6224769995607637, -0.7709039261039524, -0.10225308146052581];[-1.3597276992895935, 0.008639875384591317, 2.870866373945408];[[-0.9635409565293171, 0.2674213519921382, -0.008639767894219663, 0.7996947956988829], [-0.047887855824448086, -0.20413338469931253, -0.9777710951525106, 0.7016161054161623], [-0.2632405332677814, -0.9417087563306926, 0.20949711190132114, 0.06531472173858813], [0.0, 0.0, 0.0, 1.0]];[0.7996947956988829, 0.7016161054161623, 0.06531472173858813];[-0.08816932044179898, -0.6224769995607637, 0.7709039261039524, -0.10225308146052581];[-1.3518961679499295, 0.2663796758469106, -3.0919336484984767]
