timestamp;T_cam_map;trans_cam_map;rot_quat_cam_map;rot_eul_cam_map;T_map_cam;trans_map_cam;rot_quat_map_cam;rot_eul_map_cam
1681734502.0610213;[[-0.9636963338507737, -0.047106723948730486, -0.26281235260428004, 0.8201757026573819], [0.26682160198383137, -0.2059572046328645, -0.9414817377807168, -0.003138049517200609], [-0.009777977160956963, -0.9774265120297456, 0.21104929458305544, 0.6824250420136019], [0.0, 0.0, 0.0, 1.0]];[0.8201757026573819, -0.003138049517200609, 0.6824250420136019];[0.0883339914741707, 0.621829927438937, -0.7714763173725255, -0.10172973520487678];[-1.358137694737329, 0.009778132977832267, 2.871485861630377];[[-0.9636963338507737, 0.26682160198383137, -0.009777977160956963, 0.7979103536385598], [-0.047106723948730486, -0.2059572046328645, -0.9774265120297456, 0.705009815045083], [-0.26281235260428004, -0.9414817377807168, 0.21104929458305544, 0.06857256592877635], [0.0, 0.0, 0.0, 1.0]];[0.7979103536385598, 0.705009815045083, 0.06857256592877635];[-0.0883339914741707, -0.621829927438937, 0.7714763173725255, -0.10172973520487678];[-1.3502747274802864, 0.26593586809789205, -3.092750235749447]
