timestamp;T_cam_map;trans_cam_map;rot_quat_cam_map;rot_eul_cam_map;T_map_cam;trans_map_cam;rot_quat_map_cam;rot_eul_map_cam
1681734502.1611254;[[-0.9646474134070283, -0.04975368294556669, -0.2588048276993337, 0.818196702760923], [0.2633576653401593, -0.218892162453156, -0.9395365673155899, 0.017344344843682767], [-0.00990494390243768, -0.9744797546639609, 0.22425677210812692, 0.6894914045938552], [0.0, 0.0, 0.0, 1.0]];[0.818196702760923, 0.017344344843682767, 0.6894914045938552];[0.08658518484417638, 0.6167451821550263, -0.7758537793889246, -0.1008925124178482];[-1.344604721171315, 0.009905105868485283, 2.875078168915944];[[-0.9646474134070283, 0.2633576653401593, -0.00990494390243768, 0.7915329404953122], [-0.04975368294556669, -0.218892162453156, -0.9744797546639609, 0.7164002552769722], [-0.2588048276993337, -0.9395365673155899, 0.22425677210812692, 0.07342578610845879], [0.0, 0.0, 0.0, 1.0]];[0.7915329404953122, 0.7164002552769722, 0.07342578610845879];[-0.08658518484417638, -0.6167451821550263, 0.7758537793889246, -0.1008925124178482];[-1.3364915869308336, 0.2617846688893073, -3.090061250100572]
