timestamp;T_cam_map;trans_cam_map;rot_quat_cam_map;rot_eul_cam_map;T_map_cam;trans_map_cam;rot_quat_map_cam;rot_eul_map_cam
1681734502.2610693;[[-0.965742349233526, -0.054711933067345425, -0.25366970508309533, 0.8178700746798118], [0.2594294727042268, -0.22679362442456852, -0.9387550269440769, 0.02252263101443796], [-0.006169569621708226, -0.972404882906499, 0.2332180955892592, 0.685702351375979], [0.0, 0.0, 0.0, 1.0]];[0.8178700746798118, 0.02252263101443796, 0.685702351375979];[0.08341639467422357, 0.6135410803727201, -0.7787416242322217, -0.10084904800141228];[-1.3354060328008819, 0.006169608761706034, 2.879156138479867];[[-0.965742349233526, 0.2594294727042268, -0.006169569621708226, 0.7882392213976768], [-0.054711933067345425, -0.22679362442456852, -0.972404882906499, 0.7166355566014786], [-0.25366970508309533, -0.9387550269440769, 0.2332180955892592, 0.0686938971961443], [0.0, 0.0, 0.0, 1.0]];[0.7882392213976768, 0.7166355566014786, 0.0686938971961443];[-0.08341639467422357, -0.6135410803727201, 0.7787416242322217, -0.10084904800141228];[-1.3272926609026383, 0.2564721756167284, -3.0850004244538205]
