timestamp;T_cam_map;trans_cam_map;rot_quat_cam_map;rot_eul_cam_map;T_map_cam;trans_map_cam;rot_quat_map_cam;rot_eul_map_cam
1681734502.3610542;[[-0.9676846165017384, -0.06409303964915107, -0.2438822774504446, 0.8152277291018671], [0.2521634427451867, -0.24705106134049473, -0.9356171071722823, 0.04837669378246392], [-0.0002848311398522124, -0.9668804762529168, 0.2552294330835578, 0.6828052902831736], [0.0, 0.0, 0.0, 1.0]];[0.8152277291018671, 0.04837669378246392, 0.6828052902831736];[0.0776804540331711, 0.6052693867357093, -0.7858061324089092, -0.10061530107459377];[-1.3127113282349823, 0.00028483114370356016, 2.886677347053028];[[-0.9676846165017384, 0.2521634427451867, -0.0002848311398522124, 0.7768789829538366], [-0.06409303964915107, -0.24705106134049473, -0.9668804762529168, 0.7243930409645216], [-0.2438822774504446, -0.9356171071722823, 0.2552294330835578, 0.06980965035999714], [0.0, 0.0, 0.0, 1.0]];[0.7768789829538366, 0.7243930409645216, 0.06980965035999714];[-0.0776804540331711, -0.6052693867357093, 0.7858061324089092, -0.10061530107459377];[-1.304483464274593, 0.24636700204453854, -3.0754558544546526]
