timestamp;T_cam_map;trans_cam_map;rot_quat_cam_map;rot_eul_cam_map;T_map_cam;trans_map_cam;rot_quat_map_cam;rot_eul_map_cam
1681734462.1852875;[[-0.02683767533999848, -0.005125853575130179, 0.9996266627133708, -0.01968359266354684], [-0.9954141756019637, 0.09198589232296414, -0.026252897444110412, 0.06402266337450019], [-0.09181698205129468, -0.9957471171129114, -0.007571034824768452, 0.1373948057409016], [0.0, 0.0, 0.0, 1.0]];[-0.01968359266354684, 0.06402266337450019, 0.1373948057409016];[-0.4713670192010165, 0.5306586950403552, -0.48147708880907975, 0.5141928583124714];[-1.5783995513513285, 0.09194648227647216, -1.5977511120005665];[[-0.02683767533999848, -0.9954141756019637, -0.09181698205129468, 0.07581598122599456], [-0.005125853575130179, 0.09198589232296414, -0.9957471171129114, 0.13082040468956924], [0.9996266627133708, -0.026252897444110412, -0.007571034824768452, 0.02239724531914694], [0.0, 0.0, 0.0, 1.0]];[0.07581598122599456, 0.13082040468956924, 0.02239724531914694];[0.4713670192010165, -0.5306586950403552, 0.48147708880907975, 0.5141928583124714];[-1.8515666613555466, -1.5434701298745845, -2.9528708462874698]
