timestamp;T_cam_map;trans_cam_map;rot_quat_cam_map;rot_eul_cam_map;T_map_cam;trans_map_cam;rot_quat_map_cam;rot_eul_map_cam
1681734502.461022;[[-0.9674367063518517, -0.06684999972285989, -0.24412557575996618, 0.8133250889913285], [0.2531128262792803, -0.256810580867038, -0.9327283756419388, 0.05583139973131764], [-0.00034113926224983715, -0.9641469820996115, 0.2653685748769352, 0.6791601053029567], [0.0, 0.0, 0.0, 1.0]];[0.8133250889913285, 0.05583139973131764, 0.6791601053029567];[0.07746821870653023, 0.6010943250871443, -0.7889258301792101, -0.10139192233364261];[-1.302210127786302, 0.00034113926886656054, 2.88569612908069];[[-0.9674367063518517, 0.2531128262792803, -0.00034113926224983715, 0.7729405900832477], [-0.06684999972285989, -0.256810580867038, -0.9641469820996115, 0.7235190420595845], [-0.24412557575996618, -0.9327283756419388, 0.2653685748769352, 0.07040123715372673], [0.0, 0.0, 0.0, 1.0]];[0.7729405900832477, 0.7235190420595845, 0.07040123715372673];[-0.07746821870653023, -0.6010943250871443, 0.7889258301792101, -0.10139192233364261];[-1.293612377010692, 0.24661788343456692, -3.072602192512307]
