timestamp;T_cam_map;trans_cam_map;rot_quat_cam_map;rot_eul_cam_map;T_map_cam;trans_map_cam;rot_quat_map_cam;rot_eul_map_cam
1681734502.5610733;[[-0.967008731485047, -0.06554734821320311, -0.24616591635296953, 0.811235818859923], [0.2546798045792725, -0.2703188920914098, -0.9284750366692345, 0.07472056226850968], [-0.005684221243376544, -0.9605369548959009, 0.2780943147713856, 0.6929498282420766], [0.0, 0.0, 0.0, 1.0]];[0.811235818859923, 0.07472056226850968, 0.6929498282420766];[0.07939749025469427, 0.5955240391080472, -0.7930040886319317, -0.10095381517670433];[-1.2889820560552012, 0.005684251853704616, 2.8840718237771874];[[-0.967008731485047, 0.2546798045792725, -0.005684221243376544, 0.769381182068658], [-0.06554734821320311, -0.2703188920914098, -0.9605369548959009, 0.7389766542259868], [-0.24616591635296953, -0.9284750366692345, 0.2780943147713856, 0.07636937786427517], [0.0, 0.0, 0.0, 1.0]];[0.769381182068658, 0.7389766542259868, 0.07636937786427517];[-0.07939749025469427, -0.5955240391080472, 0.7930040886319317, -0.10095381517670433];[-1.2797824562469151, 0.24872244249326472, -3.07391256594333]
