timestamp;T_cam_map;trans_cam_map;rot_quat_cam_map;rot_eul_cam_map;T_map_cam;trans_map_cam;rot_quat_map_cam;rot_eul_map_cam
1681734502.6610239;[[-0.9674235787319024, -0.0634511703268556, -0.2450827784600767, 0.814362700525894], [0.25301705690569803, -0.27522089997962174, -0.9274889892226137, 0.08339747993492683], [-0.008601641025841364, -0.9592848404924157, 0.28230941637342377, 0.7039267023225982], [0.0, 0.0, 0.0, 1.0]];[0.814362700525894, 0.08339747993492683, 0.7039267023225982];[0.07982465921364085, 0.5936946316034147, -0.7945051754213042, -0.09958029130041206];[-1.284584841421296, 0.008601747099403138, 2.8857854604291617];[[-0.9674235787319024, 0.25301705690569803, -0.008601641025841364, 0.7727876180039333], [-0.0634511703268556, -0.27522089997962174, -0.9592848404924157, 0.7498912102585158], [-0.2450827784600767, -0.9274889892226137, 0.28230941637342377, 0.07821138118533433], [0.0, 0.0, 0.0, 1.0]];[0.7727876180039333, 0.7498912102585158, 0.07821138118533433];[-0.07982465921364085, -0.5936946316034147, 0.7945051754213042, -0.09958029130041206];[-1.2753257299227834, 0.247605074052861, -3.0760986735143425]
