timestamp;T_cam_map;trans_cam_map;rot_quat_cam_map;rot_eul_cam_map;T_map_cam;trans_map_cam;rot_quat_map_cam;rot_eul_map_cam
1681734502.7612154;[[-0.9672004119448616, -0.06831785640144697, -0.24465492766425412, 0.8168351786915179], [0.2539296977676122, -0.28492895907801086, -0.9243025461775871, 0.09103588096196938], [-0.006562905251429774, -0.9561109552637876, 0.2929313392234233, 0.7098352400691925], [0.0, 0.0, 0.0, 1.0]];[0.8168351786915179, 0.09103588096196938, 0.7098352400691925];[0.07873564616761275, 0.5893513624408251, -0.7976623205101102, -0.10099748536541744];[-1.2734984981996227, 0.006562952364951669, 2.8848460300136516];[[-0.9672004119448616, 0.2539296977676122, -0.006562905251429774, 0.7715851890075094], [-0.06831785640144697, -0.28492895907801086, -0.9561109552637876, 0.7604244367051964], [-0.24465492766425412, -0.9243025461775871, 0.2929313392234233, 0.07605446062161061], [0.0, 0.0, 0.0, 1.0]];[0.7715851890075094, 0.7604244367051964, 0.07605446062161061];[-0.07873564616761275, -0.5893513624408251, 0.7976623205101102, -0.10099748536541744];[-1.2638884261968164, 0.24716378885924017, -3.0710751309334596]
