timestamp;T_cam_map;trans_cam_map;rot_quat_cam_map;rot_eul_cam_map;T_map_cam;trans_map_cam;rot_quat_map_cam;rot_eul_map_cam
1681734502.8610303;[[-0.967875161713883, -0.06771357427139801, -0.24214157676185405, 0.8119062616881771], [0.2513198854211003, -0.2892051856675308, -0.9236875422863157, 0.09965307457293611], [-0.007482414667071127, -0.9548692226909407, 0.2969322835737958, 0.7253467016663825], [0.0, 0.0, 0.0, 1.0]];[0.8119062616881771, 0.09965307457293611, 0.7253467016663825];[0.07809888024141584, 0.5877366953986616, -0.799063925940098, -0.09981474865016454];[-1.2693091893430843, 0.007482484487901473, 2.8875417173749547];[[-0.967875161713883, 0.2513198854211003, -0.007482414667071127, 0.7662064498436882], [-0.06771357427139801, -0.2892051856675308, -0.9548692226909407, 0.7764085020880579], [-0.24214157676185405, -0.9236875422863157, 0.2969322835737958, 0.07326571341302823], [0.0, 0.0, 0.0, 1.0]];[0.7662064498436882, 0.7764085020880579, 0.07326571341302823];[-0.07809888024141584, -0.5877366953986616, 0.799063925940098, -0.09981474865016454];[-1.2597659438978568, 0.24457250807162104, -3.0717454001178033]
