timestamp;T_cam_map;trans_cam_map;rot_quat_cam_map;rot_eul_cam_map;T_map_cam;trans_map_cam;rot_quat_map_cam;rot_eul_map_cam
1681734502.9610524;[[-0.9682690721028369, -0.06538967495522195, -0.24120363682656643, 0.8152016689509247], [0.24972730346930028, -0.2900629244264097, -0.9238505148427159, 0.10430942349992822], [-0.009553947407419869, -0.9547710145801713, 0.29718854588709664, 0.7338070537083948], [0.0, 0.0, 0.0, 1.0]];[0.8152016689509247, 0.10430942349992822, 0.7338070537083948];[0.07843039340153231, 0.5875835263580257, -0.7992997783085429, -0.09856032335307426];[-1.2690353110188464, 0.009554092757450504, 2.8891822569355683];[[-0.9682690721028369, 0.24972730346930028, -0.009553947407419869, 0.7702964065130453], [-0.06538967495522195, -0.2900629244264097, -0.9547710145801713, 0.7841797737565279], [-0.24120363682656643, -0.9238505148427159, 0.29718854588709664, 0.07491687064811278], [0.0, 0.0, 0.0, 1.0]];[0.7702964065130453, 0.7841797737565279, 0.07491687064811278];[-0.07843039340153231, -0.5875835263580257, 0.7992997783085429, -0.09856032335307426];[-1.259565948492729, 0.24360591622970462, -3.0741624922740693]
