timestamp;T_cam_map;trans_cam_map;rot_quat_cam_map;rot_eul_cam_map;T_map_cam;trans_map_cam;rot_quat_map_cam;rot_eul_map_cam
1681734503.0610614;[[-0.9739406273654034, -0.05614153501775268, -0.2197448120273492, 0.8118412401627534], [0.22630117260660718, -0.30497413054314737, -0.9250830011281832, 0.10770715536763728], [-0.015080903287242528, -0.9507044271198604, 0.30973159123786376, 0.7437073842759325], [0.0, 0.0, 0.0, 1.0]];[0.8118412401627534, 0.10770715536763728, 0.7437073842759325];[0.07297587262218991, 0.5829311506482546, -0.8044635400604577, -0.08777361979734144];[-1.25584854814019, 0.015081474996554265, 2.913287572532678];[[-0.9739406273654034, 0.22630117260660718, -0.015080903287242528, 0.7775266903436744], [-0.05614153501775268, -0.30497413054314737, -0.9507044271198604, 0.7854718121878341], [-0.2197448120273492, -0.9250830011281832, 0.30973159123786376, 0.04768628769895374], [0.0, 0.0, 0.0, 1.0]];[0.7775266903436744, 0.7854718121878341, 0.04768628769895374];[-0.07297587262218991, -0.5829311506482546, 0.8044635400604577, -0.08777361979734144];[-1.2477129373853568, 0.22155288107404897, -3.084012679162354]
