timestamp;T_cam_map;trans_cam_map;rot_quat_cam_map;rot_eul_cam_map;T_map_cam;trans_map_cam;rot_quat_map_cam;rot_eul_map_cam
1681734503.161102;[[-0.9764844324830838, -0.05053396060431645, -0.20958165936892237, 0.8063663228541065], [0.21482388602684624, -0.3098493560384766, -0.9261987230367281, 0.10925953399208194], [-0.01813425241122972, -0.9494417809366631, 0.31341897437982763, 0.7430415233760355], [0.0, 0.0, 0.0, 1.0]];[0.8063663228541065, 0.10925953399208194, 0.7430415233760355];[0.070615064213603, 0.5816390852721256, -0.8061874414336577, -0.08228788771481982];[-1.2519507612394922, 0.018135246469847835, 2.9250449753592576];[[-0.9764844324830838, 0.21482388602684624, -0.01813425241122972, 0.7774071060049279], [-0.05053396060431645, -0.3098493560384766, -0.9494417809366631, 0.7800775475043022], [-0.20958165936892237, -0.9261987230367281, 0.31341897437982763, 0.037312320687892336], [0.0, 0.0, 0.0, 1.0]];[0.7774071060049279, 0.7800775475043022, 0.037312320687892336];[-0.070615064213603, -0.5816390852721256, 0.8061874414336577, -0.08228788771481982];[-1.244499189479803, 0.21114709760310676, -3.0898878658313307]
