timestamp;T_cam_map;trans_cam_map;rot_quat_cam_map;rot_eul_cam_map;T_map_cam;trans_map_cam;rot_quat_map_cam;rot_eul_map_cam
1681734503.261051;[[-0.9794635432595067, -0.03540186871774201, -0.19848897983722996, 0.7960541129119969], [0.19942732557603418, -0.3149464679151046, -0.9279210441418981, 0.10875017794994543], [-0.02966326413466644, -0.9484489601655388, 0.31553868339996805, 0.7515496820524028], [0.0, 0.0, 0.0, 1.0]];[0.7960541129119969, 0.10875017794994543, 0.7515496820524028];[0.07061204085641114, 0.580727645274537, -0.8077667817158891, -0.07267852541390196];[-1.249625644628091, 0.029667616021418604, 2.9407295838598033];[[-0.9794635432595067, 0.19942732557603418, -0.02966326413466644, 0.7803116416436575], [-0.03540186871774201, -0.3149464679151046, -0.9484489601655388, 0.7752388020833463], [-0.19848897983722996, -0.9279210441418981, 0.31553868339996805, 0.02177655025658417], [0.0, 0.0, 0.0, 1.0]];[0.7803116416436575, 0.7752388020833463, 0.02177655025658417];[-0.07061204085641114, -0.580727645274537, 0.8077667817158891, -0.07267852541390196];[-1.243013839906989, 0.1998159843430234, -3.105464239507888]
