timestamp;T_cam_map;trans_cam_map;rot_quat_cam_map;rot_eul_cam_map;T_map_cam;trans_map_cam;rot_quat_map_cam;rot_eul_map_cam
1681734503.36105;[[-0.9841994771229373, -0.010270449787879776, -0.17676511842581394, 0.7887285758400161], [0.17070047886613354, -0.32025541844292194, -0.9318249907964598, 0.1052525412475662], [-0.047039725188505105, -0.9472755590740765, 0.3169483860742729, 0.7610184937527041], [0.0, 0.0, 0.0, 1.0]];[0.7887285758400161, 0.1052525412475662, 0.7610184937527041];[0.069115040413994, 0.5803007135541328, -0.8095374113714777, -0.05588714187631596];[-1.2479157148418545, 0.04705709023188115, 2.9698601226614616];[[-0.9841994771229373, 0.17070047886613354, -0.047039725188505105, 0.7940976935503231], [-0.010270449787879776, -0.32025541844292194, -0.9472755590740765, 0.7627025130091555], [-0.17676511842581394, -0.9318249907964598, 0.3169483860742729, -0.0037069349740922533], [0.0, 0.0, 0.0, 1.0]];[0.7940976935503231, 0.7627025130091555, -0.0037069349740922533];[-0.069115040413994, -0.5803007135541328, 0.8095374113714777, -0.05588714187631596];[-1.242934800826482, 0.17769883874501718, -3.13115769884059]
