timestamp;T_cam_map;trans_cam_map;rot_quat_cam_map;rot_eul_cam_map;T_map_cam;trans_map_cam;rot_quat_map_cam;rot_eul_map_cam
1681734462.285274;[[-0.04392263876288033, -0.013481706911161961, 0.9989439650865645, -0.026373115820067905], [-0.9949203566758256, 0.09124703680280913, -0.042514258158354856, 0.05885685238033847], [-0.09057751197816144, -0.9957370244464492, -0.017421035284325315, 0.1428332317075727], [0.0, 0.0, 0.0, 1.0]];[-0.026373115820067905, 0.05885685238033847, 0.1428332317075727];[-0.4696411821057209, 0.5367938875513614, -0.4835428023132352, 0.5074207728196598];[-1.5882901606848343, 0.09070182544773955, -1.6149145695051217];[[-0.04392263876288033, -0.9949203566758256, -0.09057751197816144, 0.07033698247971845], [-0.013481706911161961, 0.09124703680280913, -0.9957370244464492, 0.13649826913950208], [0.9989439650865645, -0.042514258158354856, -0.017421035284325315, 0.031335823074823535], [0.0, 0.0, 0.0, 1.0]];[0.07033698247971845, 0.13649826913950208, 0.031335823074823535];[0.4696411821057209, -0.5367938875513614, 0.4835428023132352, 0.5074207728196598];[-1.9596959908674256, -1.5248350205887928, -2.8437791927257403]
