timestamp;T_cam_map;trans_cam_map;rot_quat_cam_map;rot_eul_cam_map;T_map_cam;trans_map_cam;rot_quat_map_cam;rot_eul_map_cam
1681734503.4610133;[[-0.9873211273978474, -0.0030017275780327146, -0.15870721793727843, 0.7795123683836968], [0.15100300027206623, -0.32601479833340374, -0.9332268990853534, 0.10090570711894552], [-0.04893960873033092, -0.94535990019631, 0.32233456810920036, 0.7625906977789386], [0.0, 0.0, 0.0, 1.0]];[0.7795123683836968, 0.10090570711894552, 0.7625906977789386];[0.06395135422013344, 0.5785697367118426, -0.8117374104106039, -0.04743058711936114];[-1.2421931357581084, 0.04895916557207354, 2.989826562514983];[[-0.9873211273978474, 0.15100300027206623, -0.04893960873033092, 0.7917128562243139], [-0.0030017275780327146, -0.32601479833340374, -0.94535990019631, 0.7561593034735996], [-0.15870721793727843, -0.9332268990853534, 0.32233456810920036, -0.02792718372416416], [0.0, 0.0, 0.0, 1.0]];[0.7917128562243139, 0.7561593034735996, -0.02792718372416416];[-0.06395135422013344, -0.5785697367118426, 0.8117374104106039, -0.04743058711936114];[-1.2382272834996724, 0.1593811372340232, -3.138552388121757]
