timestamp;T_cam_map;trans_cam_map;rot_quat_cam_map;rot_eul_cam_map;T_map_cam;trans_map_cam;rot_quat_map_cam;rot_eul_map_cam
1681734503.5610223;[[-0.9929110737986869, 0.011687662422578834, -0.11828354946920594, 0.7553030464124866], [0.10743030789537908, -0.33754601929797323, -0.9351584966205442, 0.08827774666185235], [-0.0508559580918726, -0.9412364651899054, 0.333897571304988, 0.7601077891223417], [0.0, 0.0, 0.0, 1.0]];[0.7553030464124866, 0.08827774666185235, 0.7601077891223417];[0.051810650918267157, 0.5747754959972907, -0.816142552560772, -0.02932779487247452];[-1.2299018879072856, 0.05087790534682072, 3.0338146115586695];[[-0.9929110737986869, 0.10743030789537908, -0.0508559580918726, 0.7791210632215606], [0.011687662422578834, -0.33754601929797323, -0.9412364651899054, 0.736411243541916], [-0.11828354946920594, -0.9351584966205442, 0.333897571304988, -0.0819045346100336], [0.0, 0.0, 0.0, 1.0]];[0.7791210632215606, 0.736411243541916, -0.0819045346100336];[-0.051810650918267157, -0.5747754959972907, 0.816142552560772, -0.02932779487247452];[-1.2278554719445764, 0.11856111808849026, 3.129822090277785]
