timestamp;T_cam_map;trans_cam_map;rot_quat_cam_map;rot_eul_cam_map;T_map_cam;trans_map_cam;rot_quat_map_cam;rot_eul_map_cam
1681734503.6610274;[[-0.9949902351943494, 0.022562528938827462, -0.09739283421165085, 0.7375707017281882], [0.08394616418219844, -0.34048659165906403, -0.9364944860593092, 0.08260763662205606], [-0.054290638115506794, -0.9399786237932641, 0.33688679615671, 0.7656612382704283], [0.0, 0.0, 0.0, 1.0]];[0.7375707017281882, 0.08260763662205606, 0.7656612382704283];[0.04639385818188842, 0.5739374633569793, -0.817368280368483, -0.018774778982033113];[-1.22665935279404, 0.054317343587010194, 3.0574231526991604];[[-0.9949902351943494, 0.08394616418219844, -0.054290638115506794, 0.7685092889644236], [0.022562528938827462, -0.34048659165906403, -0.9399786237932641, 0.7311905293775645], [-0.09739283421165085, -0.9364944860593092, 0.33688679615671, -0.10874546422657308], [0.0, 0.0, 0.0, 1.0]];[0.7685092889644236, 0.7311905293775645, -0.10874546422657308];[-0.04639385818188842, -0.5739374633569793, 0.817368280368483, -0.018774778982033113];[-1.2254782439049476, 0.09754746289420109, 3.11892040811028]
