timestamp;T_cam_map;trans_cam_map;rot_quat_cam_map;rot_eul_cam_map;T_map_cam;trans_map_cam;rot_quat_map_cam;rot_eul_map_cam
1681734503.7610266;[[-0.9976293499846901, 0.032961409020797784, -0.06040882025407409, 0.7023788603813693], [0.044790476433358074, -0.35542403169490744, -0.9336313892080809, 0.06713827346307465], [-0.05224455253897919, -0.9341238157809176, 0.35310508849477207, 0.7568248760190225], [0.0, 0.0, 0.0, 1.0]];[0.7023788603813693, 0.06713827346307465, 0.7568248760190225];[0.034240302333090236, 0.5676927491599243, -0.8225202839709137, -0.0035953725528362138];[-1.2093922290285382, 0.05226834863775434, 3.09672587258384];[[-0.9976293499846901, 0.044790476433358074, -0.05224455253897919, 0.737246587667911], [0.032961409020797784, -0.35542403169490744, -0.9341238157809176, 0.7076792999954982], [-0.06040882025407409, -0.9336313892080809, 0.35310508849477207, -0.16212643697233992], [0.0, 0.0, 0.0, 1.0]];[0.737246587667911, 0.7076792999954982, -0.16212643697233992];[-0.034240302333090236, -0.5676927491599243, 0.8225202839709137, -0.0035953725528362138];[-1.2092177943456757, 0.06044562162144826, 3.108564933376495]
