timestamp;T_cam_map;trans_cam_map;rot_quat_cam_map;rot_eul_cam_map;T_map_cam;trans_map_cam;rot_quat_map_cam;rot_eul_map_cam
1681734503.8609939;[[-0.9982735850270434, 0.03711986680017115, -0.04551884143947645, 0.6838295447155565], [0.028944019713212407, -0.3634543588897036, -0.9311622698149427, 0.060608749086763544], [-0.051108640757662686, -0.9308721955740284, 0.36175248768611407, 0.7529372094251168], [0.0, 0.0, 0.0, 1.0]];[0.6838295447155565, 0.060608749086763544, 0.7529372094251168];[0.02927578426168247, 0.564151295853166, -0.8251485368712201, 0.0024770834345655343];[-1.2001414854315031, 0.051130917040576915, 3.1126066986600915];[[-0.9982735850270434, 0.028944019713212407, -0.051108640757662686, 0.7193763076718342], [0.03711986680017115, -0.3634543588897036, -0.9308721955740284, 0.697533165695514], [-0.04551884143947645, -0.9311622698149427, 0.36175248768611407, -0.18481319959316478], [0.0, 0.0, 0.0, 1.0]];[0.7193763076718342, 0.697533165695514, -0.18481319959316478];[-0.02927578426168247, -0.564151295853166, 0.8251485368712201, 0.0024770834345655343];[-1.2002466668517466, 0.04553457502079415, 3.104425715034887]
