timestamp;T_cam_map;trans_cam_map;rot_quat_cam_map;rot_eul_cam_map;T_map_cam;trans_map_cam;rot_quat_map_cam;rot_eul_map_cam
1681734503.9610415;[[-0.9988071262032564, 0.046220762480082805, -0.015746928632337842, 0.6492396800107836], [-0.002644997801008235, -0.3732270603065781, -0.9277362585571087, 0.054261657925773796], [-0.048757857133233745, -0.9265879356923818, 0.3729041013412235, 0.7486918096616327], [0.0, 0.0, 0.0, 1.0]];[0.6492396800107836, 0.054261657925773796, 0.7486918096616327];[0.019466848500066525, 0.5596150383423089, -0.8283927643109668, 0.014747159314499866];[-1.1881807936578062, 0.04877719673815571, -3.1389445030622736];[[-0.9988071262032564, -0.002644997801008235, -0.048757857133233745, 0.6851133492668897], [0.046220762480082805, -0.3732270603065781, -0.9265879356923818, 0.6839723644167406], [-0.015746928632337842, -0.9277362585571087, 0.3729041013412235, -0.218626208049831], [0.0, 0.0, 0.0, 1.0]];[0.6851133492668897, 0.6839723644167406, -0.218626208049831];[-0.019466848500066525, -0.5596150383423089, 0.8283927643109668, 0.014747159314499866];[-1.1886095710536337, 0.015747579488157158, 3.09534968012974]
