timestamp;T_cam_map;trans_cam_map;rot_quat_cam_map;rot_eul_cam_map;T_map_cam;trans_map_cam;rot_quat_map_cam;rot_eul_map_cam
1681734504.061031;[[-0.9986239805981648, 0.05220079732142627, -0.005022164203198773, 0.6309347689166924], [-0.014936515605186582, -0.37492126722255026, -0.9269363213758612, 0.04737523190343429], [-0.050269731209272764, -0.9255858253793892, 0.3751850663084859, 0.7500919548535787], [0.0, 0.0, 0.0, 1.0]];[0.6309347689166924, 0.04737523190343429, 0.7500919548535787];[0.01667498362742553, 0.5586854318547981, -0.8289647631427408, 0.02024733616905631];[-1.1856874713143994, 0.050290927641579906, -3.1266366719538174];[[-0.9986239805981648, -0.014936515605186582, -0.050269731209272764, 0.6684811322767231], [0.05220079732142627, -0.37492126722255026, -0.9255858253793892, 0.6791011651285257], [-0.005022164203198773, -0.9269363213758612, 0.3751850663084859, -0.23434081862329714], [0.0, 0.0, 0.0, 1.0]];[0.6684811322767231, 0.6791011651285257, -0.23434081862329714];[-0.01667498362742553, -0.5586854318547981, 0.8289647631427408, 0.02024733616905631];[-1.1861948050894433, 0.00502218531505421, 3.0893674607377255]
