timestamp;T_cam_map;trans_cam_map;rot_quat_cam_map;rot_eul_cam_map;T_map_cam;trans_map_cam;rot_quat_map_cam;rot_eul_map_cam
1681734504.1609821;[[-0.9980783646273995, 0.06002723948627679, 0.015372331714892655, 0.5928517821195416], [-0.037195674580741064, -0.381977156412035, -0.923422944144155, 0.0373523092054438], [-0.049558650659386756, -0.9222202461988311, 0.3834758892626601, 0.7507225866307483], [0.0, 0.0, 0.0, 1.0]];[0.5928517821195416, 0.0373523092054438, 0.7507225866307483];[0.010282296946393918, 0.5551183024709023, -0.8311936312168928, 0.029241957113133973];[-1.176728446621001, 0.04957895961546883, -3.104342603407387];[[-0.9980783646273995, -0.037195674580741064, -0.049558650659386756, 0.6303066799153011], [0.06002723948627679, -0.381977156412035, -0.9222202461988311, 0.671012041620195], [0.015372331714892655, -0.923422944144155, 0.3834758892626601, -0.26250554641322393], [0.0, 0.0, 0.0, 1.0]];[0.6303066799153011, 0.671012041620195, -0.26250554641322393];[-0.010282296946393918, -0.5551183024709023, 0.8311936312168928, 0.029241957113133973];[-1.1771902742914437, -0.015372937214935559, 3.0815221999223295]
