timestamp;T_cam_map;trans_cam_map;rot_quat_cam_map;rot_eul_cam_map;T_map_cam;trans_map_cam;rot_quat_map_cam;rot_eul_map_cam
1681734504.260982;[[-0.9976733009950115, 0.06431303747079914, 0.022623388185614594, 0.5658907404928224], [-0.04599014553337059, -0.38991050353513, -0.9197035966803657, 0.032871192601547444], [-0.050327835196209404, -0.9186041761521995, 0.3919610651074954, 0.7454790899566341], [0.0, 0.0, 0.0, 1.0]];[0.5658907404928224, 0.032871192601547444, 0.7454790899566341];[0.008308691723479204, 0.5513169987294937, -0.8335983549704313, 0.03308043446417379];[-1.1674934024479444, 0.05034910526888706, -3.0955278635826127];[[-0.9976733009950115, -0.04599014553337059, -0.050327835196209404, 0.6036041827831439], [0.06431303747079914, -0.38991050353513, -0.9186041761521995, 0.6612228761296818], [0.022623388185614594, -0.9197035966803657, 0.3919610651074954, -0.27476938994476646], [0.0, 0.0, 0.0, 1.0]];[0.6036041827831439, 0.6612228761296818, -0.27476938994476646];[-0.008308691723479204, -0.5513169987294937, 0.8335983549704313, 0.03308043446417379];[-1.167924989752052, -0.022625318471952087, 3.077218699726941]
