timestamp;T_cam_map;trans_cam_map;rot_quat_cam_map;rot_eul_cam_map;T_map_cam;trans_map_cam;rot_quat_map_cam;rot_eul_map_cam
1681734504.3610227;[[-0.996071908641217, 0.08268282782603564, 0.03169073679379464, 0.5256898054387051], [-0.06267295276431686, -0.40548110362114737, -0.9119523976600854, 0.04015900470126252], [-0.06255280815155406, -0.910356317377359, 0.4090703137646245, 0.7518124150938295], [0.0, 0.0, 0.0, 1.0]];[0.5256898054387051, 0.04015900470126252, 0.7518124150938295];[0.009204363303700128, 0.5434888433205058, -0.8382456868405272, 0.043351186553139354];[-1.1484815166469262, 0.06259367347980914, -3.0787553805276153];[[-0.996071908641217, -0.06267295276431686, -0.06255280815155406, 0.5731697090285861], [0.08268282782603564, -0.40548110362114737, -0.910356317377359, 0.6572353794370012], [0.03169073679379464, -0.9119523976600854, 0.4090703137646245, -0.2875805371689531], [0.0, 0.0, 0.0, 1.0]];[0.5731697090285861, 0.6572353794370012, -0.2875805371689531];[-0.009204363303700128, -0.5434888433205058, 0.8382456868405272, 0.043351186553139354];[-1.1491360356356093, -0.03169604370847342, 3.0587736318180423]
