timestamp;T_cam_map;trans_cam_map;rot_quat_cam_map;rot_eul_cam_map;T_map_cam;trans_map_cam;rot_quat_map_cam;rot_eul_map_cam
1681734462.385236;[[-0.06198994523165402, -0.019127006097066357, 0.9978934834579991, -0.018891487212156815], [-0.9935592278616254, 0.09620205190294426, -0.059876756263799735, 0.07043338385268724], [-0.09485413760710598, -0.995178035754119, -0.024967373337742182, 0.15424376624211295], [0.0, 0.0, 0.0, 1.0]];[-0.018891487212156815, 0.07043338385268724, 0.15424376624211295];[-0.4655038604037414, 0.5438656475804342, -0.4849795150289772, 0.5023058663139293];[-1.595879413492389, 0.09499695524385628, -1.6331073536669027];[[-0.06198994523165402, -0.9935592278616254, -0.09485413760710598, 0.08343931564689894], [-0.019127006097066357, 0.09620205190294426, -0.995178035754119, 0.14636283467595762], [0.9978934834579991, -0.059876756263799735, -0.024967373337742182, 0.026920076236409667], [0.0, 0.0, 0.0, 1.0]];[0.08343931564689894, 0.14636283467595762, 0.026920076236409667];[0.4655038604037414, -0.5438656475804342, 0.4849795150289772, 0.5023058663139293];[-1.9658538799002592, -1.505877045739367, -2.8423102723567397]
