timestamp;T_cam_map;trans_cam_map;rot_quat_cam_map;rot_eul_cam_map;T_map_cam;trans_map_cam;rot_quat_map_cam;rot_eul_map_cam
1681734504.4609807;[[-0.9942809171147128, 0.09678573836335533, 0.04514397757161317, 0.5022872427739246], [-0.08155627206116156, -0.4152122860361108, -0.9060614394245862, 0.04875041019564033], [-0.06894949128900069, -0.9045613734701076, 0.4207311365668829, 0.7532393603974432], [0.0, 0.0, 0.0, 1.0]];[0.5022872427739246, 0.04875041019564033, 0.7532393603974432];[0.007075174105905278, 0.5381304429484823, -0.8411635304323569, 0.0530045597473922];[-1.1354385832517715, 0.0690042398464539, -3.059750492547428];[[-0.9942809171147128, -0.08155627206116156, -0.06894949128900069, 0.5553259928355428], [0.09678573836335533, -0.4152122860361108, -0.9045613734701076, 0.6529787579930183], [0.04514397757161317, -0.9060614394245862, 0.4207311365668829, -0.2954156293948208], [0.0, 0.0, 0.0, 1.0]];[0.5553259928355428, 0.6529787579930183, -0.2954156293948208];[-0.007075174105905278, -0.5381304429484823, 0.8411635304323569, 0.0530045597473922];[-1.1360718589415988, -0.04515932539532903, 3.0445559272577087]
