timestamp;T_cam_map;trans_cam_map;rot_quat_cam_map;rot_eul_cam_map;T_map_cam;trans_map_cam;rot_quat_map_cam;rot_eul_map_cam
1681734504.5610175;[[-0.9892947298454351, 0.12363689219360015, 0.07752326353267233, 0.45781455700521045], [-0.12433645103583162, -0.4360230459166016, -0.8913048582687205, 0.06865107242916553], [-0.07639623317849065, -0.8914021664312454, 0.44672787380889994, 0.7576111280795967], [0.0, 0.0, 0.0, 1.0]];[0.45781455700521045, 0.06865107242916553, 0.7576111280795967];[-0.00033251400976886183, 0.5259619306850863, -0.8473555407222724, 0.07316094936313963];[-1.1062276364122376, 0.07647074199728145, -3.0165662965759674];[[-0.9892947298454351, -0.12433645103583162, -0.07639623317849065, 0.519327995596812], [0.12363689219360015, -0.4360230459166016, -0.8914021664312454, 0.6486668815594646], [0.07752326353267233, -0.8913048582687205, 0.44672787380889994, -0.3127482525912962], [0.0, 0.0, 0.0, 1.0]];[0.519327995596812, 0.6486668815594646, -0.3127482525912962];[0.00033251400976886183, -0.5259619306850863, 0.8473555407222724, 0.07316094936313963];[-1.106183907129703, -0.07760112490149686, 3.0172624901487084]
