timestamp;T_cam_map;trans_cam_map;rot_quat_cam_map;rot_eul_cam_map;T_map_cam;trans_map_cam;rot_quat_map_cam;rot_eul_map_cam
1681734504.6610184;[[-0.9855938058008687, 0.13978816816291748, 0.09520566164160449, 0.4383572416079059], [-0.14815285377979096, -0.44204458620681236, -0.8846735644983139, 0.08872494937853227], [-0.08158174969846907, -0.8860337757935102, 0.4563864220912279, 0.7610145610798515], [0.0, 0.0, 0.0, 1.0]];[0.4383572416079059, 0.08872494937853227, 0.7610145610798515];[-0.004011181706053794, 0.5213354959867084, -0.8491208415324213, 0.08477622025595818];[-1.0951503612793483, 0.08167251748193236, -2.9923913568143448];[[-0.9855938058008687, -0.14815285377979096, -0.08158174969846907, 0.5072719359475107], [0.13978816816291748, -0.44204458620681236, -0.8860337757935102, 0.6522278327163569], [0.09520566164160449, -0.8846735644983139, 0.4563864220912279, -0.3105581866865903], [0.0, 0.0, 0.0, 1.0]];[0.5072719359475107, 0.6522278327163569, -0.3105581866865903];[0.004011181706053794, -0.5213354959867084, 0.8491208415324213, 0.08477622025595818];[-1.09452466090417, -0.09535007736311, 3.0007009522691828]
