timestamp;T_cam_map;trans_cam_map;rot_quat_cam_map;rot_eul_cam_map;T_map_cam;trans_map_cam;rot_quat_map_cam;rot_eul_map_cam
1681734504.7610133;[[-0.9772716265218229, 0.16836556649261167, 0.12881461103078673, 0.4118060011450296], [-0.19173651873520872, -0.4428027358557119, -0.875878327453077, 0.11881634558471343], [-0.0904282885976168, -0.8806695027865554, 0.4650203774921992, 0.7670364113928573], [0.0, 0.0, 0.0, 1.0]];[0.4118060011450296, 0.11881634558471343, 0.7670364113928573];[-0.011299688509974752, 0.5170707188513753, -0.8492783318603118, 0.10600237628782742];[-1.084976573467319, 0.09055198715947081, -2.9478577088111844];[[-0.9772716265218229, -0.19173651873520872, -0.0904282885976168, 0.494589542996017], [0.16836556649261167, -0.4428027358557119, -0.8806695027865554, 0.6587838272619805], [0.12881461103078673, -0.875878327453077, 0.4650203774921992, -0.30566552938898356], [0.0, 0.0, 0.0, 1.0]];[0.494589542996017, 0.6587838272619805, -0.30566552938898356];[0.011299688509974752, -0.5170707188513753, 0.8492783318603118, 0.10600237628782742];[-1.082720616625404, -0.1291735388230755, 2.9709861726178146]
