timestamp;T_cam_map;trans_cam_map;rot_quat_cam_map;rot_eul_cam_map;T_map_cam;trans_map_cam;rot_quat_map_cam;rot_eul_map_cam
1681734504.8609734;[[-0.9728198004777677, 0.1778916394373799, 0.14824371965340444, 0.39264226820250203], [-0.21372317103888155, -0.4433531057323798, -0.8704943594294784, 0.11825401365777043], [-0.08912935520624468, -0.8785172669081321, 0.4693222451416346, 0.7652753917392975], [0.0, 0.0, 0.0, 1.0]];[0.39264226820250203, 0.11825401365777043, 0.7652753917392975];[-0.017400144489179755, 0.5148165813189571, -0.8493372638934111, 0.1152707019709334];[-1.0801482784025862, 0.08924778695831202, -2.9253337525387426];[[-0.9728198004777677, -0.21372317103888155, -0.08912935520624468, 0.4754522980198402], [0.1778916394373799, -0.4433531057323798, -0.8785172669081321, 0.6548881530003953], [0.14824371965340444, -0.8704943594294784, 0.4693222451416346, -0.31442806346523416], [0.0, 0.0, 0.0, 1.0]];[0.4754522980198402, 0.6548881530003953, -0.31442806346523416];[0.017400144489179755, -0.5148165813189571, 0.8493372638934111, 0.1152707019709334];[-1.076325657901006, -0.1487921328542065, 2.9607290579321273]
