timestamp;T_cam_map;trans_cam_map;rot_quat_cam_map;rot_eul_cam_map;T_map_cam;trans_map_cam;rot_quat_map_cam;rot_eul_map_cam
1681734504.9609325;[[-0.9624146917473214, 0.2027945469993907, 0.18064421611615725, 0.36971766292338526], [-0.2544197499996247, -0.44051040179747136, -0.8609420286629986, 0.13399264178038797], [-0.09501869247173153, -0.874542713431164, 0.4755486205062741, 0.765152207959979], [0.0, 0.0, 0.0, 1.0]];[0.36971766292338526, 0.13399264178038797, 0.765152207959979];[-0.025234349327237716, 0.5114576398499626, -0.8483032644713604, 0.1347437632707741];[-1.0727501026454918, 0.09516225671949624, -2.883149099838815];[[-0.9624146917473214, -0.2544197499996247, -0.09501869247173153, 0.4626158473617211], [0.2027945469993907, -0.44051040179747136, -0.874542713431164, 0.6532067146355283], [0.18064421611615725, -0.8609420286629986, 0.4755486205062741, -0.3152945375354686], [0.0, 0.0, 0.0, 1.0]];[0.4626158473617211, 0.6532067146355283, -0.3152945375354686];[0.025234349327237716, -0.5114576398499626, 0.8483032644713604, 0.1347437632707741];[-1.0661441948901345, -0.1816414036076186, 2.9339164190045186]
