timestamp;T_cam_map;trans_cam_map;rot_quat_cam_map;rot_eul_cam_map;T_map_cam;trans_map_cam;rot_quat_map_cam;rot_eul_map_cam
1681734505.060999;[[-0.9571064019761347, 0.21500828100529756, 0.19421321889985946, 0.36120561070681106], [-0.27230334245783716, -0.43851034834538694, -0.8564809186901349, 0.14348683919026578], [-0.09898598376834769, -0.8726282791046566, 0.47824853530801115, 0.7618293956943307], [0.0, 0.0, 0.0, 1.0]];[0.36120561070681106, 0.14348683919026578, 0.7618293956943307];[-0.02808652284121824, 0.5099871366815875, -0.8476239268728692, 0.14372872450078444];[-1.0694474094976525, 0.09914834851411593, -2.8644096443478198];[[-0.9571064019761347, -0.27230334245783716, -0.09898598376834769, 0.46019458054385703], [0.21500828100529756, -0.43851034834538694, -0.8726282791046566, 0.650052140924846], [0.19421321889985946, -0.8564809186901349, 0.47824853530801115, -0.31160095713583763], [0.0, 0.0, 0.0, 1.0]];[0.46019458054385703, 0.650052140924846, -0.31160095713583763];[0.02808652284121824, -0.5099871366815875, 0.8476239268728692, 0.14372872450078444];[-1.0615361275707627, -0.1954553336738114, 2.9206170129288007]
