timestamp;T_cam_map;trans_cam_map;rot_quat_cam_map;rot_eul_cam_map;T_map_cam;trans_map_cam;rot_quat_map_cam;rot_eul_map_cam
1681734505.161011;[[-0.9484937915241313, 0.2336873560168514, 0.21389190512506914, 0.34437203050250625], [-0.298446320312696, -0.43269087547412355, -0.8507105266618302, 0.15190464622413163], [-0.10625121802591189, -0.8707289049522189, 0.4801477405431793, 0.7606549832466252], [0.0, 0.0, 0.0, 1.0]];[0.34437203050250625, 0.15190464622413163, 0.7606549832466252];[-0.03181722570720592, 0.5088357238605671, -0.8457736706030514, 0.15729198449454185];[-1.0668543926098715, 0.10645215787969088, -2.8367476300506596];[[-0.9484937915241313, -0.298446320312696, -0.10625121802591189, 0.45279063407761366], [0.2336873560168514, -0.43269087547412355, -0.8707289049522189, 0.647576645677804], [0.21389190512506914, -0.8507105266618302, 0.4801477405431793, -0.30965827962303666], [0.0, 0.0, 0.0, 1.0]];[0.45279063407761366, 0.647576645677804, -0.30965827962303666];[0.03181722570720592, -0.5088357238605671, 0.8457736706030514, 0.15729198449454185];[-1.0569587246346441, -0.21555734201130491, 2.9000264695448057]
