timestamp;T_cam_map;trans_cam_map;rot_quat_cam_map;rot_eul_cam_map;T_map_cam;trans_map_cam;rot_quat_map_cam;rot_eul_map_cam
1681734505.2609994;[[-0.943999667906651, 0.2420779558572026, 0.22419386762382965, 0.3386168675363296], [-0.31124749315947164, -0.42785392941695005, -0.8485670351153293, 0.1564261989402873], [-0.1094971460544869, -0.8708267786250455, 0.47924012419188006, 0.7636224691354698], [0.0, 0.0, 0.0, 1.0]];[0.3386168675363296, 0.1564261989402873, 0.7636224691354698];[-0.033963720785638404, 0.5091428125530745, -0.844259101448643, 0.1638494178112018];[-1.0677015346643184, 0.10971714002726365, -2.823105334205044];[[-0.943999667906651, -0.31124749315947164, -0.1094971460544869, 0.45195595381992903], [0.2420779558572026, -0.42785392941695005, -0.8708267786250455, 0.64993877965134], [0.22419386762382965, -0.8485670351153293, 0.47924012419188006, -0.3091362362707081], [0.0, 0.0, 0.0, 1.0]];[0.45195595381992903, 0.64993877965134, -0.3091362362707081];[0.033963720785638404, -0.5091428125530745, 0.844259101448643, 0.1638494178112018];[-1.0566886865355702, -0.22611576853697726, 2.8905633694604114]
