timestamp;T_cam_map;trans_cam_map;rot_quat_cam_map;rot_eul_cam_map;T_map_cam;trans_map_cam;rot_quat_map_cam;rot_eul_map_cam
1681734505.3610268;[[-0.9353368623751883, 0.24850129027394238, 0.25177780405413797, 0.32286271582623016], [-0.3386707497855581, -0.4233779489600287, -0.8402697397705616, 0.15196180141393476], [-0.10221094423703338, -0.8712050396241893, 0.48016112067887057, 0.7596258288861869], [0.0, 0.0, 0.0, 1.0]];[0.32286271582623016, 0.15196180141393476, 0.7596258288861869];[-0.0443845860236689, 0.5078872396350121, -0.8424482079056979, 0.17424573835796783];[-1.0670737410700823, 0.10238975373849983, -2.7941931744436994];[[-0.9353368623751883, -0.3386707497855581, -0.10221094423703338, 0.4310924900597558], [0.24850129027394238, -0.4233779489600287, -0.8712050396241893, 0.6458953246930836], [0.25177780405413797, -0.8402697397705616, 0.48016112067887057, -0.3183435515671383], [0.0, 0.0, 0.0, 1.0]];[0.4310924900597558, 0.6458953246930836, -0.3183435515671383];[0.0443845860236689, -0.5078872396350121, 0.8424482079056979, 0.17424573835796783];[-1.0516439471891665, -0.2545167997452456, 2.8819106584089367]
