timestamp;T_cam_map;trans_cam_map;rot_quat_cam_map;rot_eul_cam_map;T_map_cam;trans_map_cam;rot_quat_map_cam;rot_eul_map_cam
1681734462.4852743;[[-0.07253847029823568, -0.014765984305936064, 0.9972563040834932, -0.019335750293139324], [-0.9926469056395295, 0.09821767101193257, -0.07074892101833608, 0.0623098369864869], [-0.09690351413162962, -0.995055402883914, -0.02178196824147033, 0.14220332063705277], [0.0, 0.0, 0.0, 1.0]];[-0.019335750293139324, 0.0623098369864869, 0.14220332063705277];[-0.46125530537092535, 0.5460169662088439, -0.4879904791706579, 0.5009733606870297];[-1.5926830378351464, 0.09705581729066814, -1.6437424688504396];[[-0.07253847029823568, -0.9926469056395295, -0.09690351413162962, 0.07422908261812408], [-0.014765984305936064, 0.09821767101193257, -0.995055402883914, 0.1350947440526151], [0.9972563040834932, -0.07074892101833608, -0.02178196824147033, 0.026788520823587715], [0.0, 0.0, 0.0, 1.0]];[0.07422908261812408, 0.1350947440526151, 0.026788520823587715];[0.46125530537092535, -0.5460169662088439, 0.4879904791706579, 0.5009733606870297];[-1.869464003206706, -1.4967024474278767, -2.94077566660571]
