timestamp;T_cam_map;trans_cam_map;rot_quat_cam_map;rot_eul_cam_map;T_map_cam;trans_map_cam;rot_quat_map_cam;rot_eul_map_cam
1681734505.4609911;[[-0.9290897047751644, 0.2539178183246979, 0.2689201777814815, 0.3209813603330509], [-0.35634264586244163, -0.41981378386222457, -0.8347312774893701, 0.15491155206473764], [-0.09905674747614304, -0.8713679638456461, 0.4805264117225405, 0.7651597929709542], [0.0, 0.0, 0.0, 1.0]];[0.3209813603330509, 0.15491155206473764, 0.7651597929709542];[-0.05049175022842756, 0.5071364484018082, -0.841045465530837, 0.18139936816672733];[-1.0668312713990922, 0.09921946172147535, -2.7753563549037334];[[-0.9290897047751644, -0.35634264586244163, -0.09905674747614304, 0.4292163100387926], [0.2539178183246979, -0.41981378386222457, -0.8713679638456461, 0.6502668489152619], [0.2689201777814815, -0.8347312774893701, 0.4805264117225405, -0.32468833644314093], [0.0, 0.0, 0.0, 1.0]];[0.4292163100387926, 0.6502668489152619, -0.32468833644314093];[0.05049175022842756, -0.5071364484018082, 0.841045465530837, 0.18139936816672733];[-1.0484616778309774, -0.27227173413764727, 2.8748100066839344]
