timestamp;T_cam_map;trans_cam_map;rot_quat_cam_map;rot_eul_cam_map;T_map_cam;trans_map_cam;rot_quat_map_cam;rot_eul_map_cam
1681734505.5609593;[[-0.915831029716996, 0.2688261889248589, 0.2983052214689572, 0.32504632512501874], [-0.3893988807023392, -0.413066363888938, -0.8232525072730343, 0.1594384097998507], [-0.09809198089177788, -0.8701199108006368, 0.4829796104526769, 0.7642996237351671], [0.0, 0.0, 0.0, 1.0]];[0.32504632512501874, 0.1594384097998507, 0.7642996237351671];[-0.05969866773904062, 0.5049220373917594, -0.8384326156672657, 0.1962665386959423];[-1.0640670463101554, 0.09824997338695453, -2.739564150755497];[[-0.915831029716996, -0.3893988807023392, -0.09809198089177788, 0.4347443130490172], [0.2688261889248589, -0.413066363888938, -0.8701199108006368, 0.6435099998222733], [0.2983052214689572, -0.8232525072730343, 0.4829796104526769, -0.33484607992147536], [0.0, 0.0, 0.0, 1.0]];[0.4347443130490172, 0.6435099998222733, -0.33484607992147536];[0.05969866773904062, -0.5049220373917594, 0.8384326156672657, 0.1962665386959423];[-1.0402340965669483, -0.30291653848151673, 2.856079838773283]
