timestamp;T_cam_map;trans_cam_map;rot_quat_cam_map;rot_eul_cam_map;T_map_cam;trans_map_cam;rot_quat_map_cam;rot_eul_map_cam
1681734505.6609864;[[-0.9085351445272926, 0.27827192593258665, 0.31165465887186805, 0.32043295066318567], [-0.40560212861334166, -0.4084448720224321, -0.8177161486621779, 0.15079517121512737], [-0.1002537002962867, -0.8693316523377875, 0.4839542063259233, 0.7649514822913831], [0.0, 0.0, 0.0, 1.0]];[0.32043295066318567, 0.15079517121512737, 0.7649514822913831];[-0.06315758301505897, 0.5040178732393669, -0.8367995911321375, 0.20431237711908118];[-1.0628261115703803, 0.10042240282299265, -2.721707114604343];[[-0.9085351445272926, -0.40560212861334166, -0.1002537002962867, 0.42897665621839415], [0.27827192593258665, -0.4084448720224321, -0.8693316523377875, 0.6374205561538655], [0.31165465887186805, -0.8177161486621779, 0.4839542063259233, -0.34675826277751876], [0.0, 0.0, 0.0, 1.0]];[0.42897665621839415, 0.6374205561538655, -0.34675826277751876];[0.06315758301505897, -0.5040178732393669, 0.8367995911321375, 0.20431237711908118];[-1.0364010755600723, -0.31693392423193695, 2.8443785776648323]
