timestamp;T_cam_map;trans_cam_map;rot_quat_cam_map;rot_eul_cam_map;T_map_cam;trans_map_cam;rot_quat_map_cam;rot_eul_map_cam
1681734505.7610142;[[-0.8908648824651303, 0.30473370488229734, 0.3368933515210691, 0.3167214734229196], [-0.4408676037752044, -0.40117944826645624, -0.8029264015027351, 0.14229190395012645], [-0.10952404818987967, -0.8638242989157754, 0.491743900288321, 0.7581414019026411], [0.0, 0.0, 0.0, 1.0]];[0.3167214734229196, 0.14229190395012645, 0.7581414019026411];[-0.06813711454303913, 0.4994851183745, -0.8342344141516681, 0.22343878890914096];[-1.0532836412225202, 0.10974420494111128, -2.6820526817597314];[[-0.8908648824651303, -0.4408676037752044, -0.10952404818987967, 0.4279226443629238], [0.30473370488229734, -0.40117944826645624, -0.8638242989157754, 0.615469844485121], [0.3368933515210691, -0.8029264015027351, 0.491743900288321, -0.3652628422201511], [0.0, 0.0, 0.0, 1.0]];[0.4279226443629238, 0.615469844485121, -0.3652628422201511];[0.06813711454303913, -0.4994851183745, 0.8342344141516681, 0.22343878890914096];[-1.0212802583580625, -0.34361541179966903, 2.8120042823453635]
