timestamp;T_cam_map;trans_cam_map;rot_quat_cam_map;rot_eul_cam_map;T_map_cam;trans_map_cam;rot_quat_map_cam;rot_eul_map_cam
1681734505.860983;[[-0.8842162590446304, 0.3122827605576504, 0.34733425500461684, 0.3159831935065794], [-0.4539140613660391, -0.3992140761571946, -0.7966116659277249, 0.1354063033129373], [-0.11010736639892316, -0.862036889498617, 0.4947411131169943, 0.757530977698366], [0.0, 0.0, 0.0, 1.0]];[0.3159831935065794, 0.1354063033129373, 0.757530977698366];[-0.07116302409884287, 0.4975593104772641, -0.8333923818224553, 0.22984276033582682];[-1.049773287774712, 0.11033107255419353, -2.667320700263334];[[-0.8842162590446304, -0.4539140613660391, -0.11010736639892316, 0.424270043274669], [0.3122827605576504, -0.3992140761571946, -0.862036889498617, 0.6083996460388241], [0.34733425500461684, -0.7966116659277249, 0.4947411131169943, -0.37666726537844836], [0.0, 0.0, 0.0, 1.0]];[0.424270043274669, 0.6083996460388241, -0.37666726537844836];[0.07116302409884287, -0.4975593104772641, 0.8333923818224553, 0.22984276033582682];[-1.0150375784780845, -0.3547268722567627, 2.8020924497989923]
