timestamp;T_cam_map;trans_cam_map;rot_quat_cam_map;rot_eul_cam_map;T_map_cam;trans_map_cam;rot_quat_map_cam;rot_eul_map_cam
1681734505.9609666;[[-0.8764132613110956, 0.3184042966634647, 0.3612734411277617, 0.312176591588123], [-0.4692995054028333, -0.3965190060733904, -0.7890061166120498, 0.12578245810867936], [-0.10797115182633765, -0.861040871090807, 0.4969414942269151, 0.7585183173345315], [0.0, 0.0, 0.0, 1.0]];[0.312176591588123, 0.12578245810867936, 0.7585183173345315];[-0.07609903175366318, 0.495719870746269, -0.8321468863144598, 0.23664806508950656];[-1.0473549486889548, 0.10818204385160198, -2.649967547918704];[[-0.8764132613110956, -0.4692995054028333, -0.10797115182633765, 0.41452344652146955], [0.3184042966634647, -0.3965190060733904, -0.861040871090807, 0.6035920398873655], [0.3612734411277617, -0.7890061166120498, 0.4969414942269151, -0.39047720868703756], [0.0, 0.0, 0.0, 1.0]];[0.41452344652146955, 0.6035920398873655, -0.39047720868703756];[0.07609903175366318, -0.495719870746269, 0.8321468863144598, 0.23664806508950656];[-1.0087296824585625, -0.3696332119595215, 2.7931153767750523]
