timestamp;T_cam_map;trans_cam_map;rot_quat_cam_map;rot_eul_cam_map;T_map_cam;trans_map_cam;rot_quat_map_cam;rot_eul_map_cam
1681734506.0609574;[[-0.8694813922530225, 0.32289830858749463, 0.37381652028378914, 0.3068097750436675], [-0.48226184132627253, -0.3911419482685892, -0.7838568062505072, 0.11744420604456415], [-0.10689071487429835, -0.8618263506159388, 0.4958121786096768, 0.7567956495171946], [0.0, 0.0, 0.0, 1.0]];[0.3068097750436675, 0.11744420604456415, 0.7567956495171946];[-0.08038715290064982, 0.49561256677337107, -0.8301258216576705, 0.24248135912275046];[-1.0487335852070783, 0.1070953174699276, -2.635182889547568];[[-0.8694813922530225, -0.48226184132627253, -0.10689071487429835, 0.4042986774126105], [0.32289830858749463, -0.3911419482685892, -0.8618263506159388, 0.5990954309308417], [0.37381652028378914, -0.7838568062505072, 0.4958121786096768, -0.3978596219826033], [0.0, 0.0, 0.0, 1.0]];[0.4042986774126105, 0.5990954309308417, -0.3978596219826033];[0.08038715290064982, -0.49561256677337107, 0.8301258216576705, 0.24248135912275046];[-1.006801194741176, -0.38312046064687344, 2.7860092475899623]
