timestamp;T_cam_map;trans_cam_map;rot_quat_cam_map;rot_eul_cam_map;T_map_cam;trans_map_cam;rot_quat_map_cam;rot_eul_map_cam
1681734506.1610224;[[-0.8548509592218296, 0.3276859116146907, 0.4023080670913364, 0.300358125177498], [-0.5091004611753703, -0.3799214928061669, -0.7723188329536961, 0.09172825938117664], [-0.10023251941632186, -0.8650327176663222, 0.4916013012780518, 0.7572454007714141], [0.0, 0.0, 0.0, 1.0]];[0.300358125177498, 0.09172825938117664, 0.7572454007714141];[-0.09147299096766982, 0.49581452306724827, -0.8255867236859569, 0.2533914211501918];[-1.0540090494243777, 0.10040111471426268, -2.604456841820552];[[-0.8548509592218296, -0.5091004611753703, -0.10023251941632186, 0.379360944907567], [0.3276859116146907, -0.3799214928061669, -0.8650327176663222, 0.5914684581465601], [0.4023080670913364, -0.7723188329536961, 0.4916013012780518, -0.42225585894723977], [0.0, 0.0, 0.0, 1.0]];[0.379360944907567, 0.5914684581465601, -0.42225585894723977];[0.09147299096766982, -0.49581452306724827, 0.8255867236859569, 0.2533914211501918];[-1.003951291541868, -0.4140365418252283, 2.7755432324320086]
