timestamp;T_cam_map;trans_cam_map;rot_quat_cam_map;rot_eul_cam_map;T_map_cam;trans_map_cam;rot_quat_map_cam;rot_eul_map_cam
1681734506.2609885;[[-0.840355802792887, 0.33802744569969223, 0.4237211000954093, 0.2967863641003761], [-0.5322535680830782, -0.3667711503190742, -0.7630105258490573, 0.07948446080972515], [-0.102509823798279, -0.8667273903871763, 0.48813457855132647, 0.752932102173002], [0.0, 0.0, 0.0, 1.0]];[0.2967863641003761, 0.07948446080972515, 0.752932102173002];[-0.0978273593823076, 0.49634919006745815, -0.8208625846728685, 0.26505076185485926];[-1.0578807823896044, 0.10269021149103871, -2.5769992875061045];[[-0.840355802792887, -0.5322535680830782, -0.102509823798279, 0.36889496826051194], [0.33802744569969223, -0.3667711503190742, -0.8667273903871763, 0.5814175466034623], [0.4237211000954093, -0.7630105258490573, 0.48813457855132647, -0.4326393588226537], [0.0, 0.0, 0.0, 1.0]];[0.36889496826051194, 0.5814175466034623, -0.4326393588226537];[0.0978273593823076, -0.49634919006745815, 0.8208625846728685, 0.26505076185485926];[-1.0016618180578858, -0.4375495062191013, 2.7591539410670713]
