timestamp;T_cam_map;trans_cam_map;rot_quat_cam_map;rot_eul_cam_map;T_map_cam;trans_map_cam;rot_quat_map_cam;rot_eul_map_cam
1681734506.360992;[[-0.8318931011211763, 0.3421776172213107, 0.4368848207247972, 0.29133085609047177], [-0.545609813185679, -0.3606049451556707, -0.756487941268573, 0.07117211847339792], [-0.10131041438312458, -0.867685744842003, 0.4866802319136228, 0.7518669264165738], [0.0, 0.0, 0.0, 1.0]];[0.29133085609047177, 0.07117211847339792, 0.7518669264165738];[-0.10250806324488755, 0.49613705869746394, -0.8184097809457178, 0.2711928214558673];[-1.059627250165564, 0.10148452472611755, -2.5611052479113763];[[-0.8318931011211763, -0.545609813185679, -0.10131041438312458, 0.3573602854659189], [0.3421776172213107, -0.3606049451556707, -0.867685744842003, 0.578362333788463], [0.4368848207247972, -0.756487941268573, 0.4866802319136228, -0.43935594957162494], [0.0, 0.0, 0.0, 1.0]];[0.3573602854659189, 0.578362333788463, -0.43935594957162494];[0.10250806324488755, -0.49613705869746394, 0.8184097809457178, 0.2711928214558673];[-0.9991160648363288, -0.4521325818637947, 2.7513624650796062]
