timestamp;T_cam_map;trans_cam_map;rot_quat_cam_map;rot_eul_cam_map;T_map_cam;trans_map_cam;rot_quat_map_cam;rot_eul_map_cam
1681734462.5852304;[[-0.08034435709066379, -0.009330021947891953, 0.9967234997601591, -0.017076956043590545], [-0.9916590584986997, 0.10185305092671473, -0.07898270516000494, 0.061773020657552094], [-0.10078241900827806, -0.9947557020230504, -0.017435518675048334, 0.13180022130882216], [0.0, 0.0, 0.0, 1.0]];[-0.017076956043590545, 0.061773020657552094, 0.13180022130882216];[-0.4569568115964762, 0.5476387784599505, -0.49016726417848955, 0.5010172589744296];[-1.588321970032879, 0.10095381300968688, -1.651639883931878];[[-0.08034435709066379, -0.9916590584986997, -0.10078241900827806, 0.07316888358083053], [-0.009330021947891953, 0.10185305092671473, -0.9947557020230504, 0.12465792268123026], [0.9967234997601591, -0.07898270516000494, -0.017435518675048334, 0.024198008890461767], [0.0, 0.0, 0.0, 1.0]];[0.07316888358083053, 0.12465792268123026, 0.024198008890461767];[0.4569568115964762, -0.5476387784599505, 0.49016726417848955, 0.5010172589744296];[-1.7880629393097462, -1.4898236024105256, -3.0259850417917327]
