timestamp;T_cam_map;trans_cam_map;rot_quat_cam_map;rot_eul_cam_map;T_map_cam;trans_map_cam;rot_quat_map_cam;rot_eul_map_cam
1681734506.460991;[[-0.8204825777162679, 0.3453677738220822, 0.4555539929242722, 0.28605745775699154], [-0.5626821126584008, -0.3471267098152273, -0.7502612127966726, 0.06115884552432871], [-0.10098108614165041, -0.8719083370045468, 0.4791436862817025, 0.7515292598128699], [0.0, 0.0, 0.0, 1.0]];[0.28605745775699154, 0.06115884552432871, 0.7515292598128699];[-0.10897298497478292, 0.49855094564631464, -0.8134422188780832, 0.2790763330838928];[-1.0683105984250465, 0.10115349885613, -2.540464611801679];[[-0.8204825777162679, -0.5626821126584008, -0.10098108614165041, 0.34500838964593106], [0.3453677738220822, -0.3471267098152273, -0.8719083370045468, 0.5776994685859189], [0.4555539929242722, -0.7502612127966726, 0.4791436862817025, -0.4445200073659344], [0.0, 0.0, 0.0, 1.0]];[0.34500838964593106, 0.5776994685859189, -0.4445200073659344];[0.10897298497478292, -0.49855094564631464, 0.8134422188780832, 0.2790763330838928];[-1.0024515119197748, -0.4729944335180486, 2.7431722626181716]
