timestamp;T_cam_map;trans_cam_map;rot_quat_cam_map;rot_eul_cam_map;T_map_cam;trans_map_cam;rot_quat_map_cam;rot_eul_map_cam
1681734506.561026;[[-0.8091261563177186, 0.35263094207954415, 0.4700705073184318, 0.2805893162373041], [-0.5777580699523153, -0.3313359210384747, -0.7459303721089263, 0.0612571774916042], [-0.1072868853471399, -0.8751388039149439, 0.4718279327411963, 0.7492765083193819], [0.0, 0.0, 0.0, 1.0]];[0.2805893162373041, 0.0612571774916042, 0.7492765083193819];[-0.11222948808085136, 0.5014883604177788, -0.8081290135395138, 0.2878219307944597];[-1.076324187451745, 0.10749377931623066, -2.5214980071341064];[[-0.8091261563177186, -0.5777580699523153, -0.1072868853471399, 0.3428115264305493], [0.35263094207954415, -0.3313359210384747, -0.8751388039149439, 0.577073175694372], [0.4700705073184318, -0.7459303721089263, 0.4718279327411963, -0.4397327590030225], [0.0, 0.0, 0.0, 1.0]];[0.3428115264305493, 0.577073175694372, -0.4397327590030225];[0.11222948808085136, -0.5014883604177788, 0.8081290135395138, 0.2878219307944597];[-1.006796096567858, -0.48937065962835685, 2.73059569268799]
