timestamp;T_cam_map;trans_cam_map;rot_quat_cam_map;rot_eul_cam_map;T_map_cam;trans_map_cam;rot_quat_map_cam;rot_eul_map_cam
1681734506.6610246;[[-0.7962722549390837, 0.3595050100027859, 0.4865250700602427, 0.26183819191903274], [-0.5948076879753359, -0.3187158361950242, -0.7379864701225506, 0.05875204099136478], [-0.11024658878923521, -0.8770270027435892, 0.46762092138711453, 0.7412592411601363], [0.0, 0.0, 0.0, 1.0]];[0.26183819191903274, 0.05875204099136478, 0.7412592411601363];[-0.11707119614664635, 0.5024777351676752, -0.8035248926637594, 0.29691447853422664];[-1.0809515809866956, 0.11047114772438323, -2.5000205070094927];[[-0.7962722549390837, -0.5948076879753359, -0.11024658878923521, 0.3251619559208488], [0.3595050100027859, -0.3187158361950242, -0.8770270027435892, 0.5746974345984259], [0.4865250700602427, -0.7379864701225506, 0.46762092138711453, -0.4306609626621585], [0.0, 0.0, 0.0, 1.0]];[0.3251619559208488, 0.5746974345984259, -0.4306609626621585];[0.11707119614664635, -0.5024777351676752, 0.8035248926637594, 0.29691447853422664];[-1.0060050203409319, -0.5081079182247045, 2.717504454417659]
