timestamp;T_cam_map;trans_cam_map;rot_quat_cam_map;rot_eul_cam_map;T_map_cam;trans_map_cam;rot_quat_map_cam;rot_eul_map_cam
1681734506.76107;[[-0.7718728751142665, 0.37075249700582147, 0.5164831561888386, 0.2373486474578544], [-0.6246951849140782, -0.2912572332832473, -0.7245171840649149, 0.0628436306111016], [-0.11818710000673319, -0.8818797026942713, 0.4564208577265746, 0.7361879631300795], [0.0, 0.0, 0.0, 1.0]];[0.2373486474578544, 0.0628436306111016, 0.7361879631300795];[-0.12546264428347403, 0.5060125453248282, -0.7936546739804551, 0.3135644867204595];[-1.093203901550465, 0.1184639873121626, -2.461192192864402];[[-0.7718728751142665, -0.6246951849140782, -0.11818710000673319, 0.30946901678525873], [0.37075249700582147, -0.2912572332832473, -0.8818797026942713, 0.579535280327566], [0.5164831561888386, -0.7245171840649149, 0.4564208577265746, -0.41306682984922455], [0.0, 0.0, 0.0, 1.0]];[0.30946901678525873, 0.579535280327566, -0.41306682984922455];[0.12546264428347403, -0.5060125453248282, 0.7936546739804551, 0.3135644867204595];[-1.008634253543813, -0.5427388037467635, 2.693805771872858]
