timestamp;T_cam_map;trans_cam_map;rot_quat_cam_map;rot_eul_cam_map;T_map_cam;trans_map_cam;rot_quat_map_cam;rot_eul_map_cam
1681734506.8610497;[[-0.7602218260929351, 0.3731684587505543, 0.5317970256833515, 0.2236813079670996], [-0.6386142371273138, -0.2789178241478382, -0.7172006020012356, 0.06593836963357846], [-0.11930897397187834, -0.8848447031916795, 0.45035010820849836, 0.7309525532737825], [0.0, 0.0, 0.0, 1.0]];[0.2236813079670996, 0.06593836963357846, 0.7309525532737825];[-0.13071523423687548, 0.5076794987333542, -0.788905849650209, 0.3206284679998508];[-1.1000068432721346, 0.11959385581459007, -2.442911309536429];[[-0.7602218260929351, -0.6386142371273138, -0.11930897397187834, 0.29936579317979106], [0.3731684587505543, -0.2789178241478382, -0.8848447031916795, 0.5817000726894037], [0.5317970256833515, -0.7172006020012356, 0.45035010820849836, -0.40084657734380913], [0.0, 0.0, 0.0, 1.0]];[0.29936579317979106, 0.5817000726894037, -0.40084657734380913];[0.13071523423687548, -0.5076794987333542, 0.788905849650209, 0.3206284679998508];[-1.010094485007236, -0.5607211121143971, 2.685277412013374]
