timestamp;T_cam_map;trans_cam_map;rot_quat_cam_map;rot_eul_cam_map;T_map_cam;trans_map_cam;rot_quat_map_cam;rot_eul_map_cam
1681734506.9610364;[[-0.7464563025168287, 0.3732681869158515, 0.5508846059470693, 0.20738374289344902], [-0.6549804921913377, -0.2659728314808331, -0.7072899036200514, 0.06915641411846651], [-0.117488481485199, -0.8887796766075501, 0.44302047714262693, 0.725921222518861], [0.0, 0.0, 0.0, 1.0]];[0.20738374289344902, 0.06915641411846651, 0.725921222518861];[-0.13828959814586345, 0.5092796368139435, -0.7834937158555084, 0.32809729621903516];[-1.1083820537436544, 0.11776046725073779, -2.4213749031732448];[[-0.7464563025168287, -0.6549804921913377, -0.117488481485199, 0.28538638619146595], [0.3732681869158515, -0.2659728314808331, -0.8887796766075501, 0.5861680029653595], [0.5508846059470693, -0.7072899036200514, 0.44302047714262693, -0.38692884437539243], [0.0, 0.0, 0.0, 1.0]];[0.28538638619146595, 0.5861680029653595, -0.38692884437539243];[0.13828959814586345, -0.5092796368139435, 0.7834937158555084, 0.32809729621903516];[-1.0112172218567015, -0.5834238071966622, 2.6779021380736214]
