timestamp;T_cam_map;trans_cam_map;rot_quat_cam_map;rot_eul_cam_map;T_map_cam;trans_map_cam;rot_quat_map_cam;rot_eul_map_cam
1681734507.0609956;[[-0.7164304205281968, 0.37256010170894005, 0.5898528826380482, 0.18618540386549412], [-0.6884666669934026, -0.24075167992184798, -0.6841434623335979, 0.0714126041480162], [-0.11287648550865687, -0.896235236547544, 0.42897703876755644, 0.7205904917058379], [0.0, 0.0, 0.0, 1.0]];[0.18618540386549412, 0.0714126041480162, 0.7205904917058379];[-0.15438929741573296, 0.5115422030093882, -0.772359880369508, 0.3434366529352654];[-1.1243795414610673, 0.11311756543005685, -2.3760963475510657];[[-0.7164304205281968, -0.6884666669934026, -0.11287648550865687, 0.26389180694138215], [0.37256010170894005, -0.24075167992184798, -0.896235236547544, 0.5936460412032731], [0.5898528826380482, -0.6841434623335979, 0.42897703876755644, -0.37008230621513644], [0.0, 0.0, 0.0, 1.0]];[0.26389180694138215, 0.5936460412032731, -0.37008230621513644];[0.15438929741573296, -0.5115422030093882, 0.772359880369508, 0.3434366529352654];[-1.0107400748935744, -0.6308766423898108, 2.6620554713313784]
