timestamp;T_cam_map;trans_cam_map;rot_quat_cam_map;rot_eul_cam_map;T_map_cam;trans_map_cam;rot_quat_map_cam;rot_eul_map_cam
1681734507.161014;[[-0.7043082338944059, 0.37171855908833606, 0.6047935387368437, 0.17931292826351505], [-0.7008343094586726, -0.2284101445933445, -0.675766288395946, 0.07329358849058489], [-0.1130538913710111, -0.8998078231912293, 0.42138426521375116, 0.7184437042250673], [0.0, 0.0, 0.0, 1.0]];[0.17931292826351505, 0.07329358849058489, 0.7184437042250673];[-0.16024796838430394, 0.5134476176026408, -0.7671542614920259, 0.3495232062131215];[-1.132824881596657, 0.11329611419286466, -2.358666778412768];[[-0.7043082338944059, -0.7008343094586726, -0.1130538913710111, 0.25888108979090546], [0.37171855908833606, -0.2284101445933445, -0.8998078231912293, 0.5965483214090771], [0.6047935387368437, -0.675766288395946, 0.42138426521375116, -0.3616588365705805], [0.0, 0.0, 0.0, 1.0]];[0.25888108979090546, 0.5965483214090771, -0.3616588365705805];[0.16024796838430394, -0.5134476176026408, 0.7671542614920259, 0.3495232062131215];[-1.0132295236569955, -0.6495065929624712, 2.65597019989758]
