timestamp;T_cam_map;trans_cam_map;rot_quat_cam_map;rot_eul_cam_map;T_map_cam;trans_map_cam;rot_quat_map_cam;rot_eul_map_cam
1681734507.2610033;[[-0.6838544076346986, 0.3713418435292787, 0.6280512593752778, 0.1736312121416628], [-0.7198244713545258, -0.20281062016063053, -0.6638678955855887, 0.07343260100595608], [-0.11914646280009006, -0.90607565224673, 0.4059938827222519, 0.7092598446226731], [0.0, 0.0, 0.0, 1.0]];[0.1736312121416628, 0.07343260100595608, 0.7092598446226731];[-0.16804934528560372, 0.5184230667977209, -0.7570764344697275, 0.3603223747309217];[-1.1495406763977707, 0.1194301771118322, -2.330574532610252];[[-0.6838544076346986, -0.7198244713545258, -0.11914646280009006, 0.25610285461826476], [0.3713418435292787, -0.20281062016063053, -0.90607565224673, 0.593059453268021], [0.6280512593752778, -0.6638678955855887, 0.4059938827222519, -0.34825491333256736], [0.0, 0.0, 0.0, 1.0]];[0.25610285461826476, 0.593059453268021, -0.34825491333256736];[0.16804934528560372, -0.5184230667977209, 0.7570764344697275, 0.3603223747309217];[-1.0219214380951653, -0.6790464186159463, 2.6441295522678687]
