timestamp;T_cam_map;trans_cam_map;rot_quat_cam_map;rot_eul_cam_map;T_map_cam;trans_map_cam;rot_quat_map_cam;rot_eul_map_cam
1681734507.3610172;[[-0.668053889439334, 0.37163116138926144, 0.6446660225957682, 0.16180344109050535], [-0.7337419716385464, -0.18485594253037643, -0.6537973688897696, 0.07753854259199516], [-0.12380113028949868, -0.909790393659812, 0.39617511247347137, 0.701198832184535], [0.0, 0.0, 0.0, 1.0]];[0.16180344109050535, 0.07753854259199516, 0.701198832184535];[-0.17365694674959845, 0.5213019361261492, -0.7498474752313271, 0.36853265815384717];[-1.16010147356004, 0.12411957574904124, -2.309368795544167];[[-0.668053889439334, -0.7337419716385464, -0.12380113028949868, 0.25179590924673223], [0.37163116138926144, -0.18485594253037643, -0.909790393659812, 0.5921462212110002], [0.6446660225957682, -0.6537973688897696, 0.39617511247347137, -0.3314122118829061], [0.0, 0.0, 0.0, 1.0]];[0.25179590924673223, 0.5921462212110002, -0.3314122118829061];[0.17365694674959845, -0.5213019361261492, 0.7498474752313271, 0.36853265815384717];[-1.0260059284027965, -0.7005863250286771, 2.633933711369041]
