timestamp;T_cam_map;trans_cam_map;rot_quat_cam_map;rot_eul_cam_map;T_map_cam;trans_map_cam;rot_quat_map_cam;rot_eul_map_cam
1681734462.6852727;[[-0.1020618874590477, -0.013282520438510304, 0.9946893715020267, -0.009697275556645558], [-0.9897785769829488, 0.10147778806614505, -0.10020292947220216, 0.07117187502596907], [-0.09960792977421662, -0.9947491307761986, -0.023503768763575628, 0.14072119444234985], [0.0, 0.0, 0.0, 1.0]];[-0.009697275556645558, 0.07117187502596907, 0.14072119444234985];[-0.4527593437021436, 0.5538599652188197, -0.4942368689781569, 0.4939413254232536];[-1.5944197667644449, 0.09977338355060535, -1.6735490462524336];[[-0.1020618874590477, -0.9897785769829488, -0.09960792977421662, 0.08347162179164772], [-0.013282520438510304, 0.10147778806614505, -0.9947491307761986, 0.13263111714238157], [0.9946893715020267, -0.10020292947220216, -0.023503768763575628, 0.02008488571666047], [0.0, 0.0, 0.0, 1.0]];[0.08347162179164772, 0.13263111714238157, 0.02008488571666047];[0.4527593437021436, -0.5538599652188197, 0.4942368689781569, 0.4939413254232536];[-1.8011928782257267, -1.4676911801871053, -3.0121781827155054]
