timestamp;T_cam_map;trans_cam_map;rot_quat_cam_map;rot_eul_cam_map;T_map_cam;trans_map_cam;rot_quat_map_cam;rot_eul_map_cam
1681734507.4609964;[[-0.6511865448089684, 0.37219432643688055, 0.6613829958714953, 0.16939129451209167], [-0.7484493977484366, -0.17070627023807222, -0.6408454324651218, 0.08228233939100643], [-0.12561680966240218, -0.9123216278646491, 0.3897302457606246, 0.6991419973783445], [0.0, 0.0, 0.0, 1.0]];[0.16939129451209167, 0.08228233939100643, 0.6991419973783445];[-0.18013153504347829, 0.522194893887874, -0.7435763344821541, 0.37677494300762093];[-1.167076299761311, 0.12594954126079513, -2.2868144900804275];[[-0.6511865448089684, -0.7484493977484366, -0.12561680966240218, 0.25971348636824576], [0.37219432643688055, -0.17070627023807222, -0.9123216278646491, 0.5888419976554562], [0.6613829958714953, -0.6408454324651218, 0.3897302457606246, -0.3317790429275227], [0.0, 0.0, 0.0, 1.0]];[0.25971348636824576, 0.5888419976554562, -0.3317790429275227];[0.18013153504347829, -0.522194893887874, 0.7435763344821541, 0.37677494300762093];[-1.0244056109608997, -0.722661140977232, 2.622344985286868]
