timestamp;T_cam_map;trans_cam_map;rot_quat_cam_map;rot_eul_cam_map;T_map_cam;trans_map_cam;rot_quat_map_cam;rot_eul_map_cam
1681734507.5610304;[[-0.6354385525497765, 0.3727974253640466, 0.6761951830465689, 0.1622761751511373], [-0.761576428850448, -0.15815222271768659, -0.6284816763190901, 0.08979318782400673], [-0.12735457963042912, -0.9143357994147407, 0.3844097513796487, 0.6959226566738385], [0.0, 0.0, 0.0, 1.0]];[0.1622761751511373, 0.08979318782400673, 0.6959226566738385];[-0.18594617419313936, 0.5227036872006073, -0.7379025217884664, 0.3843237489774038];[-1.1728070041866405, 0.12770138148668728, -2.2661476640738067];[[-0.6354385525497765, -0.761576428850448, -0.12735457963042912, 0.2601298505654456], [0.3727974253640466, -0.15815222271768659, -0.9143357994147407, 0.5900118505657088], [0.6761951830465689, -0.6284816763190901, 0.3844097513796487, -0.3208164501862087], [0.0, 0.0, 0.0, 1.0]];[0.2601298505654456, 0.5900118505657088, -0.3208164501862087];[0.18594617419313936, -0.5227036872006073, 0.7379025217884664, 0.3843237489774038];[-1.0218558931604171, -0.7425857943158896, 2.61102679618387]
