timestamp;T_cam_map;trans_cam_map;rot_quat_cam_map;rot_eul_cam_map;T_map_cam;trans_map_cam;rot_quat_map_cam;rot_eul_map_cam
1681734507.6609929;[[-0.616577913654742, 0.3750392757490437, 0.6922262766168287, 0.16426869562256283], [-0.7774655876153402, -0.15155342663455154, -0.6103923483705045, 0.0986956648158219], [-0.12401184002787469, -0.9145365495817859, 0.38502462650062064, 0.6904036116981451], [0.0, 0.0, 0.0, 1.0]];[0.16426869562256283, 0.0986956648158219, 0.6904036116981451];[-0.1936174620735362, 0.5196152087168856, -0.7336818054834662, 0.39271277233218665];[-1.1723141860446151, 0.1243319218482179, -2.24129204551149];[[-0.616577913654742, -0.7774655876153402, -0.12401184002787469, 0.2636351549154427], [0.3750392757490437, -0.15155342663455154, -0.9145365495817859, 0.5847497904235119], [0.6922262766168287, -0.6103923483705045, 0.38502462650062064, -0.31929042164335003], [0.0, 0.0, 0.0, 1.0]];[0.2636351549154427, 0.5847497904235119, -0.31929042164335003];[0.1936174620735362, -0.5196152087168856, 0.7336818054834662, 0.39271277233218665];[-1.0080498284239716, -0.7645693577247618, 2.5951222307264445]
