timestamp;T_cam_map;trans_cam_map;rot_quat_cam_map;rot_eul_cam_map;T_map_cam;trans_map_cam;rot_quat_map_cam;rot_eul_map_cam
1681734507.7610009;[[-0.6018436708909245, 0.3735653233299523, 0.705856320375418, 0.15825479935505068], [-0.789725699364831, -0.1468906782752126, -0.5956143453599626, 0.10518374162276074], [-0.11881715183956137, -0.9158996003062979, 0.38341936125800746, 0.684987586666704], [0.0, 0.0, 0.0, 1.0]];[0.15825479935505068, 0.10518374162276074, 0.684987586666704];[-0.20101470476452754, 0.5175745432683355, -0.7300948072723406, 0.3983356035091109];[-1.1743369011029925, 0.11909851013159135, -2.2219915318683694];[[-0.6018436708909245, -0.789725699364831, -0.11881715183956137, 0.2596992273879873], [0.3735653233299523, -0.1468906782752126, -0.9158996003062979, 0.5837118627037156], [0.705856320375418, -0.5956143453599626, 0.38341936125800746, -0.31169370789476575], [0.0, 0.0, 0.0, 1.0]];[0.2596992273879873, 0.5837118627037156, -0.31169370789476575];[0.20101470476452754, -0.5175745432683355, 0.7300948072723406, 0.3983356035091109];[-0.9988360871992369, -0.7836313047342014, 2.586090302904698]
