timestamp;T_cam_map;trans_cam_map;rot_quat_cam_map;rot_eul_cam_map;T_map_cam;trans_map_cam;rot_quat_map_cam;rot_eul_map_cam
1681734507.861017;[[-0.5958359031672205, 0.36286372321953725, 0.716456205827096, 0.1592669665057939], [-0.7953689897984244, -0.14308541320549018, -0.5889946812958912, 0.11842265345551546], [-0.11121037075712403, -0.9207912265541357, 0.3738659793789665, 0.695950539339292], [0.0, 0.0, 0.0, 1.0]];[0.1592669665057939, 0.11842265345551546, 0.695950539339292];[-0.208196740283862, 0.5193468278960517, -0.7267715073789832, 0.3984170751255073];[-1.1851051940168764, 0.11144089299094945, -2.2137413145328986];[[-0.5958359031672205, -0.7953689897984244, -0.11121037075712403, 0.26648360058938864], [0.36286372321953725, -0.14308541320549018, -0.9207912265541357, 0.5999775005896384], [0.716456205827096, -0.5889946812958912, 0.3738659793789665, -0.3045497234954916], [0.0, 0.0, 0.0, 1.0]];[0.26648360058938864, 0.5999775005896384, -0.3045497234954916];[0.208196740283862, -0.5193468278960517, 0.7267715073789832, 0.3984170751255073];[-1.0052145353354227, -0.798709230553153, 2.594582192215696]
