timestamp;T_cam_map;trans_cam_map;rot_quat_cam_map;rot_eul_cam_map;T_map_cam;trans_map_cam;rot_quat_map_cam;rot_eul_map_cam
1681734507.9609962;[[-0.5881436589234144, 0.35715119032352993, 0.725623913414287, 0.16201589378954595], [-0.8016837234364506, -0.13905850904043457, -0.5813483797522107, 0.1281172964692584], [-0.10672508629768135, -0.9236372438971577, 0.3681086763998036, 0.7023283925585956], [0.0, 0.0, 0.0, 1.0]];[0.16201589378954595, 0.1281172964692584, 0.7023283925585956];[-0.2137791931627215, 0.5198500922100467, -0.7237594290169305, 0.4002831836450149];[-1.1915470649071536, 0.1069287359929464, -2.2037416450740284];[[-0.5881436589234144, -0.8016837234364506, -0.10672508629768135, 0.2729542301523455], [0.35715119032352993, -0.13905850904043457, -0.9236372438971577, 0.6086482917245817], [0.725623913414287, -0.5813483797522107, 0.3681086763998036, -0.3016149991489931], [0.0, 0.0, 0.0, 1.0]];[0.2729542301523455, 0.6086482917245817, -0.3016149991489931];[0.2137791931627215, -0.5198500922100467, 0.7237594290169305, 0.4002831836450149];[-1.0063234737444622, -0.811940691603164, 2.5958581332365096]
