timestamp;T_cam_map;trans_cam_map;rot_quat_cam_map;rot_eul_cam_map;T_map_cam;trans_map_cam;rot_quat_map_cam;rot_eul_map_cam
1681734508.0609848;[[-0.5785683564162326, 0.36161038769505893, 0.7310927331500765, 0.14971421869760068], [-0.8076315152909701, -0.12873848832315787, -0.5754630632222022, 0.141937136584911], [-0.11397364810617999, -0.9233982505589329, 0.3665319609557553, 0.6945432782967935], [0.0, 0.0, 0.0, 1.0]];[0.14971421869760068, 0.141937136584911, 0.6945432782967935];[-0.21426512254166005, 0.5204079906999219, -0.7200414581284793, 0.4059633961998192];[-1.1929322894298486, 0.11422185455616524, -2.1924289801065644];[[-0.5785683564162326, -0.8076315152909701, -0.11397364810617999, 0.2804124453352558], [0.36161038769505893, -0.12873848832315787, -0.9233982505589329, 0.6054746038508823], [0.7310927331500765, -0.5754630632222022, 0.3665319609557553, -0.2823477076976788], [0.0, 0.0, 0.0, 1.0]];[0.2804124453352558, 0.6054746038508823, -0.2823477076976788];[0.21426512254166005, -0.5204079906999219, 0.7200414581284793, 0.4059633961998192];[-1.0036612862212546, -0.8199221742712081, 2.582986918787654]
