timestamp;T_cam_map;trans_cam_map;rot_quat_cam_map;rot_eul_cam_map;T_map_cam;trans_map_cam;rot_quat_map_cam;rot_eul_map_cam
1681734508.1609669;[[-0.5739180215226215, 0.36239428603340906, 0.7343626393151383, 0.14722853965183122], [-0.8101389326335284, -0.1203380636382255, -0.573754006758306, 0.153720088647665], [-0.11955339561454364, -0.9242235291801104, 0.3626539034767092, 0.6930857997479922], [0.0, 0.0, 0.0, 1.0]];[0.14722853965183122, 0.153720088647665, 0.6930857997479922];[-0.2143397645322113, 0.5222370281796589, -0.7170965744998293, 0.4087780015839474];[-1.1968694921579761, 0.11984003952246346, -2.1871504787512808];[[-0.5739180215226215, -0.8101389326335284, -0.11955339561454364, 0.2918925015420887], [0.36239428603340906, -0.1203380636382255, -0.9242235291801104, 0.6057098001669985], [0.7343626393151383, -0.573754006758306, 0.3626539034767092, -0.27127189290327886], [0.0, 0.0, 0.0, 1.0]];[0.2918925015420887, 0.6057098001669985, -0.27127189290327886];[0.2143397645322113, -0.5222370281796589, 0.7170965744998293, 0.4087780015839474];[-1.007127608489798, -0.8247271922489977, 2.5783763597273475]
