timestamp;T_cam_map;trans_cam_map;rot_quat_cam_map;rot_eul_cam_map;T_map_cam;trans_map_cam;rot_quat_map_cam;rot_eul_map_cam
1681734508.2609932;[[-0.5728411240828346, 0.35560747049731495, 0.7385095622170486, 0.12791759463639388], [-0.8106593856996815, -0.11259103508002005, -0.5745908276300845, 0.1662091274343021], [-0.12117923475798303, -0.9278289636275167, 0.35277330868045936, 0.6915506048928841], [0.0, 0.0, 0.0, 1.0]];[0.12791759463639388, 0.1662091274343021, 0.6915506048928841];[-0.2162039559748657, 0.5261836134664296, -0.7138286677913886, 0.40845475560874717];[-1.2074625707259004, 0.12147778601727217, -2.1859621268289255];[[-0.5728411240828346, -0.8106593856996815, -0.12117923475798303, 0.2918170209423958], [0.35560747049731495, -0.11259103508002005, -0.9278289636275167, 0.6148658864705733], [0.7385095622170486, -0.5745908276300845, 0.35277330868045936, -0.24292672173066715], [0.0, 0.0, 0.0, 1.0]];[0.2918170209423958, 0.6148658864705733, -0.24292672173066715];[0.2162039559748657, -0.5261836134664296, 0.7138286677913886, 0.40845475560874717];[-1.0201784354113193, -0.8308571388786486, 2.586034763718323]
