timestamp;T_cam_map;trans_cam_map;rot_quat_cam_map;rot_eul_cam_map;T_map_cam;trans_map_cam;rot_quat_map_cam;rot_eul_map_cam
1681734508.3610513;[[-0.5703833595417127, 0.3524733938595519, 0.7419065505702442, 0.11530563078388284], [-0.8105526489334409, -0.09537312271715301, -0.5778480516279005, 0.17498437349897195], [-0.13291811940022014, -0.9309492328179383, 0.3400974852168136, 0.6775660862986768], [0.0, 0.0, 0.0, 1.0]];[0.11530563078388284, 0.17498437349897195, 0.6775660862986768];[-0.21499551039418627, 0.5326614195733878, -0.7081408700738293, 0.41059134274785564];[-1.2205361719082921, 0.1333126465292375, -2.183999103174749];[[-0.5703833595417127, -0.8105526489334409, -0.13291811940022014, 0.29766327048232527], [0.3524733938595519, -0.09537312271715301, -0.9309492328179383, 0.6068262673369964], [0.7419065505702442, -0.5778480516279005, 0.3400974852168136, -0.21487014552286554], [0.0, 0.0, 0.0, 1.0]];[0.29766327048232527, 0.6068262673369964, -0.21487014552286554];[0.21499551039418627, -0.5326614195733878, 0.7081408700738293, 0.41059134274785564];[-1.0388320418829382, -0.8359093649091139, 2.588072732213223]
