timestamp;T_cam_map;trans_cam_map;rot_quat_cam_map;rot_eul_cam_map;T_map_cam;trans_map_cam;rot_quat_map_cam;rot_eul_map_cam
1681734462.7856178;[[-0.11917575471681247, -0.017682915508067554, 0.9927156964543338, -0.009848642018553], [-0.9884509877601557, 0.09637438894252531, -0.11694709039530488, 0.07408768746010604], [-0.09360440312106538, -0.9951880684850927, -0.028964185838025847, 0.14518501306806422], [0.0, 0.0, 0.0, 1.0]];[-0.009848642018553, 0.07408768746010604, 0.14518501306806422];[-0.45094734786299834, 0.5577890124180835, -0.4984569138692585, 0.48688665220657035];[-1.5998923467424526, 0.09374163515617549, -1.6907853475156085];[[-0.11917575471681247, -0.9884509877601557, -0.09360440312106538, 0.08564828499567097], [-0.017682915508067554, 0.09637438894252531, -0.9951880684850927, 0.137172084416374], [0.9927156964543338, -0.11694709039530488, -0.028964185838025847, 0.022646406702552982], [0.0, 0.0, 0.0, 1.0]];[0.08564828499567097, 0.137172084416374, 0.022646406702552982];[0.45094734786299834, -0.5577890124180835, 0.4984569138692585, 0.48688665220657035];[-1.8135800433676998, -1.4500224531518642, -2.9942905776676945]
