timestamp;T_cam_map;trans_cam_map;rot_quat_cam_map;rot_eul_cam_map;T_map_cam;trans_map_cam;rot_quat_map_cam;rot_eul_map_cam
1681734508.4610221;[[-0.5737452830240067, 0.33825590339377287, 0.7459217747371136, 0.1045199109122278], [-0.8072302598684593, -0.0794779596161728, -0.5848611471861931, 0.18929877248997762], [-0.13854839501200383, -0.9376919524846701, 0.3186505052327474, 0.67379041511695], [0.0, 0.0, 0.0, 1.0]];[0.1045199109122278, 0.18929877248997762, 0.67379041511695];[-0.21626498292570323, 0.5421293245562092, -0.7021171105793048, 0.40786862547656444];[-1.2432153280385674, 0.13899552278938568, -2.188705926598104];[[-0.5737452830240067, -0.8072302598684593, -0.13854839501200383, 0.30612808376677036], [0.33825590339377287, -0.0794779596161728, -0.9376919524846701, 0.6114984532235666], [0.7459217747371136, -0.5848611471861931, 0.3186505052327474, -0.18195383640158624], [0.0, 0.0, 0.0, 1.0]];[0.30612808376677036, 0.6114984532235666, -0.18195383640158624];[0.21626498292570323, -0.5421293245562092, 0.7021171105793048, 0.40786862547656444];[-1.0719302695469064, -0.8419177470383009, 2.608886757873097]
