timestamp;T_cam_map;trans_cam_map;rot_quat_cam_map;rot_eul_cam_map;T_map_cam;trans_map_cam;rot_quat_map_cam;rot_eul_map_cam
1681734508.56107;[[-0.5733868527511092, 0.32526766482258374, 0.7519497744617265, 0.09710055806659419], [-0.8059049465733673, -0.05873034735224669, -0.5891247434868634, 0.20026741298860834], [-0.1474609581575949, -0.9437964253591704, 0.2958100290701725, 0.6656418433442615], [0.0, 0.0, 0.0, 1.0]];[0.09710055806659419, 0.20026741298860834, 0.6656418433442615];[-0.21767720685166211, 0.5520069012994063, -0.694249095997526, 0.40733672464154785];[-1.267068363753052, 0.1480006727522487, -2.189186827642905];[[-0.5733868527511092, -0.8059049465733673, -0.1474609581575949, 0.3152288661644842], [0.32526766482258374, -0.05873034735224669, -0.9437964253591704, 0.6084084952706689], [0.7519497744617265, -0.5891247434868634, 0.2958100290701725, -0.15193578746258077], [0.0, 0.0, 0.0, 1.0]];[0.3152288661644842, 0.6084084952706689, -0.15193578746258077];[0.21767720685166211, -0.5520069012994063, 0.694249095997526, 0.40733672464154785];[-1.1054559012946386, -0.8510148081631924, 2.6255837730286786]
