timestamp;T_cam_map;trans_cam_map;rot_quat_cam_map;rot_eul_cam_map;T_map_cam;trans_map_cam;rot_quat_map_cam;rot_eul_map_cam
1681734508.6610675;[[-0.5694383029957948, 0.31176266547730214, 0.7606208381945352, 0.08386327440945729], [-0.8063283616355618, -0.03182914569282372, -0.5906111061490259, 0.21008805178565412], [-0.1599205812376266, -0.9496267403032378, 0.2695078139825763, 0.657242007226597], [0.0, 0.0, 0.0, 1.0]];[0.08386327440945729, 0.21008805178565412, 0.657242007226597];[-0.2195922520914917, 0.5630500295978137, -0.6838814339253544, 0.4087298512752519];[-1.2942637228584728, 0.16061019821000255, -2.185678880779955];[[-0.5694383029957948, -0.8063283616355618, -0.1599205812376266, 0.32226143906838745], [0.31176266547730214, -0.03182914569282372, -0.9496267403032378, 0.6046760701560108], [0.7606208381945352, -0.5906111061490259, 0.2695078139825763, -0.11683967404640148], [0.0, 0.0, 0.0, 1.0]];[0.32226143906838745, 0.6046760701560108, -0.11683967404640148];[0.2195922520914917, -0.5630500295978137, 0.6838814339253544, 0.4087298512752519];[-1.1426989164368637, -0.8642688980205466, 2.640677347133221]
