timestamp;T_cam_map;trans_cam_map;rot_quat_cam_map;rot_eul_cam_map;T_map_cam;trans_map_cam;rot_quat_map_cam;rot_eul_map_cam
1681734508.7609918;[[-0.5676634227965156, 0.30076843750147075, 0.7663527813101931, 0.08242789275942385], [-0.8066523288015521, -0.017167825427443495, -0.5907768497572717, 0.21414196645950345], [-0.16453041924816647, -0.9535426643695694, 0.252361107084681, 0.6554432736793412], [0.0, 0.0, 0.0, 1.0]];[0.08242789275942385, 0.21414196645950345, 0.6554432736793412];[-0.22200410781461177, 0.5696785256362555, -0.6777153449842789, 0.4085125025200337];[-1.3120717380801104, 0.16528192377740455, -2.1840195873785744];[[-0.5676634227965156, -0.8066523288015521, -0.16453041924816647, 0.3273697722882737], [0.30076843750147075, -0.017167825427443495, -0.9535426643695694, 0.6038777689123873], [0.7663527813101931, -0.5907768497572717, 0.252361107084681, -0.10206711870487611], [0.0, 0.0, 0.0, 1.0]];[0.3273697722882737, 0.6038777689123873, -0.10206711870487611];[0.22200410781461177, -0.5696785256362555, 0.6777153449842789, 0.4085125025200337];[-1.1670905950282018, -0.8731444522770352, 2.6543622274826912]
