timestamp;T_cam_map;trans_cam_map;rot_quat_cam_map;rot_eul_cam_map;T_map_cam;trans_map_cam;rot_quat_map_cam;rot_eul_map_cam
1681734508.8610542;[[-0.564683986003175, 0.29037672190920377, 0.7725369604911022, 0.07880062379392333], [-0.8048157118563068, 0.013547336052095682, -0.593370153980732, 0.22227416345994247], [-0.18276669800812195, -0.9568165075181115, 0.22604978442823476, 0.6375740061600019], [0.0, 0.0, 0.0, 1.0]];[0.07880062379392333, 0.22227416345994247, 0.6375740061600019];[-0.22120064054862867, 0.5814167046161979, -0.666555780557658, 0.410765484941577];[-1.3387982496659026, 0.18379981705781565, -2.182616361007466];[[-0.564683986003175, -0.8048157118563068, -0.18276669800812195, 0.33991448527744167], [0.29037672190920377, 0.013547336052095682, -0.9568165075181115, 0.5841482442485741], [0.7725369604911022, -0.593370153980732, 0.22604978442823476, -0.0731090064419104], [0.0, 0.0, 0.0, 1.0]];[0.33991448527744167, 0.5841482442485741, -0.0731090064419104];[0.22120064054862867, -0.5814167046161979, 0.666555780557658, 0.410765484941577];[-1.206811466568487, -0.8828269016486119, 2.666626973305361]
