timestamp;T_cam_map;trans_cam_map;rot_quat_cam_map;rot_eul_cam_map;T_map_cam;trans_map_cam;rot_quat_map_cam;rot_eul_map_cam
1681734508.9610834;[[-0.5600923139653075, 0.2817991459236226, 0.7790287807223202, 0.07531054004625201], [-0.8078415731829518, 0.02255872365073988, -0.588967823080806, 0.22602423320693102], [-0.183544524500954, -0.9592081866539541, 0.21501409763490467, 0.6370620396785556], [0.0, 0.0, 0.0, 1.0]];[0.07531054004625201, 0.22602423320693102, 0.6370620396785556];[-0.22490823948282124, 0.584730053097398, -0.661919120427389, 0.41154602030645904];[-1.3502835469371621, 0.18459102774493974, -2.177024647198101];[[-0.5600923139653075, -0.8078415731829518, -0.183544524500954, 0.3417018759222483], [0.2817991459236226, 0.02255872365073988, -0.9592081866539541, 0.5847538597867707], [0.7790287807223202, -0.588967823080806, 0.21501409763490467, -0.06252539719131307], [0.0, 0.0, 0.0, 1.0]];[0.3417018759222483, 0.5847538597867707, -0.06252539719131307];[0.22490823948282124, -0.584730053097398, 0.661919120427389, 0.41154602030645904];[-1.2207602798632544, -0.8931152997685906, 2.6754443233688265]
