timestamp;T_cam_map;trans_cam_map;rot_quat_cam_map;rot_eul_cam_map;T_map_cam;trans_map_cam;rot_quat_map_cam;rot_eul_map_cam
1681734509.0610206;[[-0.5456397435989289, 0.27347918090318135, 0.7921403965319661, 0.06992105302284554], [-0.8165718906266581, 0.038980175379458, -0.5759261179750335, 0.2382956090023526], [-0.1883815745865306, -0.9610877605816819, 0.20204627889765184, 0.6259466235121434], [0.0, 0.0, 0.0, 1.0]];[0.06992105302284554, 0.2382956090023526, 0.6259466235121434];[-0.23094036141608149, 0.5879144580805815, -0.6535873788402594, 0.41694925071229627];[-1.363587046996994, 0.189513955150375, -2.1598651413772747];[[-0.5456397435989289, -0.8165718906266581, -0.1883815745865306, 0.3506540119589744], [0.27347918090318135, 0.038980175379458, -0.9610877605816819, 0.5731788816953088], [0.7921403965319661, -0.5759261179750335, 0.20204627889765184, -0.04461681171340611], [0.0, 0.0, 0.0, 1.0]];[0.3506540119589744, 0.5731788816953088, -0.04461681171340611];[0.23094036141608149, -0.5879144580805815, 0.6535873788402594, 0.41694925071229627];[-1.2333913703430428, -0.9143079581649972, 2.676978853402272]
