timestamp;T_cam_map;trans_cam_map;rot_quat_cam_map;rot_eul_cam_map;T_map_cam;trans_map_cam;rot_quat_map_cam;rot_eul_map_cam
1681734509.1610284;[[-0.5326271458354056, 0.26671018113786826, 0.8032272423147981, 0.05739012210601664], [-0.8250640576952586, 0.04788271124422447, -0.5630067021477964, 0.24124894322217422], [-0.18862031761892678, -0.9625865806468049, 0.19454935245337487, 0.6237034887009577], [0.0, 0.0, 0.0, 1.0]];[0.05739012210601664, 0.24124894322217422, 0.6237034887009577];[-0.23713961629544061, 0.5886341190897482, -0.6479378417418904, 0.421249604706697];[-1.371371769704747, 0.1897570562549467, -2.1440429140362935];[[-0.5326271458354056, -0.8250640576952586, -0.18862031761892678, 0.34725651908486055], [0.26671018113786826, 0.04788271124422447, -0.9625865806468049, 0.5735104251774363], [0.8032272423147981, -0.5630067021477964, 0.19454935245337487, -0.0316136474448501], [0.0, 0.0, 0.0, 1.0]];[0.34725651908486055, 0.5735104251774363, -0.0316136474448501];[0.23713961629544061, -0.5886341190897482, 0.6479378417418904, 0.421249604706697];[-1.2380875733846999, -0.9326934083359427, 2.6773495209374536]
