timestamp;T_cam_map;trans_cam_map;rot_quat_cam_map;rot_eul_cam_map;T_map_cam;trans_map_cam;rot_quat_map_cam;rot_eul_map_cam
1681734509.2610247;[[-0.5112943148267699, 0.25621545857606265, 0.8203241812920561, 0.04115010525322017], [-0.8367832734249349, 0.06914814629940477, -0.5431503357079024, 0.24717421054818206], [-0.19588740884006506, -0.9641432324348982, 0.17904175604565306, 0.6164960743082797], [0.0, 0.0, 0.0, 1.0]];[0.04115010525322017, 0.24717421054818206, 0.6164960743082797];[-0.24521204233691934, 0.5919038572860719, -0.6366293907315737, 0.42921311359227143];[-1.3871874513726141, 0.19716230931687084, -2.119281999217733];[[-0.5112943148267699, -0.8367832734249349, -0.19588740884006506, 0.3486348784355478], [0.25621545857606265, 0.06914814629940477, -0.9641432324348982, 0.5667555863066776], [0.8203241812920561, -0.5431503357079024, 0.17904175604565306, -0.009882210703754744], [0.0, 0.0, 0.0, 1.0]];[0.3486348784355478, 0.5667555863066776, -0.009882210703754744];[0.24521204233691934, -0.5919038572860719, 0.6366293907315737, 0.42921311359227143];[-1.2523773009521546, -0.9619776393325494, 2.6770562438441945]
