timestamp;T_cam_map;trans_cam_map;rot_quat_cam_map;rot_eul_cam_map;T_map_cam;trans_map_cam;rot_quat_map_cam;rot_eul_map_cam
1681734509.3610647;[[-0.5019667771997598, 0.2503390862348832, 0.8278645399404243, 0.02675803999119354], [-0.8425508542192525, 0.07458996850641289, -0.5334270284234015, 0.2503675287313755], [-0.19528802483023555, -0.9652806216335725, 0.17348172484907223, 0.6160572102296665], [0.0, 0.0, 0.0, 1.0]];[0.02675803999119354, 0.2503675287313755, 0.6160572102296665];[-0.24998076398232882, 0.5922573386749, -0.632625191867669, 0.431886824340511];[-1.3929731176763636, 0.19655112093329935, -2.108099951001691];[[-0.5019667771997598, -0.8425508542192525, -0.19528802483023555, 0.3446876180681223], [0.2503390862348832, 0.07458996850641289, -0.9652806216335725, 0.5692945974884036], [0.8278645399404243, -0.5334270284234015, 0.17348172484907223, 0.004526106961521224], [0.0, 0.0, 0.0, 1.0]];[0.3446876180681223, 0.5692945974884036, 0.004526106961521224];[0.24998076398232882, -0.5922573386749, 0.632625191867669, 0.431886824340511];[-1.2563644634982798, -0.975289907019771, 2.67897241633806]
