timestamp;T_cam_map;trans_cam_map;rot_quat_cam_map;rot_eul_cam_map;T_map_cam;trans_map_cam;rot_quat_map_cam;rot_eul_map_cam
1681734462.8853154;[[-0.1345198694240481, -0.023928912964367388, 0.990621931846091, -0.006418854416527217], [-0.986701153165074, 0.09528745700248484, -0.13168574289084356, 0.07779758617389258], [-0.09124274805621979, -0.9951621514418361, -0.03642874228965187, 0.14991127038887408], [0.0, 0.0, 0.0, 1.0]];[-0.006418854416527217, 0.07779758617389258, 0.14991127038887408];[-0.4490605237223372, 0.5626357766611062, -0.5007004269350864, 0.4807127118375342];[-1.6073858252568392, 0.09136982766846662, -1.7062939049828907];[[-0.1345198694240481, -0.986701153165074, -0.09124274805621979, 0.08957782080815567], [-0.023928912964367388, 0.09528745700248484, -0.9951621514418361, 0.1416192920094648], [0.990621931846091, -0.13168574289084356, -0.03642874228965187, 0.022064569928073083], [0.0, 0.0, 0.0, 1.0]];[0.08957782080815567, 0.1416192920094648, 0.022064569928073083];[0.4490605237223372, -0.5626357766611062, 0.5007004269350864, 0.4807127118375342];[-1.8406809377832178, -1.4337360265698667, -2.965550202524394]
