timestamp;T_cam_map;trans_cam_map;rot_quat_cam_map;rot_eul_cam_map;T_map_cam;trans_map_cam;rot_quat_map_cam;rot_eul_map_cam
1681734458.3852937;[[-0.0016865806410927275, 0.0014244542415644545, 0.9999975631849585, 0.0012727328171228953], [-0.9999981209622615, 0.0009533791227065436, -0.0016879396300759075, -0.016784709066126335], [-0.0009557811922635273, -0.9999985309981021, 0.0014228436141892065, -0.002254051850004606], [0.0, 0.0, 0.0, 1.0]];[0.0012727328171228953, -0.016784709066126335, -0.002254051850004606];[-0.4989832654062688, 0.5003041865079709, -0.5005387210627604, 0.5001723808088075];[-1.5693734820507221, 0.0009557813377840912, -1.5724829090059478];[[-0.0016865806410927275, -0.9999981209622615, -0.0009557811922635273, -0.01678468534085855], [0.0014244542415644545, 0.0009533791227065436, -0.9999985309981021, -0.0022398592972535433], [0.9999975631849585, -0.0016879396300759075, 0.0014228436141892065, -0.0012978541280396017], [0.0, 0.0, 0.0, 1.0]];[-0.01678468534085855, -0.0022398592972535433, -0.0012978541280396017];[0.4989832654062688, -0.5003041865079709, 0.5005387210627604, 0.5001723808088075];[-0.8704111816816005, -1.5685886963769111, 2.440252927010962]
