timestamp;T_cam_map;trans_cam_map;rot_quat_cam_map;rot_eul_cam_map;T_map_cam;trans_map_cam;rot_quat_map_cam;rot_eul_map_cam
1681734509.4610498;[[-0.4885148172251551, 0.24556758624134722, 0.8372871872536161, -0.0012490571763846825], [-0.8492211066224987, 0.08662420859135536, -0.5208836324485346, 0.2578653915046364], [-0.20044147629253817, -0.9655013242215258, 0.1662239679112131, 0.6096034935980956], [0.0, 0.0, 0.0, 1.0]];[-0.0012490571763846825, 0.2578653915046364, 0.6096034935980956];[-0.2542818349156486, 0.5934886388772109, -0.6261219083662968, 0.43713080401563265];[-1.400304313081017, 0.20180852138262598, -2.0928188003015498];[[-0.4885148172251551, -0.8492211066224987, -0.20044147629253817, 0.3405643744048771], [0.24556758624134722, 0.08662420859135536, -0.9655013242215258, 0.5665423228127231], [0.8372871872536161, -0.5208836324485346, 0.1662239679112131, 0.034032969821219394], [0.0, 0.0, 0.0, 1.0]];[0.3405643744048771, 0.5665423228127231, 0.034032969821219394];[0.2542818349156486, -0.5934886388772109, 0.6261219083662968, 0.43713080401563265];[-1.2618925707437385, -0.9923026233858845, 2.6758017784332075]
