timestamp;T_cam_map;trans_cam_map;rot_quat_cam_map;rot_eul_cam_map;T_map_cam;trans_map_cam;rot_quat_map_cam;rot_eul_map_cam
1681734509.5610425;[[-0.4855911645610647, 0.2455325793385038, 0.8389964084450008, -0.00999725812460725], [-0.8496230612187224, 0.09335530167164596, -0.5190620786525664, 0.2641929305233681], [-0.20577141382018055, -0.9648826561469417, 0.16327763202982437, 0.6031549119186278], [0.0, 0.0, 0.0, 1.0]];[-0.00999725812460725, 0.2641929305233681, 0.6031549119186278];[-0.25385817976651104, 0.5949094120542401, -0.6236011335219098, 0.43904492057772565];[-1.4031641679972509, 0.20725192503324302, -2.0900243078950997];[[-0.4855911645610647, -0.8496230612187224, -0.20577141382018055, 0.34372186514654623], [0.2455325793385038, 0.09335530167164596, -0.9648826561469417, 0.5597645553252427], [0.8389964084450008, -0.5190620786525664, 0.16327763202982437, 0.047038489578384766], [0.0, 0.0, 0.0, 1.0]];[0.34372186514654623, 0.5597645553252427, 0.047038489578384766];[0.25385817976651104, -0.5949094120542401, 0.6236011335219098, 0.43904492057772565];[-1.2660332671368808, -0.9954362182274122, 2.673446080085987]
