timestamp;T_cam_map;trans_cam_map;rot_quat_cam_map;rot_eul_cam_map;T_map_cam;trans_map_cam;rot_quat_map_cam;rot_eul_map_cam
1681734509.6609929;[[-0.4791648335256652, 0.24025371621057606, 0.844203301438303, -0.03439791525651803], [-0.8525424831651367, 0.10134113679261855, -0.5127390061153951, 0.2734534590720452], [-0.20873997391718008, -0.9654056794118151, 0.15626739086727978, 0.5946308866107524], [0.0, 0.0, 0.0, 1.0]];[-0.03439791525651803, 0.2734534590720452, 0.5946308866107524];[-0.25652808755301876, 0.5967073360222339, -0.619292153914517, 0.44114728099984757];[-1.4103211284502386, 0.21028637399758773, -2.0828379368832044];[[-0.4791648335256652, -0.8525424831651367, -0.20873997391718008, 0.34077165545133636], [0.24025371621057606, 0.10134113679261855, -0.9654056794118151, 0.5546121776557437], [0.844203301438303, -0.5127390061153951, 0.15626739086727978, 0.07632767126580525], [0.0, 0.0, 0.0, 1.0]];[0.34077165545133636, 0.5546121776557437, 0.07632767126580525];[0.25652808755301876, -0.5967073360222339, 0.619292153914517, 0.44114728099984757];[-1.274969286692194, -1.0050771090116561, 2.676824890286253]
