timestamp;T_cam_map;trans_cam_map;rot_quat_cam_map;rot_eul_cam_map;T_map_cam;trans_map_cam;rot_quat_map_cam;rot_eul_map_cam
1681734509.7609873;[[-0.4797057771760546, 0.23581111558489304, 0.8451482030451971, -0.03792825926035266], [-0.8522703907971461, 0.10377740764836285, -0.5127040380495026, 0.28216739576489097], [-0.20860860076803545, -0.9662418783246739, 0.15119220964457358, 0.5956216527518475], [0.0, 0.0, 0.0, 1.0]];[-0.03792825926035266, 0.28216739576489097, 0.5956216527518475];[-0.2575483476606912, 0.5983917979008078, -0.6178836013304339, 0.44024534072403376];[-1.4155804479098517, 0.21015204359062722, -2.0834564234319073];[[-0.4797057771760546, -0.8522703907971461, -0.20860860076803545, 0.346540311141042], [0.23581111558489304, 0.10377740764836285, -0.9662418783246739, 0.5551758887987989], [0.8451482030451971, -0.5127040380495026, 0.15119220964457358, 0.08667000958138643], [0.0, 0.0, 0.0, 1.0]];[0.346540311141042, 0.5551758887987989, 0.08667000958138643];[0.2575483476606912, -0.5983917979008078, 0.6178836013304339, 0.44024534072403376];[-1.2840325304902729, -1.0068423638728041, 2.6847081548972125]
