timestamp;T_cam_map;trans_cam_map;rot_quat_cam_map;rot_eul_cam_map;T_map_cam;trans_map_cam;rot_quat_map_cam;rot_eul_map_cam
1681734509.8609867;[[-0.47291970573268005, 0.2309522146005989, 0.8502987866043294, -0.05114780205525832], [-0.8570174607939924, 0.10353664457548892, -0.5047784019986068, 0.29961576258387923], [-0.20461677307575155, -0.9674405603452485, 0.1489655610365652, 0.5861437946633126], [0.0, 0.0, 0.0, 1.0]];[-0.05114780205525832, 0.29961576258387923, 0.5861437946633126];[-0.26200099649393815, 0.5973882299793838, -0.6161064482282581, 0.44146984604822526];[-1.4180171951285323, 0.206072180789758, -2.075036072271118];[[-0.47291970573268005, -0.8570174607939924, -0.20461677307575155, 0.3525219883890288], [0.2309522146005989, 0.10353664457548892, -0.9674405603452485, 0.5478507685887195], [0.8502987866043294, -0.5047784019986068, 0.1489655610365652, 0.10741524065562749], [0.0, 0.0, 0.0, 1.0]];[0.3525219883890288, 0.5478507685887195, 0.10741524065562749];[0.26200099649393815, -0.5973882299793838, 0.6161064482282581, 0.44146984604822526];[-1.2838310452918515, -1.0165527450195633, 2.6873052019808994]
