timestamp;T_cam_map;trans_cam_map;rot_quat_cam_map;rot_eul_cam_map;T_map_cam;trans_map_cam;rot_quat_map_cam;rot_eul_map_cam
1681734509.9610105;[[-0.4696735131098912, 0.22439085707291123, 0.8538474889259193, -0.059403786524799884], [-0.8602755127683996, 0.1009415710363109, -0.49973677207885087, 0.3054200510709779], [-0.19832506955521478, -0.9692572117342262, 0.14562837734148343, 0.5873128771842198], [0.0, 0.0, 0.0, 1.0]];[-0.059403786524799884, 0.3054200510709779, 0.5873128771842198];[-0.2663440155664826, 0.596864035355775, -0.6152967412994856, 0.44070864390998277];[-1.421664430621775, 0.19964874938183205, -2.0705302758660467];[[-0.4696735131098912, -0.8602755127683996, -0.19832506955521478, 0.3513238731539373], [0.22439085707291123, 0.1009415710363109, -0.9692572117342262, 0.5517573285457642], [0.8538474889259193, -0.49973677207885087, 0.14562837734148343, 0.11782198311116407], [0.0, 0.0, 0.0, 1.0]];[0.3513238731539373, 0.5517573285457642, 0.11782198311116407];[0.2663440155664826, -0.596864035355775, 0.6152967412994856, 0.44070864390998277];[-1.2872386218830276, -1.0233326627874122, 2.6958954398801644]
