timestamp;T_cam_map;trans_cam_map;rot_quat_cam_map;rot_eul_cam_map;T_map_cam;trans_map_cam;rot_quat_map_cam;rot_eul_map_cam
1681734510.0610054;[[-0.4661657767369465, 0.21771407806903448, 0.857490553189824, -0.0688730552955997], [-0.8634322500044338, 0.09927179991209698, -0.4946007070299175, 0.3238371675750611], [-0.19280616756608454, -0.9709509204654805, 0.14170424057068995, 0.5859703719221387], [0.0, 0.0, 0.0, 1.0]];[-0.0688730552955997, 0.3238371675750611, 0.5859703719221387];[-0.27058186505208875, 0.5966014867728612, -0.6141250315276889, 0.44011653676777496];[-1.4258756906048693, 0.19402117424499807, -2.0658510023241616];[[-0.4661657767369465, -0.8634322500044338, -0.19280616756608454, 0.36048389463385877], [0.21771407806903448, 0.09927179991209698, -0.9709509204654805, 0.551795207217168], [0.857490553189824, -0.4946007070299175, 0.14170424057068995, 0.13619359978033685], [0.0, 0.0, 0.0, 1.0]];[0.36048389463385877, 0.551795207217168, 0.13619359978033685];[0.27058186505208875, -0.5966014867728612, 0.6141250315276889, 0.44011653676777496];[-1.2917682772328771, -1.0303722151867494, 2.7046659883181365]
