timestamp;T_cam_map;trans_cam_map;rot_quat_cam_map;rot_eul_cam_map;T_map_cam;trans_map_cam;rot_quat_map_cam;rot_eul_map_cam
1681734510.1609938;[[-0.46398549053300425, 0.2188334902534912, 0.8583876560845474, -0.07453588567655844], [-0.8643297250263204, 0.10042020406468927, -0.4927980408357281, 0.3354947364319043], [-0.19404017885678537, -0.970581107460413, 0.1425507728149708, 0.5822779063416227], [0.0, 0.0, 0.0, 1.0]];[-0.07453588567655844, 0.3354947364319043, 0.5822779063416227];[-0.2706674770762716, 0.5962077913325863, -0.6136196010728646, 0.4413007722479806];[-1.4249673619101024, 0.19527893796045054, -2.0634606691934576];[[-0.46398549053300425, -0.8643297250263204, -0.19404017885678537, 0.3683798129008988], [0.2188334902534912, 0.10042020406468927, -0.970581107460413, 0.5477684333033983], [0.8583876560845474, -0.4927980408357281, 0.1425507728149708, 0.1463076674823467], [0.0, 0.0, 0.0, 1.0]];[0.3683798129008988, 0.5477684333033983, 0.1463076674823467];[0.2706674770762716, -0.5962077913325863, 0.6136196010728646, 0.4413007722479806];[-1.2892141219507158, -1.0321183982166944, 2.700890447835815]
