timestamp;T_cam_map;trans_cam_map;rot_quat_cam_map;rot_eul_cam_map;T_map_cam;trans_map_cam;rot_quat_map_cam;rot_eul_map_cam
1681734510.2610185;[[-0.4426542299392462, 0.21709370430439623, 0.8700158367916577, -0.09825989814017246], [-0.8753333913153084, 0.1058904797712141, -0.47178242903086554, 0.33847726815061135], [-0.1945473895104594, -0.9703904007383924, 0.14315649964094576, 0.555013233006425], [0.0, 0.0, 0.0, 1.0]];[-0.09825989814017246, 0.33847726815061135, 0.555013233006425];[-0.2776233017276261, 0.5927453521685166, -0.6082598642457389, 0.4489968678824258];[-1.4243281386956854, 0.1957960021126949, -2.0389918335877866];[[-0.4426542299392462, -0.8753333913153084, -0.1945473895104594, 0.36076167109342944], [0.21709370430439623, 0.1058904797712141, -0.9703904007383924, 0.5240695985479203], [0.8700158367916577, -0.47178242903086554, 0.14315649964094576, 0.1657215435517079], [0.0, 0.0, 0.0, 1.0]];[0.36076167109342944, 0.5240695985479203, 0.1657215435517079];[0.2776233017276261, -0.5927453521685166, 0.6082598642457389, 0.4489968678824258];[-1.2761888173362133, -1.0552344413989798, 2.6856252316679776]
