timestamp;T_cam_map;trans_cam_map;rot_quat_cam_map;rot_eul_cam_map;T_map_cam;trans_map_cam;rot_quat_map_cam;rot_eul_map_cam
1681734510.3610299;[[-0.4035005767281129, 0.20359999488555708, 0.8920394199040096, -0.12607066360701705], [-0.895439889008419, 0.11253561576365656, -0.43072397235037363, 0.2998006284563574], [-0.1880816039719755, -0.9725650504039801, 0.13690337095934912, 0.483992861980587], [0.0, 0.0, 0.0, 1.0]];[-0.12607066360701705, 0.2998006284563574, 0.483992861980587];[-0.2945591776489411, 0.5871824293889465, -0.5974672233528392, 0.4598745508274221];[-1.4309499163136017, 0.18920852486764336, -1.9941633623549209];[[-0.4035005767281129, -0.895439889008419, -0.1880816039719755, 0.30861400978798337], [0.20359999488555708, 0.11253561576365656, -0.9725650504039801, 0.46264428034325616], [0.8920394199040096, -0.43072397235037363, 0.13690337095934912, 0.17533106490737232], [0.0, 0.0, 0.0, 1.0]];[0.30861400978798337, 0.46264428034325616, 0.17533106490737232];[0.2945591776489411, -0.5871824293889465, 0.5974672233528392, 0.4598745508274221];[-1.2630496190341416, -1.1018376813822717, 2.674284454528199]
