timestamp;T_cam_map;trans_cam_map;rot_quat_cam_map;rot_eul_cam_map;T_map_cam;trans_map_cam;rot_quat_map_cam;rot_eul_map_cam
1681734462.9853005;[[-0.14166271967398847, -0.025280945235617858, 0.9895921117624991, -0.008508533928832959], [-0.9859849793723755, 0.09259311817729421, -0.13878088815921913, 0.07406043801106704], [-0.08812090731843963, -0.9953830359586198, -0.038043625210745335, 0.14319113076186485], [0.0, 0.0, 0.0, 1.0]];[-0.008508533928832959, 0.07406043801106704, 0.14319113076186485];[-0.4482710640225016, 0.5639812636652987, -0.502748937414578, 0.47772554183667026];[-1.6089978187475258, 0.08823535515906303, -1.7134961088660656];[[-0.14166271967398847, -0.9859849793723755, -0.08812090731843963, 0.08443526975054304], [-0.025280945235617858, 0.09259311817729421, -0.9953830359586198, 0.1354574317907817], [0.9895921117624991, -0.13878088815921913, -0.038043625210745335, 0.024145661135480577], [0.0, 0.0, 0.0, 1.0]];[0.08443526975054304, 0.1354574317907817, 0.024145661135480577];[0.4482710640225016, -0.5639812636652987, 0.502748937414578, 0.47772554183667026];[-1.8383509813818946, -1.4263941624310499, -2.9649930416059567]
