timestamp;T_cam_map;trans_cam_map;rot_quat_cam_map;rot_eul_cam_map;T_map_cam;trans_map_cam;rot_quat_map_cam;rot_eul_map_cam
1681734510.461052;[[-0.38792026699358934, 0.2083208872248674, 0.8978420097107656, -0.15508716636016484], [-0.9009842590408068, 0.11962513146170867, -0.4170338030465361, 0.327034097926161], [-0.1942813202969101, -0.9707173820781272, 0.14128882728325148, 0.4746647489328739], [0.0, 0.0, 0.0, 1.0]];[-0.15508716636016484, 0.327034097926161, 0.4746647489328739];[-0.2962962091646848, 0.5844348918339934, -0.5936295062610879, 0.46717065718840123];[-1.4262603524927495, 0.19552475741278685, -1.9773598657616265];[[-0.38792026699358934, -0.9009842590408068, -0.1942813202969101, 0.32670961354044664], [0.2083208872248674, 0.11962513146170867, -0.9707173820781272, 0.4539517215853528], [0.8978420097107656, -0.4170338030465361, 0.14128882728325148, 0.20856322097977376], [0.0, 0.0, 0.0, 1.0]];[0.32670961354044664, 0.4539517215853528, 0.20856322097977376];[0.2962962091646848, -0.5844348918339934, 0.5936295062610879, 0.46717065718840123];[-1.2441386538468662, -1.1148437741039576, 2.648769589163878]
