timestamp;T_cam_map;trans_cam_map;rot_quat_cam_map;rot_eul_cam_map;T_map_cam;trans_map_cam;rot_quat_map_cam;rot_eul_map_cam
1681734510.561062;[[-0.3803895228400206, 0.20350519756994645, 0.9021582153234314, -0.16536547125981335], [-0.9042596027584666, 0.12273751253178389, -0.4089621912067307, 0.3356520277359843], [-0.1939545867790754, -0.9713501621863907, 0.1373334652873467, 0.4756964256154601], [0.0, 0.0, 0.0, 1.0]];[-0.16536547125981335, 0.3356520277359843, 0.4756964256154601];[-0.2998080633258756, 0.5843358559262939, -0.590547516207541, 0.46895667576523264];[-1.4303431541607363, 0.19519168831807132, -1.968988675951696];[[-0.3803895228400206, -0.9042596027584666, -0.1939545867790754, 0.33287678022140915], [0.20350519756994645, 0.12273751253178389, -0.9713501621863907, 0.45452343811247514], [0.9021582153234314, -0.4089621912067307, 0.1373334652873467, 0.22112576861918626], [0.0, 0.0, 0.0, 1.0]];[0.33287678022140915, 0.45452343811247514, 0.22112576861918626];[0.2998080633258756, -0.5843358559262939, 0.590547516207541, 0.46895667576523264];[-1.2468187125796768, -1.1247463921224292, 2.650345182164221]
