timestamp;T_cam_map;trans_cam_map;rot_quat_cam_map;rot_eul_cam_map;T_map_cam;trans_map_cam;rot_quat_map_cam;rot_eul_map_cam
1681734510.6609762;[[-0.3698671733537253, 0.19444932321531477, 0.9085085221264748, -0.18732722201838328], [-0.9093923262283516, 0.12449155750474059, -0.3968720815414345, 0.3541124895232694], [-0.19027314858464006, -0.9729806333176164, 0.13078538189162253, 0.479630771212583], [0.0, 0.0, 0.0, 1.0]];[-0.18732722201838328, 0.3541124895232694, 0.479630771212583];[-0.30612737841048765, 0.5838607173305213, -0.5865494432996692, 0.4704810745509956];[-1.437179961614122, 0.19144037057713753, -1.9570815257565712];[[-0.3698671733537253, -0.9093923262283516, -0.19027314858464006, 0.34400184749063095], [0.19444932321531477, 0.12449155750474059, -0.9729806333176164, 0.4590130877216826], [0.9085085221264748, -0.3968720815414345, 0.13078538189162253, 0.24799704486688773], [0.0, 0.0, 0.0, 1.0]];[0.34400184749063095, 0.4590130877216826, 0.24799704486688773];[0.30612737841048765, -0.5838607173305213, 0.5865494432996692, 0.4704810745509956];[-1.2524632937594482, -1.1397008262166068, 2.6575755589483467]
