timestamp;T_cam_map;trans_cam_map;rot_quat_cam_map;rot_eul_cam_map;T_map_cam;trans_map_cam;rot_quat_map_cam;rot_eul_map_cam
1681734510.760954;[[-0.36553959543115055, 0.18640428852131335, 0.9119398255328551, -0.20126592748615102], [-0.9128506875396685, 0.11966322182452999, -0.3903643626164258, 0.3737447692787798], [-0.18189124891095199, -0.975158527914019, 0.12641763724329685, 0.48342908588495026], [0.0, 0.0, 0.0, 1.0]];[-0.20126592748615102, 0.3737447692787798, 0.48342908588495026];[-0.31160052370825003, 0.5828347064160608, -0.5857247670301122, 0.46918580105238594];[-1.4418772867707248, 0.1829094431097088, -1.9516797533056374];[[-0.36553959543115055, -0.9128506875396685, -0.18189124891095199, 0.3555340240846193], [0.18640428852131335, 0.11966322182452999, -0.975158527914019, 0.4642133245270616], [0.9119398255328551, -0.3903643626164258, 0.12641763724329685, 0.26832509062590054], [0.0, 0.0, 0.0, 1.0]];[0.3555340240846193, 0.4642133245270616, 0.26832509062590054];[0.31160052370825003, -0.5828347064160608, 0.5857247670301122, 0.46918580105238594];[-1.2576092309184643, -1.1479870469671323, 2.670022471932654]
