timestamp;T_cam_map;trans_cam_map;rot_quat_cam_map;rot_eul_cam_map;T_map_cam;trans_map_cam;rot_quat_map_cam;rot_eul_map_cam
1681734510.860961;[[-0.3611850826373693, 0.18410682109936372, 0.914138947045209, -0.21545490043294296], [-0.9153823121890017, 0.11693915872738081, -0.38522779713780975, 0.3932753794126308], [-0.17782170455755314, -0.9759251567516944, 0.12629144787920898, 0.48268043862379206], [0.0, 0.0, 0.0, 1.0]];[-0.21545490043294296, 0.3932753794126308, 0.48268043862379206];[-0.31447746769682916, 0.5813417225448259, -0.5853497612088856, 0.46958639353403875];[-1.4421046113945637, 0.17877243276678204, -1.9466154593774971];[[-0.3611850826373693, -0.9153823121890017, -0.17782170455755314, 0.3680092884689123], [0.18410682109936372, 0.11693915872738081, -0.9759251567516944, 0.4647374075171854], [0.914138947045209, -0.38522779713780975, 0.12629144787920898, 0.2874979124403946], [0.0, 0.0, 0.0, 1.0]];[0.3680092884689123, 0.4647374075171854, 0.2874979124403946];[0.31447746769682916, -0.5813417225448259, 0.5853497612088856, 0.46958639353403875];[-1.2540017210555423, -1.1533788548327613, 2.670191490092056]
