timestamp;T_cam_map;trans_cam_map;rot_quat_cam_map;rot_eul_cam_map;T_map_cam;trans_map_cam;rot_quat_map_cam;rot_eul_map_cam
1681734510.9610052;[[-0.3540151886561563, 0.18196194295490808, 0.9173674822647799, -0.237557901246796], [-0.9177982324994859, 0.12095853404445811, -0.3781738191131638, 0.4105469930493408], [-0.1797766687353124, -0.975837529693284, 0.12418319137686595, 0.4845500813029424], [0.0, 0.0, 0.0, 1.0]];[-0.237557901246796, 0.4105469930493408, 0.4845500813029424];[-0.3165608495702366, 0.5811175722957767, -0.5825031858257439, 0.4719974938400542];[-1.4442186325388457, 0.18075941636983456, -1.9389340208676398];[[-0.3540151886561563, -0.9177982324994859, -0.1797766687353124, 0.3798109988040864], [0.18196194295490808, 0.12095853404445811, -0.975837529693284, 0.4664094891908919], [0.9173674822647799, -0.3781738191131638, 0.12418319137686595, 0.313013042567654], [0.0, 0.0, 0.0, 1.0]];[0.3798109988040864, 0.4664094891908919, 0.313013042567654];[0.3165608495702366, -0.5811175722957767, 0.5825031858257439, 0.4719974938400542];[-1.253514022800294, -1.1614155679566427, 2.6668120407968576]
