timestamp;T_cam_map;trans_cam_map;rot_quat_cam_map;rot_eul_cam_map;T_map_cam;trans_map_cam;rot_quat_map_cam;rot_eul_map_cam
1681734511.0610323;[[-0.3494763874285427, 0.17790864361647757, 0.9198993255549437, -0.25185779327116353], [-0.9195712413003274, 0.12306737081261634, -0.373152990628033, 0.4190148979434144], [-0.17959673383241154, -0.9763211237947355, 0.12059053208653983, 0.48815842185848357], [0.0, 0.0, 0.0, 1.0]];[-0.25185779327116353, 0.4190148979434144, 0.48815842185848357];[-0.3189301293670375, 0.5813676173804788, -0.5803015484863163, 0.47280585748027];[-1.4479035218314997, 0.1805765043706174, -1.9339806958919894];[[-0.3494763874285427, -0.9195712413003274, -0.17959673383241154, 0.38496735624559275], [0.17790864361647757, 0.12306737081261634, -0.9763211237947355, 0.4698399955826384], [0.9198993255549437, -0.373152990628033, 0.12059053208653983, 0.3291731926167448], [0.0, 0.0, 0.0, 1.0]];[0.38496735624559275, 0.4698399955826384, 0.3291731926167448];[0.3189301293670375, -0.5813676173804788, 0.5803015484863163, 0.47280585748027];[-1.2582236921204812, -1.1678236865495737, 2.6707138115263724]
