timestamp;T_cam_map;trans_cam_map;rot_quat_cam_map;rot_eul_cam_map;T_map_cam;trans_map_cam;rot_quat_map_cam;rot_eul_map_cam
1681734511.1609724;[[-0.3484707260807386, 0.17266411666519177, 0.9212791411298707, -0.2660195353696645], [-0.9200249406811701, 0.1249322923172996, -0.37141086529738804, 0.42666393205898934], [-0.1792268439418957, -0.9770256010732647, 0.11532004707791929, 0.4883743869379249], [0.0, 0.0, 0.0, 1.0]];[-0.2660195353696645, 0.42666393205898934, 0.4883743869379249];[-0.3206543834582816, 0.582684084929415, -0.5785452620239315, 0.4721709471458617];[-1.4533081541225794, 0.18020051367696643, -1.9328613303519808];[[-0.3484707260807386, -0.9200249406811701, -0.1792268439418957, 0.3873712381743812], [0.17266411666519177, 0.1249322923172996, -0.9770256010732647, 0.469782203955859], [0.9212791411298707, -0.37141086529738804, 0.11532004707791929, 0.3472265119730156], [0.0, 0.0, 0.0, 1.0]];[0.3873712381743812, 0.469782203955859, 0.3472265119730156];[0.3206543834582816, -0.582684084929415, 0.5785452620239315, 0.4721709471458617];[-1.2697419909021563, -1.1713568855190033, 2.681558727831172]
