timestamp;T_cam_map;trans_cam_map;rot_quat_cam_map;rot_eul_cam_map;T_map_cam;trans_map_cam;rot_quat_map_cam;rot_eul_map_cam
1681734511.2609787;[[-0.35220308327458627, 0.15993314133154757, 0.9221574585913721, -0.2838991602735647], [-0.9186138651474337, 0.1295475253879413, -0.37331756645616526, 0.4380422165654834], [-0.1791690678961284, -0.9785902252575815, 0.101289763251518, 0.48464949266014923], [0.0, 0.0, 0.0, 1.0]];[-0.2838991602735647, 0.4380422165654834, 0.48464949266014923];[-0.3228620557165066, 0.5874650724534629, -0.575314114449264, 0.4686774491494318];[-1.4676578044442696, 0.1801417870250733, -1.9369171618244552];[[-0.35220308327458627, -0.9186138651474337, -0.1791690678961284, 0.389235691925803], [0.15993314133154757, 0.1295475253879413, -0.9785902252575815, 0.4629308555457008], [0.9221574585913721, -0.37331756645616526, 0.101289763251518, 0.3762385500558711], [0.0, 0.0, 0.0, 1.0]];[0.389235691925803, 0.4629308555457008, 0.3762385500558711];[0.3228620557165066, -0.5874650724534629, 0.575314114449264, 0.4686774491494318];[-1.305851494520293, -1.1736214161231195, 2.715339764494958]
