timestamp;T_cam_map;trans_cam_map;rot_quat_cam_map;rot_eul_cam_map;T_map_cam;trans_map_cam;rot_quat_map_cam;rot_eul_map_cam
1681734511.3610141;[[-0.3515070200712528, 0.13739162045324205, 0.9260487878453597, -0.29429397356158643], [-0.9188424056741858, 0.13888543345191695, -0.36937713777350634, 0.45505956195850494], [-0.17936401081460762, -0.9807315529767079, 0.07742204221274399, 0.4713143730382242], [0.0, 0.0, 0.0, 1.0]];[-0.29429397356158643, 0.45505956195850494, 0.4713143730382242];[-0.32870408586754996, 0.5943421597258659, -0.5679004377600181, 0.46497323998091783];[-1.4920165539277013, 0.18033993991314742, -1.9361733523349542];[[-0.3515070200712528, -0.9188424056741858, -0.17936401081460762, 0.3992184612661409], [0.13739162045324205, 0.13888543345191695, -0.9807315529767079, 0.43946525841822487], [0.9260487878453597, -0.36937713777350634, 0.07742204221274399, 0.4041290547147615], [0.0, 0.0, 0.0, 1.0]];[0.3992184612661409, 0.43946525841822487, 0.4041290547147615];[0.32870408586754996, -0.5943421597258659, 0.5679004377600181, 0.46497323998091783];[-1.3641857276585228, -1.183805140974918, 2.7689864186548987]
