timestamp;T_cam_map;trans_cam_map;rot_quat_cam_map;rot_eul_cam_map;T_map_cam;trans_map_cam;rot_quat_map_cam;rot_eul_map_cam
1681734463.0853574;[[-0.1633714899217935, -0.02918484373191854, 0.9861328516873762, 0.00428341652120977], [-0.9824829054371848, 0.09564387763247892, -0.15993620351606191, 0.09062768915793035], [-0.08964985668946235, -0.994987685133724, -0.044299092855181244, 0.14455120264286023], [0.0, 0.0, 0.0, 1.0]];[0.00428341652120977, 0.09062768915793035, 0.14455120264286023];[-0.44308117915933565, 0.5708139934360085, -0.5058232199677407, 0.47116167470824294];[-1.6152891963402412, 0.0897703805275589, -1.735572956380145];[[-0.1633714899217935, -0.9824829054371848, -0.08964985668946235, 0.10269893809718902], [-0.02918484373191854, 0.09564387763247892, -0.994987685133724, 0.13528369373079024], [0.9861328516873762, -0.15993620351606191, -0.044299092855181244, 0.01667411793653193], [0.0, 0.0, 0.0, 1.0]];[0.10269893809718902, 0.13528369373079024, 0.01667411793653193];[0.44308117915933565, -0.5708139934360085, 0.5058232199677407, 0.47116167470824294];[-1.8410021808280508, -1.404067103239062, -2.964816392241276]
