timestamp;T_cam_map;trans_cam_map;rot_quat_cam_map;rot_eul_cam_map;T_map_cam;trans_map_cam;rot_quat_map_cam;rot_eul_map_cam
1681734511.4609857;[[-0.3438544960568306, 0.1271005732371372, 0.9303813894442936, -0.3026380258583161], [-0.9226328766736437, 0.13858015231849694, -0.35992237533154187, 0.4615437179469101], [-0.174678734888996, -0.9821613847358148, 0.06961575907369341, 0.4729882866896097], [0.0, 0.0, 0.0, 1.0]];[-0.3026380258583161, 0.4615437179469101, 0.4729882866896097];[-0.33464518245112207, 0.594310291283441, -0.5645551573610915, 0.4648498185799796];[-1.5000345078187338, 0.17557947718174244, -1.9275387793422152];[[-0.3438544960568306, -0.9226328766736437, -0.174678734888996, 0.40439295786711593], [0.1271005732371372, 0.13858015231849694, -0.9821613847358148, 0.439055498454107], [0.9303813894442936, -0.35992237533154187, 0.06961575907369341, 0.41476125966867844], [0.0, 0.0, 0.0, 1.0]];[0.40439295786711593, 0.439055498454107, 0.41476125966867844];[0.33464518245112207, -0.594310291283441, 0.5645551573610915, 0.4648498185799796];[-1.379736764364462, -1.1954518367028628, 2.787534034483594]
