timestamp;T_cam_map;trans_cam_map;rot_quat_cam_map;rot_eul_cam_map;T_map_cam;trans_map_cam;rot_quat_map_cam;rot_eul_map_cam
1681734511.5610068;[[-0.3214276637090943, 0.11705901435051147, 0.939670923335292, -0.3194126771104711], [-0.9309427182244174, 0.14253539230111223, -0.3361983303446064, 0.46864274381213655], [-0.1732914088679715, -0.9828432474717701, 0.06316041886893053, 0.4635091399395713], [0.0, 0.0, 0.0, 1.0]];[-0.3194126771104711, 0.46864274381213655, 0.4635091399395713];[-0.3438300907137358, 0.5917775420589388, -0.5572370882929709, 0.470177665213095];[-1.5066216084874386, 0.1741706642287164, -1.9032521672065572];[[-0.3214276637090943, -0.9309427182244174, -0.1732914088679715, 0.41393363112124393], [0.11705901435051147, 0.14253539230111223, -0.9828432474717701, 0.42614878414633306], [0.939670923335292, -0.3361983303446064, 0.06316041886893053, 0.42842428179498837], [0.0, 0.0, 0.0, 1.0]];[0.41393363112124393, 0.42614878414633306, 0.42842428179498837];[0.3438300907137358, -0.5917775420589388, 0.5572370882929709, 0.470177665213095];[-1.3850943036973866, -1.22166704282208, 2.7923375012188507]
