timestamp;T_cam_map;trans_cam_map;rot_quat_cam_map;rot_eul_cam_map;T_map_cam;trans_map_cam;rot_quat_map_cam;rot_eul_map_cam
1681734511.6609893;[[-0.30685503679087456, 0.11257070167923794, 0.9450755649785444, -0.335021115954821], [-0.9350376289516278, 0.14964467202185777, -0.3214204482916243, 0.4720634573157182], [-0.17760804835532962, -0.982310698943524, 0.05933862064875012, 0.4644848396154999], [0.0, 0.0, 0.0, 1.0]];[-0.335021115954821, 0.4720634573157182, 0.4644848396154999];[-0.34790863403288713, 0.591007844314266, -0.551486397252409, 0.47490216252395967];[-1.5104624606997101, 0.17855532057666387, -1.8878963145411616];[[-0.30685503679087456, -0.9350376289516278, -0.17760804835532962, 0.421090424835908], [0.11257070167923794, 0.14964467202185777, -0.982310698943524, 0.42334020830825314], [0.9450755649785444, -0.3214204482916243, 0.05933862064875012, 0.4407892288182175], [0.0, 0.0, 0.0, 1.0]];[0.421090424835908, 0.42334020830825314, 0.4407892288182175];[0.34790863403288713, -0.591007844314266, 0.551486397252409, 0.47490216252395967];[-1.3882380954328322, -1.237825715811234, 2.7899835875300747]
