timestamp;T_cam_map;trans_cam_map;rot_quat_cam_map;rot_eul_cam_map;T_map_cam;trans_map_cam;rot_quat_map_cam;rot_eul_map_cam
1681734511.7610147;[[-0.2809742085140546, 0.10775008495628507, 0.9536474261181721, -0.3620995982769963], [-0.9409420777665367, 0.1646513127210643, -0.2958343311849109, 0.4757966511656403], [-0.1888954749015811, -0.9804488076443074, 0.0551238165456866, 0.45738883257026164], [0.0, 0.0, 0.0, 1.0]];[-0.3620995982769963, 0.4757966511656403, 0.45738883257026164];[-0.35328836034434913, 0.5895976816205759, -0.5411669595278976, 0.4844586981241787];[-1.5146324115174914, 0.19003725040566052, -1.8609769114794459];[[-0.2809742085140546, -0.9409420777665367, -0.1888954749015811, 0.4323551222560607], [0.10775008495628507, 0.1646513127210643, -0.9804488076443074, 0.40912205479760866], [0.9536474261181721, -0.2958343311849109, 0.0551238165456866, 0.4608593158762401], [0.0, 0.0, 0.0, 1.0]];[0.4323551222560607, 0.40912205479760866, 0.4608593158762401];[0.35328836034434913, -0.5895976816205759, 0.5411669595278976, 0.4844586981241787];[-1.3865755948563998, -1.265132587582228, 2.7754017662654284]
