timestamp;T_cam_map;trans_cam_map;rot_quat_cam_map;rot_eul_cam_map;T_map_cam;trans_map_cam;rot_quat_map_cam;rot_eul_map_cam
1681734511.8609614;[[-0.2691385390265565, 0.10783444250817792, 0.957045547411199, -0.37617842262581946], [-0.9430901392972968, 0.17200794050193008, -0.28459490080549577, 0.4811633331623999], [-0.19530856604577346, -0.979175674439084, 0.05540363359842751, 0.4528508540326698], [0.0, 0.0, 0.0, 1.0]];[-0.37617842262581946, 0.4811633331623999, 0.4528508540326698];[-0.3547710130750137, 0.588587896140003, -0.5367807355250034, 0.4894571061578843];[-1.5142746798549536, 0.19657206545894848, -1.848786387227923];[[-0.2691385390265565, -0.9430901392972968, -0.19530856604577346, 0.44098193475177644], [0.10783444250817792, 0.17200794050193008, -0.979175674439084, 0.4012216169229073], [0.957045547411199, -0.28459490080549577, 0.05540363359842751, 0.4718669326872428], [0.0, 0.0, 0.0, 1.0]];[0.44098193475177644, 0.4012216169229073, 0.4718669326872428];[0.3547710130750137, -0.588587896140003, 0.5367807355250034, 0.4894571061578843];[-1.3785257524172125, -1.2766346754164504, 2.7605129727654076]
