timestamp;T_cam_map;trans_cam_map;rot_quat_cam_map;rot_eul_cam_map;T_map_cam;trans_map_cam;rot_quat_map_cam;rot_eul_map_cam
1681734511.9609566;[[-0.23640548334811268, 0.1034054740098822, 0.9661365097064376, -0.41239175383322585], [-0.9505227123484159, 0.1816315318479252, -0.25202491930042786, 0.48298444554662934], [-0.20154161047475116, -0.9779147685679812, 0.055350561549779964, 0.45248373994606617], [0.0, 0.0, 0.0, 1.0]];[-0.41239175383322585, 0.48298444554662934, 0.45248373994606617];[-0.36284033101840485, 0.5836708091138056, -0.526812232453359, 0.5001441317384402];[-1.5142560544211805, 0.20293157378682766, -1.8145614747550958];[[-0.23640548334811268, -0.9505227123484159, -0.20154161047475116, 0.4527903149717269], [0.1034054740098822, 0.1816315318479252, -0.9779147685679812, 0.3974088919096681], [0.9661365097064376, -0.25202491930042786, 0.055350561549779964, 0.495105616494241], [0.0, 0.0, 0.0, 1.0]];[0.4527903149717269, 0.3974088919096681, 0.495105616494241];[0.36284033101840485, -0.5836708091138056, 0.526812232453359, 0.5001441317384402];[-1.3546052949387635, -1.3098121975492902, 2.7292600579524957]
