timestamp;T_cam_map;trans_cam_map;rot_quat_cam_map;rot_eul_cam_map;T_map_cam;trans_map_cam;rot_quat_map_cam;rot_eul_map_cam
1681734512.0609796;[[-0.22470375228120737, 0.09817302309708026, 0.9694690718360881, -0.4282648094962438], [-0.9530608060980261, 0.18506056173031663, -0.2396407485630111, 0.4857173202579129], [-0.2029367477578332, -0.9778111504927932, 0.05198105790991325, 0.45255612009961976], [0.0, 0.0, 0.0, 1.0]];[-0.4282648094962438, 0.4857173202579129, 0.45255612009961976];[-0.36682919324890256, 0.5826197851304079, -0.5224041176284898, 0.5030750111462063];[-1.5176856891458497, 0.20435614838441948, -1.8023384665459594];[[-0.22470375228120737, -0.9530608060980261, -0.2029367477578332, 0.4585256983078974], [0.09817302309708026, 0.18506056173031663, -0.9778111504927932, 0.3946713513624319], [0.9694690718360881, -0.2396407485630111, 0.05198105790991325, 0.5080628036926246], [0.0, 0.0, 0.0, 1.0]];[0.4585256983078974, 0.3946713513624319, 0.5080628036926246];[0.36682919324890256, -0.5826197851304079, 0.5224041176284898, 0.5030750111462063];[-1.3571929499163191, -1.3230562944189952, 2.729686102417507]
