timestamp;T_cam_map;trans_cam_map;rot_quat_cam_map;rot_eul_cam_map;T_map_cam;trans_map_cam;rot_quat_map_cam;rot_eul_map_cam
1681734512.1609917;[[-0.21614867741233046, 0.09564179106810272, 0.9716647554862663, -0.43714973447993993], [-0.9546979343191548, 0.18776868944148795, -0.23085660803226898, 0.49034464451188675], [-0.2045277571862532, -0.977545685411537, 0.05072306648507763, 0.446209694097502], [0.0, 0.0, 0.0, 1.0]];[-0.43714973447993993, 0.49034464451188675, 0.446209694097502];[-0.3692423210647394, 0.5816343998528504, -0.5193994258891516, 0.5055549125748449];[-1.5189546393320508, 0.205981241670987, -1.7934479558475067];[[-0.21614867741233046, -0.9546979343191548, -0.2045277571862532, 0.4649039502494948], [0.09564179106810272, 0.18776868944148795, -0.977545685411537, 0.3859287735497729], [0.9716647554862663, -0.23085660803226898, 0.05072306648507763, 0.5153291672831466], [0.0, 0.0, 0.0, 1.0]];[0.4649039502494948, 0.3859287735497729, 0.5153291672831466];[0.3692423210647394, -0.5816343998528504, 0.5193994258891516, 0.5055549125748449];[-1.3545161996837822, -1.3321749561118235, 2.7250086771105946]
