timestamp;T_cam_map;trans_cam_map;rot_quat_cam_map;rot_eul_cam_map;T_map_cam;trans_map_cam;rot_quat_map_cam;rot_eul_map_cam
1681734512.261014;[[-0.18665888678056208, 0.09043391350024005, 0.9782536313629877, -0.4582081763387698], [-0.9589916199801294, 0.1994136183194087, -0.2014181760334644, 0.4993495504577856], [-0.21329213017298093, -0.9757335272080139, 0.04950304120435339, 0.4379142085476596], [0.0, 0.0, 0.0, 1.0]];[-0.4582081763387698, 0.4993495504577856, 0.4379142085476596];[-0.37564093683186206, 0.578050487391806, -0.5091041911204196, 0.5153294511143334];[-1.5201056080716624, 0.21494339905609625, -1.7630335297853121];[[-0.18665888678056208, -0.9589916199801294, -0.21329213017298093, 0.48674706059486056], [0.09043391350024005, 0.1994136183194087, -0.9757335272080139, 0.3691480332418796], [0.9782536313629877, -0.2014181760334644, 0.04950304120435339, 0.527143802970245], [0.0, 0.0, 0.0, 1.0]];[0.48674706059486056, 0.3691480332418796, 0.527143802970245];[0.37564093683186206, -0.578050487391806, 0.5091041911204196, 0.5153294511143334];[-1.3298004627886826, -1.3618674089959728, 2.6904318105871234]
