timestamp;T_cam_map;trans_cam_map;rot_quat_cam_map;rot_eul_cam_map;T_map_cam;trans_map_cam;rot_quat_map_cam;rot_eul_map_cam
1681734512.3609867;[[-0.1715064199007289, 0.08279731044509264, 0.9816975875064042, -0.4646136591785865], [-0.9614728363050445, 0.20323108408092458, -0.18511377990529415, 0.4978553182886554], [-0.214838388051038, -0.9756237655194504, 0.044751929268809054, 0.44322178659360023], [0.0, 0.0, 0.0, 1.0]];[-0.4646136591785865, 0.4978553182886554, 0.44322178659360023];[-0.3809562201715368, 0.5766250026474842, -0.5032462779516143, 0.5187669499517594];[-1.5249583885944773, 0.21652635095470457, -1.7473185502688295];[[-0.1715064199007289, -0.9614728363050445, -0.214838388051038, 0.4942111938027177], [0.08279731044509264, 0.20323108408092458, -0.9756237655194504, 0.36970679372148924], [0.9816975875064042, -0.18511377990529415, 0.044751929268809054, 0.5284349581084754], [0.0, 0.0, 0.0, 1.0]];[0.4942111938027177, 0.36970679372148924, 0.5284349581084754];[0.3809562201715368, -0.5766250026474842, 0.5032462779516143, 0.5187669499517594];[-1.3335938798409028, -1.3791794365726375, 2.691827802448713]
