timestamp;T_cam_map;trans_cam_map;rot_quat_cam_map;rot_eul_cam_map;T_map_cam;trans_map_cam;rot_quat_map_cam;rot_eul_map_cam
1681734463.1853645;[[-0.1711610229240605, -0.031682646576424056, 0.9847335244305959, 0.005665289257612328], [-0.9809114823919151, 0.09909891416801539, -0.16730830500132526, 0.09418901644114333], [-0.09228525311925734, -0.9945730818379481, -0.048039743339040375, 0.14596260830736582], [0.0, 0.0, 0.0, 1.0]];[0.005665289257612328, 0.09418901644114333, 0.14596260830736582];[-0.44095912686068894, 0.5740861608746366, -0.505969951038845, 0.46901443152234523];[-1.6190606890452113, 0.09241674997249734, -1.7435488644703334];[[-0.1711610229240605, -0.9809114823919151, -0.09228525311925734, 0.10683096070040425], [-0.031682646576424056, 0.09909891416801539, -0.9945730818379481, 0.13601594327879363], [0.9847335244305959, -0.16730830500132526, -0.048039743339040375, 0.017191810673125005], [0.0, 0.0, 0.0, 1.0]];[0.10683096070040425, 0.13601594327879363, 0.017191810673125005];[0.44095912686068894, -0.5740861608746366, 0.505969951038845, 0.46901443152234523];[-1.8504071782630303, -1.3958364531125145, -2.9585600111707113]
