timestamp;T_cam_map;trans_cam_map;rot_quat_cam_map;rot_eul_cam_map;T_map_cam;trans_map_cam;rot_quat_map_cam;rot_eul_map_cam
1681734512.460991;[[-0.16291175117637502, 0.08324896808721177, 0.9831222562026869, -0.4492004248132787], [-0.9620167473903862, 0.20782293154960652, -0.1770124483265223, 0.5221226005703076], [-0.21905145301747964, -0.9746174831360979, 0.0462301037895112, 0.42431675898864396], [0.0, 0.0, 0.0, 1.0]];[-0.4492004248132787, 0.5221226005703076, 0.42431675898864396];[-0.3817837128154198, 0.575435613022098, -0.5003296222032731, 0.5222885419389227];[-1.5233977536751258, 0.22084220676138105, -1.7385488277788161];[[-0.16291175117637502, -0.9620167473903862, -0.21905145301747964, 0.5220578607002847], [0.08324896808721177, 0.20782293154960652, -0.9746174831360979, 0.34243295404919555], [0.9831222562026869, -0.1770124483265223, 0.0462301037895112, 0.5144249271755232], [0.0, 0.0, 0.0, 1.0]];[0.5220578607002847, 0.34243295404919555, 0.5144249271755232];[0.3817837128154198, -0.575435613022098, 0.5003296222032731, 0.5222885419389227];[-1.3153339199791847, -1.386810267461339, 2.6691786440343876]
