timestamp;T_cam_map;trans_cam_map;rot_quat_cam_map;rot_eul_cam_map;T_map_cam;trans_map_cam;rot_quat_map_cam;rot_eul_map_cam
1681734512.5613499;[[-0.15190804018285303, 0.080496484116301, 0.9851112949168326, -0.4566037920157413], [-0.9670983448558077, 0.19367561041965015, -0.16495620420503443, 0.5426327165261122], [-0.2040704258459854, -0.9777576765096195, 0.048427134145519746, 0.4387472219897468], [0.0, 0.0, 0.0, 1.0]];[-0.4566037920157413, 0.5426327165261122, 0.4387472219897468];[-0.3892265456170665, 0.569463896234209, -0.5016621283066729, 0.5220619466074685];[-1.5213079978979025, 0.20551405670134837, -1.7265993830411543];[[-0.15190804018285303, -0.9670983448558077, -0.2040704258459854, 0.5449527472620345], [0.080496484116301, 0.19367561041965015, -0.9777576765096195, 0.3606487416323154], [0.9851112949168326, -0.16495620420503443, 0.048427134145519746, 0.5180689154369055], [0.0, 0.0, 0.0, 1.0]];[0.5449527472620345, 0.3606487416323154, 0.5180689154369055];[0.3892265456170665, -0.569463896234209, 0.5016621283066729, 0.5220619466074685];[-1.2852437509008843, -1.3980201822343763, 2.654310021513347]
