timestamp;T_cam_map;trans_cam_map;rot_quat_cam_map;rot_eul_cam_map;T_map_cam;trans_map_cam;rot_quat_map_cam;rot_eul_map_cam
1681734512.661;[[-0.1479912824301438, 0.08489742056250049, 0.985338017284686, -0.4555090199052476], [-0.9691217328024854, 0.18624608152088395, -0.161602797401608, 0.5544785589307444], [-0.1972350053479106, -0.9788282919388623, 0.0547131388741271, 0.43981511430805376], [0.0, 0.0, 0.0, 1.0]];[-0.4555090199052476, 0.5544785589307444, 0.43981511430805376];[-0.39084827528557853, 0.5655802827797529, -0.504097793038064, 0.5227255345697366];[-1.514957868175157, 0.19853671852837193, -1.7223322567948722];[[-0.1479912824301438, -0.9691217328024854, -0.1972350053479106, 0.5566927942411534], [0.08489742056250049, 0.18624608152088395, -0.9788282919388623, 0.3659055590517583], [0.985338017284686, -0.161602797401608, 0.0547131388741271, 0.5143719753230713], [0.0, 0.0, 0.0, 1.0]];[0.5566927942411534, 0.3659055590517583, 0.5143719753230713];[0.39084827528557853, -0.5655802827797529, 0.504097793038064, 0.5227255345697366];[-1.2443441981623107, -1.3993439869366266, 2.62076223272379]
