timestamp;T_cam_map;trans_cam_map;rot_quat_cam_map;rot_eul_cam_map;T_map_cam;trans_map_cam;rot_quat_map_cam;rot_eul_map_cam
1681734512.7610235;[[-0.14640999964535334, 0.08492427937567593, 0.9855719044171105, -0.46062235016493264], [-0.971290082437724, 0.1765106378356654, -0.15949786985714332, 0.5630676784882356], [-0.1875091671411488, -0.9806282993588188, 0.05664318789284367, 0.4525869013013273], [0.0, 0.0, 0.0, 1.0]];[-0.46062235016493264, 0.5630676784882356, 0.4525869013013273];[-0.3938388549350285, 0.562644970116186, -0.5065921805808228, 0.5212350300208045];[-1.5130983001909712, 0.18862571884329002, -1.7204076295656907];[[-0.14640999964535334, -0.971290082437724, -0.1875091671411488, 0.5643265266545718], [0.08492427937567593, 0.1765106378356654, -0.9806282993588188, 0.3835501094126794], [0.9855719044171105, -0.15949786985714332, 0.05664318789284367, 0.5181485772851673], [0.0, 0.0, 0.0, 1.0]];[0.5643265266545718, 0.3835501094126794, 0.5181485772851673];[0.3938388549350285, -0.562644970116186, 0.5065921805808228, 0.5212350300208045];[-1.2295547322848654, -1.4007203162336674, 2.6159757445318426]
