timestamp;T_cam_map;trans_cam_map;rot_quat_cam_map;rot_eul_cam_map;T_map_cam;trans_map_cam;rot_quat_map_cam;rot_eul_map_cam
1681734512.8610284;[[-0.1548574335712467, 0.09847373713010454, 0.9830168352390298, -0.4782754032755816], [-0.9720565942733419, 0.16250062475463647, -0.16940934001425145, 0.5779963991073986], [-0.1764232206866158, -0.981782292593416, 0.07055761583683057, 0.46601868397472124], [0.0, 0.0, 0.0, 1.0]];[-0.4782754032755816, 0.5779963991073986, 0.46601868397472124];[-0.3911790912859756, 0.5583010931587572, -0.5154887061453047, 0.5191822432971444];[-1.4990528065280573, 0.17735148185600938, -1.7287778343174005];[[-0.1548574335712467, -0.9720565942733419, -0.1764232206866158, 0.5699972268540424], [0.09847373713010454, 0.16250062475463647, -0.981782292593416, 0.41070168232114057], [0.9830168352390298, -0.16940934001425145, 0.07055761583683057, 0.5351895945273578], [0.0, 0.0, 0.0, 1.0]];[0.5699972268540424, 0.41070168232114057, 0.5351895945273578];[0.3911790912859756, -0.5583010931587572, 0.5154887061453047, 0.5191822432971444];[-1.1761541403235105, -1.3862349279145967, 2.57519398761713]
