timestamp;T_cam_map;trans_cam_map;rot_quat_cam_map;rot_eul_cam_map;T_map_cam;trans_map_cam;rot_quat_map_cam;rot_eul_map_cam
1681734512.9610097;[[-0.16348287150993834, 0.10902826622710504, 0.9805030279842981, -0.4859727341034593], [-0.9714289216465274, 0.1555316873799062, -0.17926445383685163, 0.5870870936308754], [-0.1720441830214861, -0.9817956668188504, 0.08048644422633411, 0.4721679665368128], [0.0, 0.0, 0.0, 1.0]];[-0.4859727341034593, 0.5870870936308754, 0.4721679665368128];[-0.3874593517015113, 0.5564458901509451, -0.5216410711294612, 0.5178163912276972];[-1.489000422855697, 0.17290441944357632, -1.7375251461338548];[[-0.16348287150993834, -0.9714289216465274, -0.1720441830214861, 0.5720989162834081], [0.10902826622710504, 0.1555316873799062, -0.9817956668188504, 0.42524658187808184], [0.9805030279842981, -0.17926445383685163, 0.08048644422633411, 0.5437384637965268], [0.0, 0.0, 0.0, 1.0]];[0.5720989162834081, 0.42524658187808184, 0.5437384637965268];[0.3874593517015113, -0.5564458901509451, 0.5216410711294612, 0.5178163912276972];[-1.148789612074826, -1.373005230885382, 2.553422012222283]
