timestamp;T_cam_map;trans_cam_map;rot_quat_cam_map;rot_eul_cam_map;T_map_cam;trans_map_cam;rot_quat_map_cam;rot_eul_map_cam
1681734513.0610151;[[-0.17689822429938917, 0.1301229122604598, 0.9755895888869357, -0.5145877720230239], [-0.9706202337393878, 0.1412003006282293, -0.194830277313857, 0.6015274998732234], [-0.16310542632119795, -0.9813921248957294, 0.10132184906142361, 0.48394879163698834], [0.0, 0.0, 0.0, 1.0]];[-0.5145877720230239, 0.6015274998732234, 0.48394879163698834];[-0.3809788793394452, 0.5515380031933872, -0.5331556463014773, 0.5161453103027925];[-1.4679178431275057, 0.1638374162751393, -1.7510704738359593];[[-0.17689822429938917, -0.9706202337393878, -0.16310542632119795, 0.5717597733881454], [0.1301229122604598, 0.1412003006282293, -0.9813921248957294, 0.4569673286563557], [0.9755895888869357, -0.194830277313857, 0.10132184906142361, 0.570187656146696], [0.0, 0.0, 0.0, 1.0]];[0.5717597733881454, 0.4569673286563557, 0.570187656146696];[0.3809788793394452, -0.5515380031933872, 0.5331556463014773, 0.5161453103027925];[-1.0912362100018536, -1.3493900303478512, 2.5073839734793246]
