timestamp;T_cam_map;trans_cam_map;rot_quat_cam_map;rot_eul_cam_map;T_map_cam;trans_map_cam;rot_quat_map_cam;rot_eul_map_cam
1681734513.1610172;[[-0.1843102554523956, 0.13974187021011175, 0.9728833123480192, -0.5397530755594483], [-0.9699216005533736, 0.1342710084829914, -0.20303542809308617, 0.6033537428475454], [-0.15900257392588008, -0.9810420510819815, 0.11079113454516248, 0.4934865040488836], [0.0, 0.0, 0.0, 1.0]];[-0.5397530755594483, 0.6033537428475454, 0.4934865040488836];[-0.3776994842197468, 0.5494975271532678, -0.5387091937016129, 0.5149640491276452];[-1.4583406897944275, 0.1596802919076077, -1.758583301005176];[[-0.1843102554523956, -0.9699216005533736, -0.15900257392588008, 0.5641894250664389], [0.13974187021011175, 0.1342710084829914, -0.9810420510819815, 0.47854420081960325], [0.9728833123480192, -0.20303542809308617, 0.11079113454516248, 0.5929450158046226], [0.0, 0.0, 0.0, 1.0]];[0.5641894250664389, 0.47854420081960325, 0.5929450158046226];[0.3776994842197468, -0.5494975271532678, 0.5387091937016129, 0.5149640491276452];[-1.071280561513528, -1.3373862408917068, 2.4928716279521304]
