timestamp;T_cam_map;trans_cam_map;rot_quat_cam_map;rot_eul_cam_map;T_map_cam;trans_map_cam;rot_quat_map_cam;rot_eul_map_cam
1681734513.261014;[[-0.2087978283960794, 0.16541872061393564, 0.9638672697667092, -0.5518099766086924], [-0.9661515400103049, 0.11779924841885436, -0.22950934361735498, 0.6209174875182021], [-0.15150798194417853, -0.9791628995945474, 0.13522332441114115, 0.516751209154622], [0.0, 0.0, 0.0, 1.0]];[-0.5518099766086924, 0.6209174875182021, 0.516751209154622];[-0.36680362551845275, 0.5457503441143654, -0.55367452180599, 0.5109365773836114];[-1.4335634153213481, 0.15209368837989765, -1.7836359893669418];[[-0.2087978283960794, -0.9661515400103049, -0.15150798194417853, 0.5629755948480851], [0.16541872061393564, 0.11779924841885436, -0.9791628995945474, 0.5241196993176764], [0.9638672697667092, -0.22950934361735498, 0.13522332441114115, 0.604501124189327], [0.0, 0.0, 0.0, 1.0]];[0.5629755948480851, 0.5241196993176764, 0.604501124189327];[0.36680362551845275, -0.5457503441143654, 0.55367452180599, 0.5109365773836114];[-1.0383674338293007, -1.3011578754557738, 2.471599217065459]
