timestamp;T_cam_map;trans_cam_map;rot_quat_cam_map;rot_eul_cam_map;T_map_cam;trans_map_cam;rot_quat_map_cam;rot_eul_map_cam
1681734513.3610005;[[-0.2265227481566251, 0.20266033190268884, 0.9526889494691657, -0.5675897421952439], [-0.9635907808143643, 0.09602805053883337, -0.24954242252425812, 0.6410968022515618], [-0.14205721275998023, -0.9745293240240662, 0.17352908955003027, 0.5318482007054478], [0.0, 0.0, 0.0, 1.0]];[-0.5675897421952439, 0.6410968022515618, 0.5318482007054478];[-0.3549366534166736, 0.5359621509830308, -0.570969304596977, 0.5106452760802352];[-1.3945787644098804, 0.1425393962043045, -1.801685896197812];[[-0.2265227481566251, -0.9635907808143643, -0.14205721275998023, 0.564735853035224], [0.20266033190268884, 0.09602805053883337, -0.9745293240240662, 0.5717663169278483], [0.9526889494691657, -0.24954242252425812, 0.17352908955003027, 0.6084261902806334], [0.0, 0.0, 0.0, 1.0]];[0.564735853035224, 0.5717663169278483, 0.6084261902806334];[0.3549366534166736, -0.5359621509830308, 0.570969304596977, 0.5106452760802352];[-0.9631716100555676, -1.2619634081306579, 2.4117369244065494]
