timestamp;T_cam_map;trans_cam_map;rot_quat_cam_map;rot_eul_cam_map;T_map_cam;trans_map_cam;rot_quat_map_cam;rot_eul_map_cam
1681734463.285402;[[-0.18580727716536105, -0.04042904807870429, 0.9817541178033555, 0.005510742874890409], [-0.9782719601113196, 0.10113858072936119, -0.18098331289930492, 0.09946311416443468], [-0.09197623504118829, -0.9940505417530342, -0.05834288841108054, 0.1509421853278246], [0.0, 0.0, 0.0, 1.0]];[0.005510742874890409, 0.09946311416443468, 0.1509421853278246];[-0.43914605500800025, 0.5799329155828721, -0.5065386974419919, 0.4628683439037821];[-1.6294211468405388, 0.09210641200051455, -1.758494740532005];[[-0.18580727716536105, -0.9782719601113196, -0.09197623504118829, 0.11220900569650183], [-0.04042904807870429, 0.10113858072936119, -0.9940505417530342, 0.1402073969856359], [0.9817541178033555, -0.18098331289930492, -0.05834288841108054, 0.021397372478287904], [0.0, 0.0, 0.0, 1.0]];[0.11220900569650183, 0.1402073969856359, 0.021397372478287904];[0.43914605500800025, -0.5799329155828721, 0.5065386974419919, 0.4628683439037821];[-1.8826441304021142, -1.3794764944320472, -2.927346140406126]
