timestamp;T_cam_map;trans_cam_map;rot_quat_cam_map;rot_eul_cam_map;T_map_cam;trans_map_cam;rot_quat_map_cam;rot_eul_map_cam
1681734513.46105;[[-0.22724612586690363, 0.2220991838959474, 0.9481725321855923, -0.5868356146156656], [-0.9641959332434034, 0.08535364468386261, -0.2510795843075732, 0.6454896197445403], [-0.13669455217881304, -0.9712809623646164, 0.1947508448061232, 0.5350845139672357], [0.0, 0.0, 0.0, 1.0]];[-0.5868356146156656, 0.6454896197445403, 0.5350845139672357];[-0.3509449332313799, 0.5286418744633845, -0.5780664594121433, 0.5130444336563555];[-1.3729111242500618, 0.13712387070646956, -1.8022569529386725];[[-0.22724612586690363, -0.9641959332434034, -0.13669455217881304, 0.5621654843809525], [0.2220991838959474, 0.08535364468386261, -0.9712809623646164, 0.5949582211089186], [0.9481725321855923, -0.2510795843075732, 0.1947508448061232, 0.6142825149493436], [0.0, 0.0, 0.0, 1.0]];[0.5621654843809525, 0.5949582211089186, 0.6142825149493436];[0.3509449332313799, -0.5286418744633845, 0.5780664594121433, 0.5130444336563555];[-0.911077894613972, -1.2474344825982038, 2.367648302620568]
