timestamp;T_cam_map;trans_cam_map;rot_quat_cam_map;rot_eul_cam_map;T_map_cam;trans_map_cam;rot_quat_map_cam;rot_eul_map_cam
1681734513.560965;[[-0.23089716726701665, 0.2330547832243729, 0.9446544162625334, -0.6006180761439882], [-0.9642839532719064, 0.0746898704167464, -0.25412178324463514, 0.6511525137727425], [-0.1297804130459253, -0.9695910948814299, 0.20748530819375816, 0.549707496599398], [0.0, 0.0, 0.0, 1.0]];[-0.6006180761439882, 0.6511525137727425, 0.549707496599398];[-0.3489010082109533, 0.523951746225262, -0.583886248563029, 0.5126592463185191];[-1.3599832672320937, 0.13014751659798746, -1.8058205839219605];[[-0.23089716726701665, -0.9642839532719064, -0.1297804130459253, 0.5605561737358191], [0.2330547832243729, 0.0746898704167464, -0.9695910948814299, 0.6243339121534928], [0.9446544162625334, -0.25412178324463514, 0.20748530819375816, 0.6187923267323361], [0.0, 0.0, 0.0, 1.0]];[0.5605561737358191, 0.6243339121534928, 0.6187923267323361];[0.3489010082109533, -0.523951746225262, 0.583886248563029, 0.5126592463185191];[-0.88608717960048, -1.2365396067360406, 2.3515440077430223]
