timestamp;T_cam_map;trans_cam_map;rot_quat_cam_map;rot_eul_cam_map;T_map_cam;trans_map_cam;rot_quat_map_cam;rot_eul_map_cam
1681734513.6609857;[[-0.2373008702629012, 0.25183772751072964, 0.9382249495588473, -0.629864125711892], [-0.9634511921807604, 0.06256596800933484, -0.26047514263846144, 0.6574878028664098], [-0.12429842017476184, -0.9657449242161653, 0.22778640014884993, 0.5526261512096944], [0.0, 0.0, 0.0, 1.0]];[-0.629864125711892, 0.6574878028664098, 0.5526261512096944];[-0.34363744032734345, 0.5177065863313374, -0.5921404610399496, 0.5130914874306733];[-1.3391638390631617, 0.12462073660797207, -1.8122923974918679];[[-0.2373008702629012, -0.9634511921807604, -0.12429842017476184, 0.5526806598797618], [0.25183772751072964, 0.06256596800933484, -0.9657449242161653, 0.651183089739025], [0.9382249495588473, -0.26047514263846144, 0.22778640014884993, 0.6363327451974734], [0.0, 0.0, 0.0, 1.0]];[0.5526806598797618, 0.651183089739025, 0.6363327451974734];[0.34363744032734345, -0.5177065863313374, 0.5921404610399496, 0.5130914874306733];[-0.8522476515838581, -1.217464282434377, 2.32648393422468]
