timestamp;T_cam_map;trans_cam_map;rot_quat_cam_map;rot_eul_cam_map;T_map_cam;trans_map_cam;rot_quat_map_cam;rot_eul_map_cam
1681734513.7610264;[[-0.2360554220820058, 0.2593703380465026, 0.9364853791957082, -0.63214247214106], [-0.9637615710917857, 0.06074918283749686, -0.2597559833214038, 0.6597442959891444], [-0.12426371872907693, -0.9638654286394028, 0.23563099049446268, 0.5522423661607425], [0.0, 0.0, 0.0, 1.0]];[-0.63214247214106, 0.6597442959891444, 0.5522423661607425];[-0.34189340611732877, 0.5150664069867691, -0.5939143940289231, 0.5148603575849363];[-1.331034185174091, 0.1245857640217056, -1.8109988353339324];[[-0.2360554220820058, -0.9637615710917857, -0.12426371872907693, 0.5552392312029999], [0.2593703380465026, 0.06074918283749686, -0.9638654286394028, 0.6561674048021006], [0.9364853791957082, -0.2597559833214038, 0.23563099049446268, 0.633239295342619], [0.0, 0.0, 0.0, 1.0]];[0.5552392312029999, 0.6561674048021006, 0.633239295342619];[0.34189340611732877, -0.5150664069867691, 0.5939143940289231, 0.5148603575849363];[-0.8340590071758813, -1.2124707831503834, 2.3091688225762548]
