timestamp;T_cam_map;trans_cam_map;rot_quat_cam_map;rot_eul_cam_map;T_map_cam;trans_map_cam;rot_quat_map_cam;rot_eul_map_cam
1681734513.8610108;[[-0.22444007764017376, 0.2744449001269298, 0.9350436611961992, -0.640239267017554], [-0.9669619821584259, 0.056299579918195064, -0.2486259889096134, 0.662738084030845], [-0.12087670002577505, -0.9599533082891869, 0.25274190253205836, 0.5530037525543989], [0.0, 0.0, 0.0, 1.0]];[-0.640239267017554, 0.662738084030845, 0.5530037525543989];[-0.3415107757851767, 0.5069511206778988, -0.5960038591011884, 0.52072099170527];[-1.3133531621047938, 0.12117301091180861, -1.7988663372589548];[[-0.22444007764017376, -0.9669619821584259, -0.12087670002577505, 0.5639924492992814], [0.2744449001269298, 0.056299579918195064, -0.9599533082891869, 0.6692563077281752], [0.9350436611961992, -0.2486259889096134, 0.25274190253205836, 0.6236583592759293], [0.0, 0.0, 0.0, 1.0]];[0.5639924492992814, 0.6692563077281752, 0.6236583592759293];[0.3415107757851767, -0.5069511206778988, 0.5960038591011884, 0.52072099170527];[-0.7771889796140653, -1.208382195948911, 2.2562949822445164]
