timestamp;T_cam_map;trans_cam_map;rot_quat_cam_map;rot_eul_cam_map;T_map_cam;trans_map_cam;rot_quat_map_cam;rot_eul_map_cam
1681734513.9610467;[[-0.2213039629333024, 0.27894649791580867, 0.934458884751235, -0.6326832392493131], [-0.9681242307196385, 0.052417955335211264, -0.24492413489075426, 0.6639292971555951], [-0.1173031537663165, -0.9588749706082551, 0.25845456246213633, 0.5621601102800913], [0.0, 0.0, 0.0, 1.0]];[-0.6326832392493131, 0.6639292971555951, 0.5621601102800913];[-0.34198812818186775, 0.503802380851455, -0.5973567966592973, 0.5219120028472343];[-1.3075138670156647, 0.11757384910513087, -1.7955255813374702];[[-0.2213039629333024, -0.9681242307196385, -0.1173031537663165, 0.5686938857911145], [0.27894649791580867, 0.052417955335211264, -0.9588749706082551, 0.6807242168565416], [0.934458884751235, -0.24492413489075426, 0.25845456246213633, 0.6085359375480655], [0.0, 0.0, 0.0, 1.0]];[0.5686938857911145, 0.6807242168565416, 0.6085359375480655];[0.34198812818186775, -0.503802380851455, 0.5973567966592973, 0.5219120028472343];[-0.7585254123057666, -1.2067363380146066, 2.24147308659357]
