timestamp;T_cam_map;trans_cam_map;rot_quat_cam_map;rot_eul_cam_map;T_map_cam;trans_map_cam;rot_quat_map_cam;rot_eul_map_cam
1681734514.0610294;[[-0.21116160034060488, 0.29319694455647344, 0.9324410599305157, -0.6410866675897516], [-0.9707144072033884, 0.04890353087516125, -0.23520625909128523, 0.6609843510455681], [-0.11456141666970315, -0.9548005008223922, 0.2742839503870766, 0.5726322160052335], [0.0, 0.0, 0.0, 1.0]];[-0.6410866675897516, 0.6609843510455681, 0.5726322160052335];[-0.34119309723276847, 0.4964325686406689, -0.5992791544540241, 0.5272631887685773];[-1.291060495533935, 0.1148134983871955, -1.7849915043970608];[[-0.21116160034060488, -0.9707144072033884, -0.11456141666970315, 0.5718557037069089], [0.29319694455647344, 0.04890353087516125, -0.9548005008223922, 0.7023897101426846], [0.9324410599305157, -0.23520625909128523, 0.2742839503870766, 0.5961793620371979], [0.0, 0.0, 0.0, 1.0]];[0.5718557037069089, 0.7023897101426846, 0.5961793620371979];[0.34119309723276847, -0.4964325686406689, 0.5992791544540241, 0.5272631887685773];[-0.7088484460301577, -1.2011109164140017, 2.19495369196262]
