timestamp;T_cam_map;trans_cam_map;rot_quat_cam_map;rot_eul_cam_map;T_map_cam;trans_map_cam;rot_quat_map_cam;rot_eul_map_cam
1681734514.1610699;[[-0.20039373524092213, 0.3060862183187751, 0.9306737225427084, -0.6519611599445649], [-0.9730358935234513, 0.04855659721631772, -0.2254848260566346, 0.6561395967234679], [-0.1142081467812594, -0.9507646837267796, 0.2881024390502567, 0.5667626080078375], [0.0, 0.0, 0.0, 1.0]];[-0.6519611599445649, 0.6561395967234679, 0.5667626080078375];[-0.3402011274571645, 0.49011424520385644, -0.599987411758543, 0.532978728709142];[-1.27656953686458, 0.11445789449824008, -1.7739034748312363];[[-0.20039373524092213, -0.9730358935234513, -0.1142081467812594, 0.5725273538261297], [0.3060862183187751, 0.04855659721631772, -0.9507646837267796, 0.706554291573112], [0.9306737225427084, -0.2254848260566346, 0.2881024390502567, 0.5914269527853897], [0.0, 0.0, 0.0, 1.0]];[0.5725273538261297, 0.706554291573112, 0.5914269527853897];[0.3402011274571645, -0.49011424520385644, 0.599987411758543, 0.532978728709142];[-0.6640749034924187, -1.1962500775238671, 2.1504664116194725]
