timestamp;T_cam_map;trans_cam_map;rot_quat_cam_map;rot_eul_cam_map;T_map_cam;trans_map_cam;rot_quat_map_cam;rot_eul_map_cam
1681734514.2611072;[[-0.17064143130276688, 0.3289649059920681, 0.9287968521418306, -0.6667627931813439], [-0.9788973716025366, 0.05096197405712388, -0.1978959652692467, 0.6447469449190824], [-0.1124341486941976, -0.9429660480769344, 0.31332665762998885, 0.5666967668577568], [0.0, 0.0, 0.0, 1.0]];[-0.6667627931813439, 0.6447469449190824, 0.5666967668577568];[-0.3409801816125538, 0.4765177718957348, -0.598541167104576, 0.5462708120484624];[-1.2499960781454151, 0.11267239471181506, -1.7433821644669345];[[-0.17064143130276688, -0.9788973716025366, -0.1124341486941976, 0.581079800911566], [0.3289649059920681, 0.05096197405712388, -0.9429660480769344, 0.7208597931993682], [0.9287968521418306, -0.1978959652692467, 0.31332665762998885, 0.5693187986020243], [0.0, 0.0, 0.0, 1.0]];[0.581079800911566, 0.7208597931993682, 0.5693187986020243];[0.3409801816125538, -0.4765177718957348, 0.598541167104576, 0.5462708120484624];[-0.563328683331133, -1.191152941298503, 2.0493093433967977]
