timestamp;T_cam_map;trans_cam_map;rot_quat_cam_map;rot_eul_cam_map;T_map_cam;trans_map_cam;rot_quat_map_cam;rot_eul_map_cam
1681734514.3609679;[[-0.15559861944270398, 0.3415097258505804, 0.9269089366151275, -0.6587801302548798], [-0.981186320824978, 0.05513363903287788, -0.18502347330254082, 0.6393865349611733], [-0.11429117837116004, -0.9382597662675587, 0.3265059533149096, 0.5645225885833853], [0.0, 0.0, 0.0, 1.0]];[-0.6587801302548798, 0.6393865349611733, 0.5645225885833853];[-0.3401329843640237, 0.4701665410151686, -0.5972794433355162, 0.5536336724100793];[-1.2359123832940726, 0.11454147335671368, -1.7280688081896616];[[-0.15559861944270398, -0.981186320824978, -0.11429117837116004, 0.5893719949059737], [0.3415097258505804, 0.05513363903287788, -0.9382597662675587, 0.7193969472751264], [0.9269089366151275, -0.18502347330254082, 0.3265059533149096, 0.5446107215259001], [0.0, 0.0, 0.0, 1.0]];[0.5893719949059737, 0.7193969472751264, 0.5446107215259001];[0.3401329843640237, -0.4701665410151686, 0.5972794433355162, 0.5536336724100793];[-0.5155569663558378, -1.1860906721622642, 1.998313905812116]
