timestamp;T_cam_map;trans_cam_map;rot_quat_cam_map;rot_eul_cam_map;T_map_cam;trans_map_cam;rot_quat_map_cam;rot_eul_map_cam
1681734463.3852978;[[-0.19144136467312647, -0.0416065646666961, 0.980621791349105, 0.005269735118501404], [-0.977090334855468, 0.10272255321281207, -0.18639354761759008, 0.09823368567301927], [-0.09297677895109524, -0.9938395095980425, -0.06031871797213642, 0.14706249057835724], [0.0, 0.0, 0.0, 1.0]];[0.005269735118501404, 0.09823368567301927, 0.14706249057835724];[-0.4376513452756081, 0.5819112122691217, -0.5070503164105556, 0.46123813550257026];[-1.6314145830034392, 0.09311126186929712, -1.7642754342642675];[[-0.19144136467312647, -0.977090334855468, -0.09297677895109524, 0.11066542678939045], [-0.0416065646666961, 0.10272255321281207, -0.9938395095980425, 0.13628495408780822], [0.980621791349105, -0.18639354761759008, -0.06031871797213642, 0.02201312896978106], [0.0, 0.0, 0.0, 1.0]];[0.11066542678939045, 0.13628495408780822, 0.02201312896978106];[0.4376513452756081, -0.5819112122691217, 0.5070503164105556, 0.46123813550257026];[-1.8837700293907418, -1.3736105264876166, -2.9275874516592495]
