timestamp;T_cam_map;trans_cam_map;rot_quat_cam_map;rot_eul_cam_map;T_map_cam;trans_map_cam;rot_quat_map_cam;rot_eul_map_cam
1681734514.461071;[[-0.11461095470116378, 0.3592129135838709, 0.9261913472803958, -0.6642693893832902], [-0.9868186877213911, 0.06605860589597334, -0.14773333459619947, 0.6240533814064276], [-0.11425063074801795, -0.930914788421404, 0.3469069761074474, 0.5701651966145277], [0.0, 0.0, 0.0, 1.0]];[-0.6642693893832902, 0.6240533814064276, 0.5701651966145277];[-0.34366533986402226, 0.45655300472390115, -0.5906478064194935, 0.5697268264928064];[-1.214086030089042, 0.11450065838022772, -1.686420159884602];[[-0.11461095470116378, -0.9868186877213911, -0.11425063074801795, 0.604836723355387], [0.3592129135838709, 0.06605860589597334, -0.930914788421404, 0.7281652597562349], [0.9261913472803958, -0.14773333459619947, 0.3469069761074474, 0.5096397634719869], [0.0, 0.0, 0.0, 1.0]];[0.604836723355387, 0.7281652597562349, 0.5096397634719869];[0.34366533986402226, -0.45655300472390115, 0.5906478064194935, 0.5697268264928064];[-0.40259770216271623, -1.184183053331348, 1.8796475728589717]
