timestamp;T_cam_map;trans_cam_map;rot_quat_cam_map;rot_eul_cam_map;T_map_cam;trans_map_cam;rot_quat_map_cam;rot_eul_map_cam
1681734514.5610347;[[-0.09391755353950493, 0.3687757516671089, 0.9247615574403564, -0.6733094720626157], [-0.9897383296098963, 0.06589135889082987, -0.12679261699536315, 0.6137446266258986], [-0.10769183830805018, -0.9271800115435401, 0.35880314122921786, 0.5620611448730846], [0.0, 0.0, 0.0, 1.0]];[-0.6733094720626157, 0.6137446266258986, 0.5620611448730846];[-0.34691063198626804, 0.4474946287948932, -0.5888185917321848, 0.5767965296750109];[-1.2015613963930696, 0.10790109215503468, -1.6654043407029298];[[-0.09391755353950493, -0.9897383296098963, -0.10769183830805018, 0.6047404011055795], [0.3687757516671089, 0.06589135889082987, -0.9271800115435401, 0.7289915979957518], [0.9247615574403564, -0.12679261699536315, 0.35880314122921786, 0.49879969905735505], [0.0, 0.0, 0.0, 1.0]];[0.6047404011055795, 0.7289915979957518, 0.49879969905735505];[0.34691063198626804, -0.4474946287948932, 0.5888185917321848, 0.5767965296750109];[-0.3396797111086907, -1.1804085378177962, 1.8201690802816164]
