timestamp;T_cam_map;trans_cam_map;rot_quat_cam_map;rot_eul_cam_map;T_map_cam;trans_map_cam;rot_quat_map_cam;rot_eul_map_cam
1681734514.6610863;[[-0.06543064383351305, 0.3851191494061894, 0.9205444430380236, -0.6819573754283653], [-0.9924144886596562, 0.07110575974866606, -0.10028685671092774, 0.6032511550591275], [-0.10407840095776422, -0.9201234763287035, 0.37754532809035896, 0.5551894946168419], [0.0, 0.0, 0.0, 1.0]];[-0.6819573754283653, 0.6032511550591275, 0.5551894946168419];[-0.3485391901664223, 0.43560046932132096, -0.5856343168256122, 0.5880519628411914];[-1.1814249324586161, 0.10426722448713276, -1.6366318068414132];[[-0.06543064383351305, -0.9924144886596562, -0.10407840095776422, 0.6118375112683303], [0.3851191494061894, 0.07110575974866606, -0.9201234763287035, 0.7305831004645345], [0.9205444430380236, -0.10028685671092774, 0.37754532809035896, 0.47866103459005727], [0.0, 0.0, 0.0, 1.0]];[0.6118375112683303, 0.7305831004645345, 0.47866103459005727];[0.3485391901664223, -0.43560046932132096, 0.5856343168256122, 0.5880519628411914];[-0.2596330410644411, -1.1694719327430594, 1.739086515919015]
