timestamp;T_cam_map;trans_cam_map;rot_quat_cam_map;rot_eul_cam_map;T_map_cam;trans_map_cam;rot_quat_map_cam;rot_eul_map_cam
1681734514.7610393;[[-0.03927010768515721, 0.39164393943984016, 0.9192784579997724, -0.6939595583328009], [-0.9939821788948915, 0.07884045698822201, -0.07605005181623803, 0.5783130326430757], [-0.10226087561604552, -0.916732898418035, 0.3861910230395167, 0.5490121409567927], [0.0, 0.0, 0.0, 1.0]];[-0.6939595583328009, 0.5783130326430757, 0.5490121409567927];[-0.35202926451046096, 0.42776148191307, -0.5802199310900248, 0.5970262499133899];[-1.17209022836977, 0.10243994812700237, -1.6102836493805652];[[-0.03927010768515721, -0.9939821788948915, -0.10226087561604552, 0.6037234439430853], [0.39164393943984016, 0.07884045698822201, -0.916732898418035, 0.7294880827075768], [0.9192784579997724, -0.07605005181623803, 0.3861910230395167, 0.469899248419673], [0.0, 0.0, 0.0, 1.0]];[0.6037234439430853, 0.7294880827075768, 0.469899248419673];[0.35202926451046096, -0.42776148191307, 0.5802199310900248, 0.5970262499133899];[-0.19443555421278036, -1.1662433935528163, 1.6707322227188777]
