timestamp;T_cam_map;trans_cam_map;rot_quat_cam_map;rot_eul_cam_map;T_map_cam;trans_map_cam;rot_quat_map_cam;rot_eul_map_cam
1681734514.8610246;[[-0.004931174192055021, 0.40262704160275026, 0.915350833774299, -0.6967759423157298], [-0.9944232256935983, 0.0944580232847092, -0.046905543790517035, 0.5706697744926403], [-0.10534767070147483, -0.9104774281701674, 0.3999158924954235, 0.5451319254967157], [0.0, 0.0, 0.0, 1.0]];[-0.6967759423157298, 0.5706697744926403, 0.5451319254967157];[-0.35379899308357715, 0.4181726034131544, -0.572361128004595, 0.6102136391437178];[-1.1569283973300188, 0.1055435107306725, -1.5757551146088624];[[-0.004931174192055021, -0.9944232256935983, -0.10534767070147483, 0.6214797329885067], [0.40262704160275026, 0.0944580232847092, -0.9104774281701674, 0.7229668110073466], [0.915350833774299, -0.046905543790517035, 0.3999158924954235, 0.4465550953371977], [0.0, 0.0, 0.0, 1.0]];[0.6214797329885067, 0.7229668110073466, 0.4465550953371977];[0.35379899308357715, -0.4181726034131544, 0.572361128004595, 0.6102136391437178];[-0.11675508733890777, -1.1563783559496095, 1.583043213228283]
