timestamp;T_cam_map;trans_cam_map;rot_quat_cam_map;rot_eul_cam_map;T_map_cam;trans_map_cam;rot_quat_map_cam;rot_eul_map_cam
1681734514.9611118;[[0.017281275751352354, 0.3938915804513123, 0.918994439786212, -0.7123955435919095], [-0.9951759720893814, 0.09555173565650027, -0.022240737150230172, 0.5439335617458524], [-0.09657195288675208, -0.9141768366473733, 0.3936426923658577, 0.5699465965114354], [0.0, 0.0, 0.0, 1.0]];[-0.7123955435919095, 0.5439335617458524, 0.5699465965114354];[-0.3633479213264453, 0.4137111817256365, -0.5658643125692778, 0.6136928596158079];[-1.1641937172798185, 0.09672269366341218, -1.553433026711367];[[0.017281275751352354, -0.9951759720893814, -0.09657195288675208, 0.6086615707615817], [0.3938915804513123, 0.09555173565650027, -0.9141768366473733, 0.7496647873220116], [0.918994439786212, -0.022240737150230172, 0.3936426923658577, 0.4424297141079002], [0.0, 0.0, 0.0, 1.0]];[0.6086615707615817, 0.7496647873220116, 0.4424297141079002];[0.3633479213264453, -0.4137111817256365, 0.5658643125692778, 0.6136928596158079];[-0.05643980434002653, -1.1655224238366233, 1.5269512653402317]
