timestamp;T_cam_map;trans_cam_map;rot_quat_cam_map;rot_eul_cam_map;T_map_cam;trans_map_cam;rot_quat_map_cam;rot_eul_map_cam
1681734515.0611286;[[0.03409122399242248, 0.4104418967921964, 0.9112492731433712, -0.7064829282524496], [-0.9941270641657525, 0.10762901240094391, -0.011286096879763508, 0.5457956173258717], [-0.10270914633020967, -0.9055128077764674, 0.41170060263849273, 0.5402860134576818], [0.0, 0.0, 0.0, 1.0]];[-0.7064829282524496, 0.5457956173258717, 0.5402860134576818];[-0.358734445291007, 0.40676688218500195, -0.5634670279273506, 0.6231815223175066];[-1.1440737694814809, 0.10289059168676432, -1.536517137479276];[[0.03409122399242248, -0.9941270641657525, -0.10270914633020967, 0.622167377656971], [0.4104418967921964, 0.10762901240094391, -0.9055128077764674, 0.7204626549061134], [0.9112492731433712, -0.011286096879763508, 0.41170060263849273, 0.4275058797342593], [0.0, 0.0, 0.0, 1.0]];[0.622167377656971, 0.7204626549061134, 0.4275058797342593];[0.358734445291007, -0.40676688218500195, 0.5634670279273506, 0.6231815223175066];[-0.027406496233337067, -1.1463072375030994, 1.487926742783985]
