timestamp;T_cam_map;trans_cam_map;rot_quat_cam_map;rot_eul_cam_map;T_map_cam;trans_map_cam;rot_quat_map_cam;rot_eul_map_cam
1681734515.1610105;[[0.07783171164682318, 0.4078512654973437, 0.9097249968503346, -0.7174031388375913], [-0.9932979594024072, 0.10993128266662971, 0.03569701581762458, 0.5402965955488497], [-0.0854481627019561, -0.906406342830568, 0.41367396965167547, 0.5525336298572798], [0.0, 0.0, 0.0, 1.0]];[-0.7174031388375913, 0.5402965955488497, 0.5525336298572798];[-0.37223193687824474, 0.39320020389368177, -0.5536043206429623, 0.6327394732362461];[-1.14264194749696, 0.0855524875446048, -1.4925992411874023];[[0.07783171164682318, -0.9932979594024072, -0.0854481627019561, 0.6397252035696209], [0.4078512654973437, 0.10993128266662971, -0.906406342830568, 0.7340182670074158], [0.9097249968503346, 0.03569701581762458, 0.41367396965167547, 0.4047838120728217], [0.0, 0.0, 0.0, 1.0]];[0.6397252035696209, 0.7340182670074158, 0.4047838120728217];[0.37223193687824474, -0.39320020389368177, 0.5536043206429623, 0.6327394732362461];[0.08607939401156824, -1.1426212595879999, 1.3822299800836106]
