timestamp;T_cam_map;trans_cam_map;rot_quat_cam_map;rot_eul_cam_map;T_map_cam;trans_map_cam;rot_quat_map_cam;rot_eul_map_cam
1681734515.261022;[[0.09244679744867562, 0.4133610067607539, 0.9058621681752803, -0.7147649988880147], [-0.9922960144904092, 0.11360183145660091, 0.04942917676996189, 0.539762791142981], [-0.0824755070789725, -0.9034529882508786, 0.4206786050569061, 0.5303900948786189], [0.0, 0.0, 0.0, 1.0]];[-0.7147649988880147, 0.539762791142981, 0.5303900948786189];[-0.37355266058989894, 0.3874520708910393, -0.5510512626225509, 0.637716087683654];[-1.1350173347945063, 0.08256929706392858, -1.477899940617531];[[0.09244679744867562, -0.9922960144904092, -0.0824755070789725, 0.6454263935217809], [0.4133610067607539, 0.11360183145660091, -0.9034529882508786, 0.7133204540684851], [0.9058621681752803, 0.04942917676996189, 0.4206786050569061, 0.3976747759617071], [0.0, 0.0, 0.0, 1.0]];[0.6454263935217809, 0.7133204540684851, 0.3976747759617071];[0.37355266058989894, -0.3874520708910393, 0.5510512626225509, 0.637716087683654];[0.11696237942818635, -1.1334107790007768, 1.3507704112194239]
