timestamp;T_cam_map;trans_cam_map;rot_quat_cam_map;rot_eul_cam_map;T_map_cam;trans_map_cam;rot_quat_map_cam;rot_eul_map_cam
1681734515.3610027;[[0.115861174037173, 0.3992577417027954, 0.909488561797845, -0.71893960455656], [-0.9900704700498824, 0.11980549635857385, 0.07353303595991073, 0.5408437556347538], [-0.07960309470073185, -0.9089773917610164, 0.4091741054629515, 0.5313195666530408], [0.0, 0.0, 0.0, 1.0]];[-0.71893960455656, 0.5408437556347538, 0.5313195666530408];[-0.3830409809066283, 0.3856067351779691, -0.5416427408973569, 0.6412567301515631];[-1.1478195587766737, 0.07968740485987902, -1.454303009126447];[[0.115861174037173, -0.9900704700498824, -0.07960309470073185, 0.6610652997912222], [0.3992577417027954, 0.11980549635857385, -0.9089773917610164, 0.7052036222275704], [0.909488561797845, 0.07353303595991073, 0.4091741054629515, 0.39669525523565263], [0.0, 0.0, 0.0, 1.0]];[0.6610652997912222, 0.7052036222275704, 0.39669525523565263];[0.3830409809066283, -0.3856067351779691, 0.5416427408973569, 0.6412567301515631];[0.17781287145772656, -1.1420521812571953, 1.2883623364376344]
