timestamp;T_cam_map;trans_cam_map;rot_quat_cam_map;rot_eul_cam_map;T_map_cam;trans_map_cam;rot_quat_map_cam;rot_eul_map_cam
1681734463.4853113;[[-0.20081797351252492, -0.045929178867573806, 0.9785513027137993, 0.006098111957845788], [-0.9752159677792651, 0.10407593517339556, -0.19524860026677543, 0.10352878697147158], [-0.092876034059787, -0.9935082839344289, -0.06569118701159019, 0.14869086291236353], [0.0, 0.0, 0.0, 1.0]];[0.006098111957845788, 0.10352878697147158, 0.14869086291236353];[-0.4361184696632527, 0.5853599524432618, -0.5077033709085305, 0.4575933715235833];[-1.6368206432695758, 0.09301007915832425, -1.773879136918976];[[-0.20081797351252492, -0.9752159677792651, -0.092876034059787, 0.1159973543132519], [-0.045929178867573806, 0.10407593517339556, -0.9935082839344289, 0.13723083000223496], [0.9785513027137993, -0.19524860026677543, -0.06569118701159019, 0.024014214625543203], [0.0, 0.0, 0.0, 1.0]];[0.1159973543132519, 0.13723083000223496, 0.024014214625543203];[0.4361184696632527, -0.5853599524432618, 0.5077033709085305, 0.4575933715235833];[-1.895348312531836, -1.363307467720808, -2.91674932400714]
