timestamp;T_cam_map;trans_cam_map;rot_quat_cam_map;rot_eul_cam_map;T_map_cam;trans_map_cam;rot_quat_map_cam;rot_eul_map_cam
1681734515.461011;[[0.12508997892733142, 0.3901471498912958, 0.9122158179968485, -0.7212253599627447], [-0.9888638717462146, 0.12374570664894757, 0.08267552988060839, 0.5436094949753923], [-0.08062716866569569, -0.9123991459430747, 0.4012817690293219, 0.5311031340655128], [0.0, 0.0, 0.0, 1.0]];[-0.7212253599627447, 0.5436094949753923, 0.5311031340655128];[-0.3873185069322993, 0.3864498540212865, -0.5367602079730397, 0.6422844880980704];[-1.1564491042499936, 0.08071478125226426, -1.444965977635841];[[0.12508997892733142, -0.9888638717462146, -0.08062716866569569, 0.6705951969681473], [0.3901471498912958, 0.12374570664894757, -0.9123991459430747, 0.6986927234510455], [0.9122158179968485, 0.08267552988060839, 0.4012817690293219, 0.39984797347844003], [0.0, 0.0, 0.0, 1.0]];[0.6705951969681473, 0.6986927234510455, 0.39984797347844003];[0.3873185069322993, -0.3864498540212865, 0.5367602079730397, 0.6422844880980704];[0.2031855343245202, -1.1486601713959326, 1.2605287506402516]
