timestamp;T_cam_map;trans_cam_map;rot_quat_cam_map;rot_eul_cam_map;T_map_cam;trans_map_cam;rot_quat_map_cam;rot_eul_map_cam
1681734515.5609813;[[0.14518197173167774, 0.36278479425498383, 0.9204941000036184, -0.7220778550161693], [-0.9860124061950606, 0.13002923432770824, 0.10426856213440888, 0.5412941035881198], [-0.08186409416544888, -0.9227565178732249, 0.3765882085367936, 0.5384489142131703], [0.0, 0.0, 0.0, 1.0]];[-0.7220778550161693, 0.5412941035881198, 0.5384489142131703];[-0.3995511634531853, 0.3899548224022999, -0.524732551514914, 0.6426117440951767];[-1.183316279833962, 0.08195580953692722, -1.424605238469787];[[0.14518197173167774, -0.9860124061950606, -0.08186409416544888, 0.682635020889579], [0.36278479425498383, 0.13002923432770824, -0.9227565178732249, 0.6884320533644184], [0.9204941000036184, 0.10426856213440888, 0.3765882085367936, 0.40545493542056565], [0.0, 0.0, 0.0, 1.0]];[0.682635020889579, 0.6884320533644184, 0.40545493542056565];[0.3995511634531853, -0.3899548224022999, 0.524732551514914, 0.6426117440951767];[0.2701102776085657, -1.1693430783765926, 1.1901282464559573]
