timestamp;T_cam_map;trans_cam_map;rot_quat_cam_map;rot_eul_cam_map;T_map_cam;trans_map_cam;rot_quat_map_cam;rot_eul_map_cam
1681734515.661012;[[0.15260122139927945, 0.35187931361357505, 0.923522504261963, -0.714767013773139], [-0.9847874074646638, 0.13272142463781134, 0.1121551850835984, 0.5543553435896981], [-0.08310613290530688, -0.9265883509374317, 0.36677976849954036, 0.5269300381523551], [0.0, 0.0, 0.0, 1.0]];[-0.714767013773139, 0.5543553435896981, 0.5269300381523551];[-0.40407302194712524, 0.39158027106169163, -0.5199656533037662, 0.6426706805465439];[-1.1938821926370076, 0.08320209533090503, -1.4170605117152129];[[0.15260122139927945, -0.9847874074646638, -0.08310613290530688, 0.6987875987280665], [0.35187931361357505, 0.13272142463781134, -0.9265883509374317, 0.6661841303542975], [0.923522504261963, 0.1121551850835984, 0.36677976849954036, 0.40466231895225524], [0.0, 0.0, 0.0, 1.0]];[0.6987875987280665, 0.6661841303542975, 0.40466231895225524];[0.40407302194712524, -0.39158027106169163, 0.5199656533037662, 0.6426706805465439];[0.2967542351394689, -1.1771653335082455, 1.161600977209711]
