timestamp;T_cam_map;trans_cam_map;rot_quat_cam_map;rot_eul_cam_map;T_map_cam;trans_map_cam;rot_quat_map_cam;rot_eul_map_cam
1681734515.7610443;[[0.17526878712500346, 0.3143297688025409, 0.9329939167563055, -0.7027864643410436], [-0.9803589217027144, 0.14276457798691417, 0.13606858531677984, 0.5588316934211943], [-0.0904280758261598, -0.9385174861006906, 0.3331781676305019, 0.5170404275641174], [0.0, 0.0, 0.0, 1.0]];[-0.7027864643410436, 0.5588316934211943, 0.5170404275641174];[-0.41812858115285173, 0.3982202980861878, -0.5037719728504615, 0.6424973799056343];[-1.2296699069802584, 0.0905517735126985, -1.3938851353707644];[[0.17526878712500346, -0.9803589217027144, -0.0904280758261598, 0.7177871385775862], [0.3143297688025409, 0.14276457798691417, -0.9385174861006906, 0.6263768182667876], [0.9329939167563055, 0.13606858531677984, 0.3331781676305019, 0.40738947580815965], [0.0, 0.0, 0.0, 1.0]];[0.7177871385775862, 0.6263768182667876, 0.40738947580815965];[0.41812858115285173, -0.3982202980861878, 0.5037719728504615, 0.6424973799056343];[0.38772317090562824, -1.202644043958207, 1.062140535007109]
