timestamp;T_cam_map;trans_cam_map;rot_quat_cam_map;rot_eul_cam_map;T_map_cam;trans_map_cam;rot_quat_map_cam;rot_eul_map_cam
1681734515.8610086;[[0.19015598306524822, 0.2764368805308657, 0.9420315032878958, -0.6872033010307442], [-0.9760774951564966, 0.15626834778351933, 0.15117184569233927, 0.5699317405575022], [-0.1054202331315407, -0.9482419810171732, 0.29953917921220025, 0.5041908187133882], [0.0, 0.0, 0.0, 1.0]];[-0.6872033010307442, 0.5699317405575022, 0.5041908187133882];[-0.4284706687947055, 0.4082196668174107, -0.48813800516949946, 0.6414755470906448];[-1.2648269873342328, 0.10561647947936298, -1.3783898514763884];[[0.19015598306524822, -0.9760774951564966, -0.1054202331315407, 0.7401252786582818], [0.2764368805308657, 0.15626834778351933, -0.9482419810171732, 0.5790009461286], [0.9420315032878958, 0.15117184569233927, 0.29953917921220025, 0.410184621591936], [0.0, 0.0, 0.0, 1.0]];[0.7401252786582818, 0.5790009461286, 0.410184621591936];[0.4284706687947055, -0.4082196668174107, 0.48813800516949946, 0.6414755470906448];[0.4673856941013937, -1.2286344448872661, 0.9682495609421585]
