timestamp;T_cam_map;trans_cam_map;rot_quat_cam_map;rot_eul_cam_map;T_map_cam;trans_map_cam;rot_quat_map_cam;rot_eul_map_cam
1681734515.960997;[[0.1985866498030679, 0.261308729437147, 0.9446063150540218, -0.6819340320918968], [-0.9735329488291158, 0.16383741587059103, 0.15934521864471973, 0.5730488325689743], [-0.11312356104755622, -0.9512492045099388, 0.28692858145386796, 0.49788083752466505], [0.0, 0.0, 0.0, 1.0]];[-0.6819340320918968, 0.5730488325689743, 0.49788083752466505];[-0.43238312076172936, 0.4118015859044423, -0.4807557892995697, 0.642135625691241];[-1.2778416268619648, 0.11336623369350951, -1.3695714651887836];[[0.1985866498030679, -0.9735329488291158, -0.11312356104755622, 0.7496269679319131], [0.261308729437147, 0.16383741587059103, -0.9512492045099388, 0.557917226226204], [0.9446063150540218, 0.15934521864471973, 0.28692858145386796, 0.4099903592004372], [0.0, 0.0, 0.0, 1.0]];[0.7496269679319131, 0.557917226226204, 0.4099903592004372];[0.43238312076172936, -0.4118015859044423, 0.4807557892995697, 0.642135625691241];[0.5069398994067192, -1.236393017649461, 0.9209452463769309]
