timestamp;T_cam_map;trans_cam_map;rot_quat_cam_map;rot_eul_cam_map;T_map_cam;trans_map_cam;rot_quat_map_cam;rot_eul_map_cam
1681734516.249406;[[0.22628415923508235, 0.20182356519693112, 0.9529232538932357, -0.6698092337728148], [-0.9641299528025558, 0.18575163730134517, 0.1896042281933905, 0.5845561368663081], [-0.1387404533227914, -0.9616462851647012, 0.23661679746103564, 0.4860126071617331], [0.0, 0.0, 0.0, 1.0]];[-0.6698092337728148, 0.5845561368663081, 0.4860126071617331];[-0.4483067377568349, 0.4251031288420575, -0.45403221276816047, 0.6419993368371699];[-1.3295350956317313, 0.13918945404482164, -1.3402658740805653];[[0.22628415923508235, -0.9641299528025558, -0.1387404533227914, 0.782584909397745], [0.20182356519693112, 0.18575163730134517, -0.9616462851647012, 0.4939732462646804], [0.9529232538932357, 0.1896042281933905, 0.23661679746103564, 0.4124437327359819], [0.0, 0.0, 0.0, 1.0]];[0.782584909397745, 0.4939732462646804, 0.4124437327359819];[0.4483067377568349, -0.4251031288420575, 0.45403221276816047, 0.6419993368371699];[0.6755413285591547, -1.2627352144502624, 0.7283236777696732]
