timestamp;T_cam_map;trans_cam_map;rot_quat_cam_map;rot_eul_cam_map;T_map_cam;trans_map_cam;rot_quat_map_cam;rot_eul_map_cam
1681734516.3609838;[[0.24007516137211027, 0.1752733982455838, 0.9548000590488044, -0.6648111193213457], [-0.9599487419868002, 0.1892080842429979, 0.2066366705477377, 0.5870819177184488], [-0.1444379785586704, -0.9661674475599661, 0.21367763950714522, 0.47714839545164933], [0.0, 0.0, 0.0, 1.0]];[-0.6648111193213457, 0.5870819177184488, 0.47714839545164933];[-0.457490283400087, 0.42879344775886646, -0.44283021404711015, 0.6408901787986484];[-1.3531397974289674, 0.14494497159361078, -1.325731410064459];[[0.24007516137211027, -0.9599487419868002, -0.1444379785586704, 0.792091534821618], [0.1752733982455838, 0.1892080842429979, -0.9661674475599661, 0.4664483064705432], [0.9548000590488044, 0.2066366705477377, 0.21367763950714522, 0.4114931003334715], [0.0, 0.0, 0.0, 1.0]];[0.792091534821618, 0.4664483064705432, 0.4114931003334715];[0.457490283400087, -0.42879344775886646, 0.44283021404711015, 0.6408901787986484];[0.7686480545079254, -1.26898641457894, 0.630628108296829]
