timestamp;T_cam_map;trans_cam_map;rot_quat_cam_map;rot_eul_cam_map;T_map_cam;trans_map_cam;rot_quat_map_cam;rot_eul_map_cam
1681734463.5852973;[[-0.2016104584992061, -0.04395092462511052, 0.9784791971464382, 0.0016420081919727054], [-0.975029686086811, 0.10397675301010303, -0.19622932014082745, 0.10003272157920526], [-0.0931146297484729, -0.9936081476407459, -0.06381625708807209, 0.14244774966710788], [0.0, 0.0, 0.0, 1.0]];[0.0016420081919727054, 0.10003272157920526, 0.14244774966710788];[-0.4353817421466945, 0.5851075688703278, -0.5083840694792253, 0.45786188895310587];[-1.6349350164087622, 0.09324971329139889, -1.7746964580470412];[[-0.2016104584992061, -0.975029686086811, -0.0931146297484729, 0.11112988861298083], [-0.04395092462511052, 0.10397675301010303, -0.9936081476407459, 0.1312083348760375], [0.9784791971464382, -0.19622932014082745, -0.06381625708807209, 0.027113164304308296], [0.0, 0.0, 0.0, 1.0]];[0.11112988861298083, 0.1312083348760375, 0.027113164304308296];[0.4353817421466945, -0.5851075688703278, 0.5083840694792253, 0.45786188895310587];[-1.885220547942226, -1.3629577367477612, -2.926951551567484]
