timestamp;T_cam_map;trans_cam_map;rot_quat_cam_map;rot_eul_cam_map;T_map_cam;trans_map_cam;rot_quat_map_cam;rot_eul_map_cam
1681734516.4610214;[[0.2477268341769321, 0.15497607601653784, 0.9563544486701526, -0.6638055192540036], [-0.9571455030951334, 0.19199450982804794, 0.21681926598125978, 0.5921218639563781], [-0.15001300454773736, -0.9690823102597654, 0.1958968463456128, 0.4776243258705115], [0.0, 0.0, 0.0, 1.0]];[-0.6638055192540036, 0.5921218639563781, 0.4776243258705115];[-0.4636365704954883, 0.43254214514469663, -0.43479176117442503, 0.6394564469826294];[-1.3713374322139742, 0.15058142615476305, -1.317535400742014];[[0.2477268341769321, -0.9571455030951334, -0.15001300454773736, 0.8028390793330474], [0.15497607601653784, 0.19199450982804794, -0.9690823102597654, 0.4520471127341892], [0.9563544486701526, 0.21681926598125978, 0.1958968463456128, 0.4128848342999072], [0.0, 0.0, 0.0, 1.0]];[0.8028390793330474, 0.4520471127341892, 0.4128848342999072];[0.4636365704954883, -0.43254214514469663, 0.43479176117442503, 0.6394564469826294];[0.8360492612327983, -1.2742603653728806, 0.5590253462079843]
