timestamp;T_cam_map;trans_cam_map;rot_quat_cam_map;rot_eul_cam_map;T_map_cam;trans_map_cam;rot_quat_map_cam;rot_eul_map_cam
1681734516.561015;[[0.2557799961957078, 0.14116857257438536, 0.9563723269017324, -0.6636613178026141], [-0.9542099477114732, 0.19559687308625878, 0.22632993378549277, 0.5980687048848253], [-0.15511276296485493, -0.9704706576482303, 0.18473422370860318, 0.4634454052823792], [0.0, 0.0, 0.0, 1.0]];[-0.6636613178026141, 0.5980687048848253, 0.4634454052823792];[-0.467827131374626, 0.4344774600545891, -0.4281814318798274, 0.6395527916033535];[-1.382691491484888, 0.1557415968032123, -1.3088989564104108];[[0.2557799961957078, -0.9542099477114732, -0.15511276296485493, 0.8123206942555259], [0.14116857257438536, 0.19559687308625878, -0.9704706576482303, 0.4264679195892517], [0.9563723269017324, 0.22632993378549277, 0.18473422370860318, 0.4137322412296391], [0.0, 0.0, 0.0, 1.0]];[0.8123206942555259, 0.4264679195892517, 0.4137322412296391];[0.467827131374626, -0.4344774600545891, 0.4281814318798274, 0.6395527916033535];[0.8862452025448085, -1.274321554503719, 0.5043115401645661]
