timestamp;T_cam_map;trans_cam_map;rot_quat_cam_map;rot_eul_cam_map;T_map_cam;trans_map_cam;rot_quat_map_cam;rot_eul_map_cam
1681734516.6609976;[[0.2632901055645694, 0.12180554286829243, 0.9569962016843947, -0.6613415003530728], [-0.9507243371282041, 0.20110223441744124, 0.2359684854052535, 0.6016802450615285], [-0.16371180502314037, -0.971967746912866, 0.16875172253103735, 0.45985517617902494], [0.0, 0.0, 0.0, 1.0]];[-0.6613415003530728, 0.6016802450615285, 0.45985517617902494];[-0.4726087569586738, 0.43848044606397074, -0.41963060617316367, 0.6389726251008427];[-1.3988912827239568, 0.1644520566920261, -1.3006308211190432];[[0.2632901055645694, -0.9507243371282041, -0.16371180502314037, 0.8214404465329512], [0.12180554286829243, 0.20110223441744124, -0.971967746912866, 0.40652021828207624], [0.9569962016843947, 0.2359684854052535, 0.16875172253103735, 0.41332237463369503], [0.0, 0.0, 0.0, 1.0]];[0.8214404465329512, 0.40652021828207624, 0.41332237463369503];[0.4726087569586738, -0.43848044606397074, 0.41963060617316367, 0.6389726251008427];[0.9499779732845575, -1.2764645289040453, 0.43330613331745294]
