timestamp;T_cam_map;trans_cam_map;rot_quat_cam_map;rot_eul_cam_map;T_map_cam;trans_map_cam;rot_quat_map_cam;rot_eul_map_cam
1681734516.761002;[[0.2645193262722231, 0.10431289848381792, 0.9587222461372191, -0.6630012475494883], [-0.9489010979624235, 0.20555567800645677, 0.2394442931560773, 0.6074165743940213], [-0.17209367308008972, -0.973070235105982, 0.1533560733606355, 0.4512324246552748], [0.0, 0.0, 0.0, 1.0]];[-0.6630012475494883, 0.6074165743940213, 0.4512324246552748];[-0.475817080111972, 0.44375676850432333, -0.41330408571714966, 0.6370696739053185];[-1.4144818255566787, 0.17295465882700672, -1.2989342698911188];[[0.2645193262722231, -0.9489010979624235, -0.17209367308008972, 0.829409143054256], [0.10431289848381792, 0.20555567800645677, -0.973070235105982, 0.38338249759510257], [0.9587222461372191, 0.2394442931560773, 0.1533560733606355, 0.42099238011722984], [0.0, 0.0, 0.0, 1.0]];[0.829409143054256, 0.38338249759510257, 0.42099238011722984];[0.475817080111972, -0.44375676850432333, 0.41330408571714966, 0.6370696739053185];[1.0011521868652917, -1.2824739472252729, 0.37562524382398993]
