timestamp;T_cam_map;trans_cam_map;rot_quat_cam_map;rot_eul_cam_map;T_map_cam;trans_map_cam;rot_quat_map_cam;rot_eul_map_cam
1681734516.8609834;[[0.26036218236963427, 0.09040925046602916, 0.9612687976949486, -0.6645000131600637], [-0.9491602615079817, 0.20641821163507665, 0.23766850838820902, 0.6172965807828279], [-0.17693595441803445, -0.9742780349240905, 0.13955636387722253, 0.439320425889666], [0.0, 0.0, 0.0, 1.0]];[-0.6645000131600637, 0.6172965807828279, 0.439320425889666];[-0.4781180834420864, 0.449026632113347, -0.4101146089425832, 0.6337067061902403];[-1.4285233096772556, 0.17787241062621467, -1.3030736457524326];[[0.26036218236963427, -0.9491602615079817, -0.17693595441803445, 0.8366556365049426], [0.09040925046602916, 0.20641821163507665, -0.9742780349240905, 0.36067593310862756], [0.9612687976949486, 0.23766850838820902, 0.13955636387722253, 0.4307412099167013], [0.0, 0.0, 0.0, 1.0]];[0.8366556365049426, 0.36067593310862756, 0.4307412099167013];[0.4781180834420864, -0.449026632113347, 0.4101146089425832, 0.6337067061902403];[1.039849844687809, -1.2915694124888852, 0.3342176323961505]
