timestamp;T_cam_map;trans_cam_map;rot_quat_cam_map;rot_eul_cam_map;T_map_cam;trans_map_cam;rot_quat_map_cam;rot_eul_map_cam
1681734516.961023;[[0.25284790994786366, 0.07471539545558609, 0.964616786147179, -0.6699339709141339], [-0.9508308217813493, 0.20349818538515624, 0.23347213301709585, 0.6258237677324153], [-0.17885380282678076, -0.9762203123408486, 0.122495791713573, 0.42874388978155187], [0.0, 0.0, 0.0, 1.0]];[-0.6699339709141339, 0.6258237677324153, 0.42874388978155187];[-0.48136626721477244, 0.45501496780977435, -0.4080899705887642, 0.6282598759762145];[-1.445969080721257, 0.17982134586601856, -1.310888235007913];[[0.25284790994786366, -0.9508308217813493, -0.17885380282678076, 0.8411264068382014], [0.07471539545558609, 0.20349818538515624, -0.9762203123408486, 0.34124887445830976], [0.964616786147179, 0.23347213301709585, 0.122495791713573, 0.4475978217875791], [0.0, 0.0, 0.0, 1.0]];[0.8411264068382014, 0.34124887445830976, 0.4475978217875791];[0.48136626721477244, -0.45501496780977435, 0.4080899705887642, 0.6282598759762145];[1.087608165617712, -1.3039860296335852, 0.2873190317593196]
