timestamp;T_cam_map;trans_cam_map;rot_quat_cam_map;rot_eul_cam_map;T_map_cam;trans_map_cam;rot_quat_map_cam;rot_eul_map_cam
1681734517.0610085;[[0.24622381420676456, 0.061114133333116716, 0.9672842891437943, -0.6713385179127276], [-0.9522908054422776, 0.20093444604042618, 0.22971192886858488, 0.6313940870480822], [-0.1803220873536336, -0.9776964820952203, 0.10767327296529744, 0.42639309515796175], [0.0, 0.0, 0.0, 1.0]];[-0.6713385179127276, 0.6313940870480822, 0.42639309515796175];[-0.48415289299999054, 0.46017316275190484, -0.4063603735350271, 0.6234644202383341];[-1.4611088012894806, 0.181313896547518, -1.317778049045499];[[0.24622381420676456, -0.9522908054422776, -0.1803220873536336, 0.8434584071629581], [0.061114133333116716, 0.20093444604042618, -0.9776964820952203, 0.3310424797068001], [0.9672842891437943, 0.22971192886858488, 0.10767327296529744, 0.45842530733656556], [0.0, 0.0, 0.0, 1.0]];[0.8434584071629581, 0.3310424797068001, 0.45842530733656556];[0.48415289299999054, -0.46017316275190484, 0.4063603735350271, 0.6234644202383341];[1.1324747345839523, -1.3142981007594416, 0.2432891188366131]
