timestamp;T_cam_map;trans_cam_map;rot_quat_cam_map;rot_eul_cam_map;T_map_cam;trans_map_cam;rot_quat_map_cam;rot_eul_map_cam
1681734517.1609726;[[0.23845767405074975, 0.033858726397310135, 0.9705624783253566, -0.6773934241198151], [-0.9543558338885255, 0.1932405886050259, 0.2277345323804016, 0.6429441806044921], [-0.17984126336645717, -0.9805670102355755, 0.07839297435626058, 0.4119021982251343], [0.0, 0.0, 0.0, 1.0]];[-0.6773934241198151, 0.6429441806044921, 0.4119021982251343];[-0.4916360724889558, 0.4680785030841556, -0.4020866547463634, 0.6144288479986996];[-1.4910194262280878, 0.1808250812366659, -1.325947139281678];[[0.23845767405074975, -0.9543558338885255, -0.17984126336645717, 0.849204201669688], [0.033858726397310135, 0.1932405886050259, -0.9805670102355755, 0.302590473733503], [0.9705624783253566, 0.2277345323804016, 0.07839297435626058, 0.47874180973561237], [0.0, 0.0, 0.0, 1.0]];[0.849204201669688, 0.302590473733503, 0.47874180973561237];[0.4916360724889558, -0.4680785030841556, 0.4020866547463634, 0.6144288479986996];[1.239271367038622, -1.3275553178215815, 0.14104765009399045]
