timestamp;T_cam_map;trans_cam_map;rot_quat_cam_map;rot_eul_cam_map;T_map_cam;trans_map_cam;rot_quat_map_cam;rot_eul_map_cam
1681734517.2609851;[[0.23264210706441815, 0.009119944053035733, 0.9725196536014566, -0.6812467669870362], [-0.9550153802853708, 0.19123334632651665, 0.22666148916644624, 0.6515677619200888], [-0.18391104762633564, -0.9815022332492331, 0.05319861546837168, 0.40652917344113937], [0.0, 0.0, 0.0, 1.0]];[-0.6812467669870362, 0.6515677619200888, 0.40652917344113937];[-0.4970437971822831, 0.4757606078149302, -0.3966494554633339, 0.6076746804128231];[-1.5166480934347994, 0.18496389818585082, -1.3318498480443417];[[0.23264210706441815, -0.9550153802853708, -0.18391104762633564, 0.8555091234127168], [0.009119944053035733, 0.19123334632651665, -0.9815022332492331, 0.2806207405442188], [0.9725196536014566, 0.22666148916644624, 0.05319861546837168, 0.49321376146311907], [0.0, 0.0, 0.0, 1.0]];[0.8555091234127168, 0.2806207405442188, 0.49321376146311907];[0.4970437971822831, -0.4757606078149302, 0.3966494554633339, 0.6076746804128231];[1.3402638178049866, -1.3358191426934791, 0.039181542547952135]
