timestamp;T_cam_map;trans_cam_map;rot_quat_cam_map;rot_eul_cam_map;T_map_cam;trans_map_cam;rot_quat_map_cam;rot_eul_map_cam
1681734517.3610013;[[0.23852016068633392, -0.013001963580327958, 0.9710505042937887, -0.6861501615814277], [-0.9518650300263243, 0.19508632043240598, 0.2364197373171909, 0.6600984450203956], [-0.1925125906509763, -0.9806998911610018, 0.03415590604345303, 0.40462794833963966], [0.0, 0.0, 0.0, 1.0]];[-0.6861501615814277, 0.6600984450203956, 0.40462794833963966];[-0.5023141283625405, 0.4802109572111562, -0.3874756201765195, 0.6057562189450046];[-1.5359823066569607, 0.19372199236397614, -1.3252700553398211];[[0.23852016068633392, -0.9518650300263243, -0.1925125906509763, 0.8698812475696788], [-0.013001963580327958, 0.19508632043240598, -0.9806998911610018, 0.2591211087236845], [0.9710505042937887, 0.2364197373171909, 0.03415590604345303, 0.4964057252636583], [0.0, 0.0, 0.0, 1.0]];[0.8698812475696788, 0.2591211087236845, 0.4964057252636583];[0.5023141283625405, -0.4802109572111562, 0.3874756201765195, 0.6057562189450046];[1.4273175942896028, -1.3295899295735403, -0.05445706663819879]
