timestamp;T_cam_map;trans_cam_map;rot_quat_cam_map;rot_eul_cam_map;T_map_cam;trans_map_cam;rot_quat_map_cam;rot_eul_map_cam
1681734463.6853266;[[-0.21803329527099466, -0.049131070287851575, 0.974703862763271, 0.004722346213515687], [-0.971595261898643, 0.10507655518643366, -0.21204142191152114, 0.10734501353090989], [-0.09200070222220391, -0.9932497447684154, -0.07064570268670842, 0.14777131002744007], [0.0, 0.0, 0.0, 1.0]];[0.004722346213515687, 0.10734501353090989, 0.14777131002744007];[-0.4323007784602291, 0.5902871235983673, -0.5104681766275574, 0.4517736040398804];[-1.6418025706146173, 0.09213098336232785, -1.7915467785070038];[[-0.21803329527099466, -0.971595261898643, -0.09200070222220391, 0.11892059953224059], [-0.049131070287851575, 0.10507655518643366, -0.9932497447684154, 0.13572638565431994], [0.974703862763271, -0.21204142191152114, -0.07064570268670842, 0.02859810824241032], [0.0, 0.0, 0.0, 1.0]];[0.11892059953224059, 0.13572638565431994, 0.02859810824241032];[0.4323007784602291, -0.5902871235983673, 0.5104681766275574, 0.4517736040398804];[-1.8923992888272632, -1.3453921935206397, -2.9199570293466035]
