timestamp;T_cam_map;trans_cam_map;rot_quat_cam_map;rot_eul_cam_map;T_map_cam;trans_map_cam;rot_quat_map_cam;rot_eul_map_cam
1681734517.4609942;[[0.24269048764920423, -0.03195031533839654, 0.9695774876482892, -0.6904743341883602], [-0.9493808856527838, 0.19765491444719754, 0.24414845637850546, 0.6663000156403608], [-0.19944237554172733, -0.9797508418698337, 0.01763594890059944, 0.4000170967467792], [0.0, 0.0, 0.0, 1.0]];[-0.6904743341883602, 0.6663000156403608, 0.4000170967467792];[-0.5068036168728, 0.484078629433637, -0.37989819254775276, 0.603734492760891];[-1.552797827848989, 0.20078883073426457, -1.3205256506240661];[[0.24269048764920423, -0.9493808856527838, -0.19944237554172733, 0.8799244118650248], [-0.03195031533839654, 0.19765491444719754, -0.9797508418698337, 0.23815874200203435], [0.9695774876482892, 0.24414845637850546, 0.01763594890059944, 0.49973756884681514], [0.0, 0.0, 0.0, 1.0]];[0.8799244118650248, 0.23815874200203435, 0.49973756884681514];[0.5068036168728, -0.484078629433637, 0.37989819254775276, 0.603734492760891];[1.498687041087278, -1.323498809548853, -0.13089769508358623]
