timestamp;T_cam_map;trans_cam_map;rot_quat_cam_map;rot_eul_cam_map;T_map_cam;trans_map_cam;rot_quat_map_cam;rot_eul_map_cam
1681734517.5609894;[[0.24244508784203123, -0.047356946869340055, 0.9690086165584311, -0.697322464905224], [-0.9478127505660485, 0.20160513419559745, 0.24699465526686354, 0.6744702342597275], [-0.2070540249444366, -0.9783213630751348, 0.00399265639881663, 0.3983600515534077], [0.0, 0.0, 0.0, 1.0]];[-0.697322464905224, 0.6744702342597275, 0.3983600515534077];[-0.5091284948928946, 0.4886633273417265, -0.37414650685299333, 0.6016732664903031];[-1.5667152197241423, 0.20856276518205333, -1.3203716947266448];[[0.24244508784203123, -0.9478127505660485, -0.2070540249444366, 0.8908159462180143], [-0.047356946869340055, 0.20160513419559745, -0.9783213630751348, 0.22072442362022823], [0.9690086165584311, 0.24699465526686354, 0.00399265639881663, 0.5075304192053165], [0.0, 0.0, 0.0, 1.0]];[0.8908159462180143, 0.22072442362022823, 0.5075304192053165];[0.5091284948928946, -0.4886633273417265, 0.37414650685299333, 0.6016732664903031];[1.5546327839799503, -1.3211854402175707, -0.19290175662144182]
