timestamp;T_cam_map;trans_cam_map;rot_quat_cam_map;rot_eul_cam_map;T_map_cam;trans_map_cam;rot_quat_map_cam;rot_eul_map_cam
1681734517.660991;[[0.24142144663067525, -0.06119269501325747, 0.9684891012209516, -0.706294067176928], [-0.9462019733942428, 0.20672889146586967, 0.2489276822254468, 0.681893254425177], [-0.2154472340309626, -0.9764827799353694, -0.007991860740810097, 0.39455404781837566], [0.0, 0.0, 0.0, 1.0]];[-0.706294067176928, 0.681893254425177, 0.39455404781837566];[-0.5105595988485615, 0.4932796634709374, -0.36873357629955705, 0.6000330152074416];[-1.5789804775774312, 0.2171497964189414, -1.3209784805532023];[[0.24142144663067525, -0.9462019733942428, -0.2154472340309626, 0.9007288567040317], [-0.06119269501325747, 0.20672889146586967, -0.9764827799353694, 0.20108815942063818], [0.9684891012209516, 0.2489276822254468, -0.007991860740810097, 0.5174492199735348], [0.0, 0.0, 0.0, 1.0]];[0.9007288567040317, 0.20108815942063818, 0.5174492199735348];[0.5105595988485615, -0.4932796634709374, 0.36873357629955705, 0.6000330152074416];[1.602890453574672, -1.3190909709807543, -0.24824031638516805]
