timestamp;T_cam_map;trans_cam_map;rot_quat_cam_map;rot_eul_cam_map;T_map_cam;trans_map_cam;rot_quat_map_cam;rot_eul_map_cam
1681734517.7609892;[[0.23971920207744665, -0.07415862597233053, 0.9680057863201277, -0.7079147477454072], [-0.9451381193303419, 0.21009117623970272, 0.25015122037464227, 0.6886737896762973], [-0.22192034504311908, -0.9748652193304028, -0.019727255151916923, 0.39100792442393806], [0.0, 0.0, 0.0, 1.0]];[-0.7079147477454072, 0.6886737896762973, 0.39100792442393806];[-0.5121902188127135, 0.49751865023187164, -0.3641642371687993, 0.5979304146732363];[-1.5910294448836586, 0.22378348434419795, -1.3224003235990294];[[0.23971920207744665, -0.9451381193303419, -0.22192034504311908, 0.9073652223778955], [-0.07415862597233053, 0.21009117623970272, -0.9748652193304028, 0.18399775448657268], [0.9680057863201277, 0.25015122037464227, -0.019727255151916923, 0.5207064962028849], [0.0, 0.0, 0.0, 1.0]];[0.9073652223778955, 0.18399775448657268, 0.5207064962028849];[0.5121902188127135, -0.49751865023187164, 0.3641642371687993, 0.5979304146732363];[1.6494947706387868, -1.3171576493884714, -0.3000182253015785]
