timestamp;T_cam_map;trans_cam_map;rot_quat_cam_map;rot_eul_cam_map;T_map_cam;trans_map_cam;rot_quat_map_cam;rot_eul_map_cam
1681734517.8610272;[[0.23840168883301777, -0.08252567858527937, 0.96765393976132, -0.7143624528301034], [-0.9453821456785857, 0.20835137912022855, 0.2506836680975697, 0.693770247055524], [-0.22229987268039236, -0.9745661676832098, -0.028346982441581736, 0.3956877269443416], [0.0, 0.0, 0.0, 1.0]];[-0.7143624528301034, 0.693770247055524, 0.3956877269443416];[-0.5143921879641962, 0.49957398669486214, -0.36224989634407495, 0.5954842746688751];[-1.5998748985818725, 0.22417273484307856, -1.3237717082354712];[[0.23840168883301777, -0.9453821456785857, -0.22229987268039236, 0.9141445512838289], [-0.08252567858527937, 0.20835137912022855, -0.9745661676832098, 0.1821226377051784], [0.96765393976132, 0.2506836680975697, -0.028346982441581736, 0.5285553245978146], [0.0, 0.0, 0.0, 1.0]];[0.9141445512838289, 0.1821226377051784, 0.5285553245978146];[0.5143921879641962, -0.49957398669486214, 0.36224989634407495, 0.5954842746688751];[1.6833967164076045, -1.315759238858231, -0.333251856564457]
