timestamp;T_cam_map;trans_cam_map;rot_quat_cam_map;rot_eul_cam_map;T_map_cam;trans_map_cam;rot_quat_map_cam;rot_eul_map_cam
1681734517.9610164;[[0.23827757909263864, -0.09045747217370143, 0.9669753052843159, -0.7184333849804725], [-0.9455676024664017, 0.20561688726234556, 0.2522371995532879, 0.7001272081086959], [-0.2216431917918812, -0.9744429903285714, -0.036539760971022295, 0.38530297514671885], [0.0, 0.0, 0.0, 1.0]];[-0.7184333849804725, 0.7001272081086959, 0.38530297514671885];[-0.5170107476642327, 0.5009688286562173, -0.36040455486647005, 0.5931599079051032];[-1.6082768664367546, 0.22349925267948723, -1.3239416246116782];[[0.23827757909263864, -0.9455676024664017, -0.2216431917918812, 0.9186039545237386], [-0.09045747217370143, 0.20561688726234556, -0.9744429903285714, 0.1665101381349483], [0.9669753052843159, 0.2522371995532879, -0.036539760971022295, 0.5321880940768223], [0.0, 0.0, 0.0, 1.0]];[0.9186039545237386, 0.1665101381349483, 0.5321880940768223];[0.5170107476642327, -0.5009688286562173, 0.36040455486647005, 0.5931599079051032];[1.7146582700776438, -1.313082980450143, -0.36282422461491787]
