timestamp;T_cam_map;trans_cam_map;rot_quat_cam_map;rot_eul_cam_map;T_map_cam;trans_map_cam;rot_quat_map_cam;rot_eul_map_cam
1681734518.0610178;[[0.24384179192648564, -0.1012635315749486, 0.9645138037804593, -0.7359245027757977], [-0.9433032402304307, 0.20618682668162042, 0.26012687187934697, 0.7033509237371088], [-0.22521140619615876, -0.973258798920376, -0.04524525216214342, 0.37850118148307577], [0.0, 0.0, 0.0, 1.0]];[-0.7359245027757977, 0.7033509237371088, 0.37850118148307577];[-0.5203124583860667, 0.5018939845518371, -0.3552203996217527, 0.5926177871204094];[-1.6172512883669394, 0.2271600111799571, -1.3178358838499524];[[0.24384179192648564, -0.9433032402304307, -0.22521140619615876, 0.928165138188451], [-0.1012635315749486, 0.20618682668162042, -0.973258798920376, 0.14883559614760555], [0.9645138037804593, 0.26012687187934697, -0.04524525216214342, 0.5439742472422157], [0.0, 0.0, 0.0, 1.0]];[0.928165138188451, 0.14883559614760555, 0.5439742472422157];[0.5203124583860667, -0.5018939845518371, 0.3552203996217527, 0.5926177871204094];[1.7430087692209804, -1.3035957145480754, -0.3936121905921853]
