timestamp;T_cam_map;trans_cam_map;rot_quat_cam_map;rot_eul_cam_map;T_map_cam;trans_map_cam;rot_quat_map_cam;rot_eul_map_cam
1681734518.1609879;[[0.24376164480784773, -0.11498505555996807, 0.9629946508254569, -0.7323477442644183], [-0.9424266412256843, 0.20630899438262046, 0.2631893325059112, 0.7071286240310027], [-0.22893729802862584, -0.9717072788832566, -0.05807475989316885, 0.3847735827377028], [0.0, 0.0, 0.0, 1.0]];[-0.7323477442644183, 0.7071286240310027, 0.3847735827377028];[-0.5233372264416121, 0.5051292184847215, -0.35066173191423494, 0.5899143749937994];[-1.6304910131318273, 0.2309858463214022, -1.3176902242419526];[[0.24376164480784773, -0.9424266412256843, -0.22893729802862584, 0.9330241691580533], [-0.11498505555996807, 0.20630899438262046, -0.9717072788832566, 0.1437912496817511], [0.9629946508254569, 0.2631893325059112, -0.05807475989316885, 0.5414838831469081], [0.0, 0.0, 0.0, 1.0]];[0.9330241691580533, 0.1437912496817511, 0.5414838831469081];[0.5233372264416121, -0.5051292184847215, 0.35066173191423494, 0.5899143749937994];[1.7879739078026866, -1.2979012510356356, -0.4407614103063375]
