timestamp;T_cam_map;trans_cam_map;rot_quat_cam_map;rot_eul_cam_map;T_map_cam;trans_map_cam;rot_quat_map_cam;rot_eul_map_cam
1681734518.2609966;[[0.2405379395726478, -0.1250977626321948, 0.9625445700904267, -0.7454459548772395], [-0.9428207533889257, 0.20560139432116475, 0.2623301233795535, 0.7096557295003801], [-0.23071741721266753, -0.9706073441086319, -0.06848983104887846, 0.377014779005133], [0.0, 0.0, 0.0, 1.0]];[-0.7454459548772395, 0.7096557295003801, 0.377014779005133];[-0.5252205194726216, 0.5083191137950146, -0.34834280352022107, 0.5868665740278907];[-1.6412434479578635, 0.23281492771728612, -1.3209991895835276];[[0.2405379395726478, -0.9428207533889257, -0.23071741721266753, 0.9353700596463216], [-0.1250977626321948, 0.20560139432116475, -0.9706073441086319, 0.12677348474823075], [0.9625445700904267, 0.2623301233795535, -0.06848983104887846, 0.5571825596031105], [0.0, 0.0, 0.0, 1.0]];[0.9353700596463216, 0.12677348474823075, 0.5571825596031105];[0.5252205194726216, -0.5083191137950146, 0.34834280352022107, 0.5868665740278907];[1.8261781692711718, -1.2962362713830262, -0.4795783061181312]
