timestamp;T_cam_map;trans_cam_map;rot_quat_cam_map;rot_eul_cam_map;T_map_cam;trans_map_cam;rot_quat_map_cam;rot_eul_map_cam
1681734518.3609934;[[0.2371510707526298, -0.1389250272245076, 0.961488016800808, -0.7433517743534455], [-0.9428944304969472, 0.20537836882517918, 0.26224000182379936, 0.7155951817210442], [-0.23390053992823273, -0.9687721932577227, -0.08228593435030529, 0.3808168221512852], [0.0, 0.0, 0.0, 1.0]];[-0.7433517743534455, 0.7155951817210442, 0.3808168221512852];[-0.5277448806662544, 0.5124727388902884, -0.344668183211, 0.5831473881506082];[-1.6555313165196173, 0.23608758533173008, -1.324393309727562];[[0.2371510707526298, -0.9428944304969472, -0.23390053992823273, 0.9400906408839499], [-0.1389250272245076, 0.20537836882517918, -0.9687721932577227, 0.11868681137447246], [0.961488016800808, 0.26224000182379936, -0.08228593435030529, 0.5584020095758601], [0.0, 0.0, 0.0, 1.0]];[0.9400906408839499, 0.11868681137447246, 0.5584020095758601];[0.5277448806662544, -0.5124727388902884, 0.344668183211, 0.5831473881506082];[1.8748478162700755, -1.2923659074795046, -0.5299189461084786]
