timestamp;T_cam_map;trans_cam_map;rot_quat_cam_map;rot_eul_cam_map;T_map_cam;trans_map_cam;rot_quat_map_cam;rot_eul_map_cam
1681734463.7853572;[[-0.21983368909976422, -0.04626657733412842, 0.9744396097032251, 0.000749900912667998], [-0.9707785457950038, 0.10891758893905978, -0.21383632489322307, 0.10403556513670842], [-0.09624013799307557, -0.9929734954375606, -0.06885835604766247, 0.14035276581885858], [0.0, 0.0, 0.0, 1.0]];[0.000749900912667998, 0.10403556513670842, 0.14035276581885858];[-0.43014738114070805, 0.5911027055610738, -0.5104061481097778, 0.4528315204884795];[-1.6400311030118782, 0.09638932597116004, -1.793491340230585];[[-0.21983368909976422, -0.9707785457950038, -0.09624013799307557, 0.11466791766858303], [-0.04626657733412842, 0.10891758893905978, -0.9929734954375606, 0.12806996889944747], [0.9744396097032251, -0.21383632489322307, -0.06885835604766247, 0.031180310475396097], [0.0, 0.0, 0.0, 1.0]];[0.11466791766858303, 0.12806996889944747, 0.031180310475396097];[0.43014738114070805, -0.5911027055610738, 0.5104061481097778, 0.4528315204884795];[-1.8823254034399606, -1.3442128870905845, -2.9341582778742974]
