timestamp;T_cam_map;trans_cam_map;rot_quat_cam_map;rot_eul_cam_map;T_map_cam;trans_map_cam;rot_quat_map_cam;rot_eul_map_cam
1681734518.461034;[[0.23608772382774285, -0.16375166027901766, 0.9578350486454863, -0.7537540374298202], [-0.9424691553228166, 0.20148930556178163, 0.2667469793818254, 0.7173726320206297], [-0.23667377954250113, -0.9657056764356813, -0.10676173742016093, 0.37055037984207717], [0.0, 0.0, 0.0, 1.0]];[-0.7537540374298202, 0.7173726320206297, 0.37055037984207717];[-0.5341722932926516, 0.5177265975286087, -0.33751341943332963, 0.5768048396055124];[-1.6809022889364036, 0.23894093117249718, -1.3253479291203336];[[0.23608772382774285, -0.9424691553228166, -0.23667377954250113, 0.9417532124831001], [-0.16375166027901766, 0.20148930556178163, -0.9657056764356813, 0.08987121669288167], [0.9578350486454863, 0.2667469793818254, -0.10676173742016093, 0.5701756547792716], [0.0, 0.0, 0.0, 1.0]];[0.9417532124831001, 0.08987121669288167, 0.5701756547792716];[0.5341722932926516, -0.5177265975286087, 0.33751341943332963, 0.5768048396055124];[1.9515061142352068, -1.2793700314794072, -0.6064212101867079]
