timestamp;T_cam_map;trans_cam_map;rot_quat_cam_map;rot_eul_cam_map;T_map_cam;trans_map_cam;rot_quat_map_cam;rot_eul_map_cam
1681734518.5610137;[[0.23462648057715363, -0.18362776432691252, 0.9545843382228092, -0.7559194379334045], [-0.942966916152821, 0.19555764281980315, 0.26938931563074453, 0.7232958643104425], [-0.23614362081838497, -0.9633473166532733, -0.12727190516261122, 0.36238550123746305], [0.0, 0.0, 0.0, 1.0]];[-0.7559194379334045, 0.7232958643104425, 0.36238550123746305];[-0.5399862829091036, 0.5215848606423649, -0.33261989246000906, 0.570725901426058];[-1.702149875910959, 0.23839530598937042, -1.3269311039574834];[[0.23462648057715363, -0.942966916152821, -0.23614362081838497, 0.9449778123513819], [-0.18362776432691252, 0.19555764281980315, -0.9633473166532733, 0.06884926952633175], [0.9545843382228092, 0.26938931563074453, -0.12727190516261122, 0.5728621716700787], [0.0, 0.0, 0.0, 1.0]];[0.9449778123513819, 0.06884926952633175, 0.5728621716700787];[0.5399862829091036, -0.5215848606423649, 0.33261989246000906, 0.570725901426058];[2.0121587684630184, -1.2682615336167629, -0.66406477171532]
