timestamp;T_cam_map;trans_cam_map;rot_quat_cam_map;rot_eul_cam_map;T_map_cam;trans_map_cam;rot_quat_map_cam;rot_eul_map_cam
1681734518.6609712;[[0.23385568940258822, -0.19481508341733217, 0.9525537254176994, -0.7494742916456846], [-0.9439613308165207, 0.1892039688508947, 0.27044197916405815, 0.7318132931550441], [-0.23291312212312842, -0.9624182778003374, -0.1396514808324244, 0.3611464919166334], [0.0, 0.0, 0.0, 1.0]];[-0.7494742916456846, 0.7318132931550441, 0.3611464919166334];[-0.5441284777936455, 0.5232111811402571, -0.33063910117910017, 0.5664380322288263];[-1.7148953575003594, 0.2350721194673695, -1.3279471392256024];[[0.23385568940258822, -0.9439613308165207, -0.23291312212312842, 0.950188034254293], [-0.19481508341733217, 0.1892039688508947, -0.9624182778003374, 0.06310310861516227], [0.9525537254176994, 0.27044197916405815, -0.1396514808324244, 0.5664361356260647], [0.0, 0.0, 0.0, 1.0]];[0.950188034254293, 0.06310310861516227, 0.5664361356260647];[0.5441284777936455, -0.5232111811402571, 0.33063910117910017, 0.5664380322288263];[2.0474638041076694, -1.261518824325402, -0.6945750821253479]
