timestamp;T_cam_map;trans_cam_map;rot_quat_cam_map;rot_eul_cam_map;T_map_cam;trans_map_cam;rot_quat_map_cam;rot_eul_map_cam
1681734518.7609754;[[0.2333826492377583, -0.2078929037047113, 0.9499016157602795, -0.751146462206632], [-0.9449162755361618, 0.1820636870088339, 0.27200376118652914, 0.738013883904688], [-0.22949024219263553, -0.9610584552783319, -0.1539508826749379, 0.35406411190852327], [0.0, 0.0, 0.0, 1.0]];[-0.751146462206632, 0.738013883904688, 0.35406411190852327];[-0.5489239120551824, 0.5250314086904739, -0.32810165386601986, 0.5615815732312748];[-1.729635754102682, 0.23155391468485037, -1.3286548210459037];[[0.2333826492377583, -0.9449162755361618, -0.22949024219263553, 0.953920140582156], [-0.2078929037047113, 0.1820636870088339, -0.9610584552783319, 0.04975276055724481], [0.9499016157602795, 0.27200376118652914, -0.1539508826749379, 0.567281168444579], [0.0, 0.0, 0.0, 1.0]];[0.953920140582156, 0.04975276055724481, 0.567281168444579];[0.5489239120551824, -0.5250314086904739, 0.32810165386601986, 0.5615815732312748];[2.085831525524323, -1.2529209666413195, -0.7276984974506541]
