timestamp;T_cam_map;trans_cam_map;rot_quat_cam_map;rot_eul_cam_map;T_map_cam;trans_map_cam;rot_quat_map_cam;rot_eul_map_cam
1681734518.8610284;[[0.22633583693413645, -0.20926005344416337, 0.9513055865240518, -0.7602552002782852], [-0.9487950892617301, 0.17358749914541943, 0.26392282723035776, 0.741360109122699], [-0.22036326261913586, -0.9623292628684765, -0.15925583918608716, 0.3457361772309814], [0.0, 0.0, 0.0, 1.0]];[-0.7602552002782852, 0.741360109122699, 0.3457361772309814];[-0.5504553063089692, 0.5259533014910569, -0.331971694853024, 0.5569262735976525];[-1.734799890475471, 0.22218687227064443, -1.3366220589848987];[[0.22633583693413645, -0.9487950892617301, -0.22036326261913586, 0.9516593799687592], [-0.20926005344416337, 0.17358749914541943, -0.9623292628684765, 0.04493014943143353], [0.9513055865240518, 0.26392282723035776, -0.15925583918608716, 0.5826336682551352], [0.0, 0.0, 0.0, 1.0]];[0.9516593799687592, 0.04493014943143353, 0.5826336682551352];[0.5504553063089692, -0.5259533014910569, 0.331971694853024, 0.5569262735976525];[2.1137254247129453, -1.2574440719105244, -0.7462172504364996]
