timestamp;T_cam_map;trans_cam_map;rot_quat_cam_map;rot_eul_cam_map;T_map_cam;trans_map_cam;rot_quat_map_cam;rot_eul_map_cam
1681734518.9609647;[[0.19951473872340714, -0.2195485355591842, 0.954982884436129, -0.7596334569292175], [-0.9575419929592639, 0.16329224736417508, 0.23758992754399033, 0.7484165369021044], [-0.20810382204979355, -0.9618389067222095, -0.17764773222220775, 0.3373956665161463], [0.0, 0.0, 0.0, 1.0]];[-0.7596334569292175, 0.7484165369021044, 0.3373956665161463];[-0.550878894036938, 0.5341875234557093, -0.3389488463213182, 0.5443250990596922];[-1.753434070295101, 0.20963593789925536, -1.3653740901219023];[[0.19951473872340714, -0.9575419929592639, -0.20810382204979355, 0.9384116607387504], [-0.2195485355591842, 0.16329224736417508, -0.9618389067222095, 0.03553324770887317], [0.954982884436129, 0.23758992754399033, -0.17764773222220775, 0.6075582940553504], [0.0, 0.0, 0.0, 1.0]];[0.9384116607387504, 0.03553324770887317, 0.6075582940553504];[0.550878894036938, -0.5341875234557093, 0.3389488463213182, 0.5443250990596922];[2.2128285163499286, -1.2696020818498208, -0.8331679323856214]
