timestamp;T_cam_map;trans_cam_map;rot_quat_cam_map;rot_eul_cam_map;T_map_cam;trans_map_cam;rot_quat_map_cam;rot_eul_map_cam
1681734519.0609758;[[0.18683704813214363, -0.22620173527270698, 0.955994085967525, -0.7573089784718029], [-0.961367829471018, 0.15814258871900155, 0.2253060542715994, 0.7530661793654119], [-0.20214799999864252, -0.9611574775201353, -0.18791617680146616, 0.3350964060299084], [0.0, 0.0, 0.0, 1.0]];[-0.7573089784718029, 0.7530661793654119, 0.3350964060299084];[-0.5515003708554075, 0.5383357960855668, -0.34172510382886295, 0.5378344215578059];[-1.7638711537528156, 0.2035507066118543, -1.3788441155467064];[[0.18683704813214363, -0.961367829471018, -0.20214799999864252, 0.9332060406518777], [-0.22620173527270698, 0.15814258871900155, -0.9611574775201353, 0.03168397619627278], [0.955994085967525, 0.2253060542715994, -0.18791617680146616, 0.6172825706719937], [0.0, 0.0, 0.0, 1.0]];[0.9332060406518777, 0.03168397619627278, 0.6172825706719937];[0.5515003708554075, -0.5383357960855668, 0.34172510382886295, 0.5378344215578059];[2.265956520654331, -1.2730296081980772, -0.8804162348053599]
