timestamp;T_cam_map;trans_cam_map;rot_quat_cam_map;rot_eul_cam_map;T_map_cam;trans_map_cam;rot_quat_map_cam;rot_eul_map_cam
1681734519.160965;[[0.16843951766706033, -0.23578200532539928, 0.9570971606126629, -0.74549718441106], [-0.9675325248231447, 0.1460724199888087, 0.2062611488573743, 0.7615367081965163], [-0.18843816571342165, -0.9607651607356225, -0.2035223909529726, 0.34145415821902725], [0.0, 0.0, 0.0, 1.0]];[-0.74549718441106, 0.7615367081965163, 0.34145415821902725];[-0.5535994690729085, 0.54340484292899, -0.34711873739080934, 0.5270174443751594];[-1.779544073432943, 0.18957157827956841, -1.3984319699007783];[[0.16843951766706033, -0.9675325248231447, -0.18843816571342165, 0.9267257154412466], [-0.23578200532539928, 0.1460724199888087, -0.9607651607356225, 0.04104292822369521], [0.9570971606126629, 0.2062611488573743, -0.2035223909529726, 0.6259313687964551], [0.0, 0.0, 0.0, 1.0]];[0.9267257154412466, 0.04104292822369521, 0.6259313687964551];[0.5535994690729085, -0.54340484292899, 0.34711873739080934, 0.5270174443751594];[2.349511163848107, -1.2768127426010962, -0.9504800060792273]
