timestamp;T_cam_map;trans_cam_map;rot_quat_cam_map;rot_eul_cam_map;T_map_cam;trans_map_cam;rot_quat_map_cam;rot_eul_map_cam
1681734519.260969;[[0.15922986520645704, -0.23570879280275953, 0.958690364519118, -0.7305077660753343], [-0.9701739045578575, 0.14242789425378527, 0.19615526975687936, 0.7633452118657681], [-0.18277977169614545, -0.9613301513704324, -0.20599974544840238, 0.3415395079642819], [0.0, 0.0, 0.0, 1.0]];[-0.7305077660753343, 0.7633452118657681, 0.3415395079642819];[-0.5529018259151155, 0.5452517250077553, -0.35083560790324414, 0.5233684204295862];[-1.7818900849893884, 0.18381311474407536, -1.408121563600055];[[0.15922986520645704, -0.9701739045578575, -0.18277977169614545, 0.9193227711367283], [-0.23570879280275953, 0.14242789425378527, -0.9613301513704324, 0.04742347210087744], [0.958690364519118, 0.19615526975687936, -0.20599974544840238, 0.6209536222928719], [0.0, 0.0, 0.0, 1.0]];[0.9193227711367283, 0.04742347210087744, 0.6209536222928719];[0.5529018259151155, -0.5452517250077553, 0.35083560790324414, 0.5233684204295862];[2.380668908356013, -1.2823618451038237, -0.9766782622723521]
