timestamp;T_cam_map;trans_cam_map;rot_quat_cam_map;rot_eul_cam_map;T_map_cam;trans_map_cam;rot_quat_map_cam;rot_eul_map_cam
1681734519.361042;[[0.147047571685433, -0.22882522391282167, 0.9622972662138578, -0.717857020923232], [-0.9728784633273295, 0.14216855235941703, 0.18247081496469925, 0.7669408592817182], [-0.17856233436890112, -0.9630301758622493, -0.2017135918163525, 0.34086880347452375], [0.0, 0.0, 0.0, 1.0]];[-0.717857020923232, 0.7669408592817182, 0.34086880347452375];[-0.5492250474856297, 0.5469996737865428, -0.3567458073120123, 0.5214169474203197];[-1.777268578453184, 0.17952510862205867, -1.420784897835676];[[0.147047571685433, -0.9728784633273295, -0.17856233436890112, 0.9125657056469856], [-0.22882522391282167, 0.14216855235941703, -0.9630301758622493, 0.054968278496505985], [0.9622972662138578, 0.18247081496469925, -0.2017135918163525, 0.6196053958309774], [0.0, 0.0, 0.0, 1.0]];[0.9125657056469856, 0.054968278496505985, 0.6196053958309774];[0.5492250474856297, -0.5469996737865428, 0.3567458073120123, 0.5214169474203197];[2.4062400125233596, -1.2953255986362886, -0.9996269527176463]
