timestamp;T_cam_map;trans_cam_map;rot_quat_cam_map;rot_eul_cam_map;T_map_cam;trans_map_cam;rot_quat_map_cam;rot_eul_map_cam
1681734463.8852756;[[-0.22848195195420076, -0.05149420490935391, 0.9721853447218549, 0.005013539868548809], [-0.9683807648006031, 0.11477206533881165, -0.22150861694765484, 0.10546736924492726], [-0.10017330979556172, -0.9920563088245633, -0.07608934305134593, 0.14519974082007997], [0.0, 0.0, 0.0, 1.0]];[0.005013539868548809, 0.10546736924492726, 0.14519974082007997];[-0.4280290077081031, 0.595680988521616, -0.5093183050814204, 0.4500557660816227];[-1.647345070837932, 0.10034160558538806, -1.8025010522641325];[[-0.22848195195420076, -0.9683807648006031, -0.10017330979556172, 0.11782321368568163], [-0.05149420490935391, 0.11477206533881165, -0.9920563088245633, 0.1321997793754727], [0.9721853447218549, -0.22150861694765484, -0.07608934305134593, 0.029535993999395143], [0.0, 0.0, 0.0, 1.0]];[0.11782321368568163, 0.1321997793754727, 0.029535993999395143];[0.4280290077081031, -0.595680988521616, 0.5093183050814204, 0.4500557660816227];[-1.90167338114791, -1.3343875163839456, -2.9199209555348062]
