timestamp;T_cam_map;trans_cam_map;rot_quat_cam_map;rot_eul_cam_map;T_map_cam;trans_map_cam;rot_quat_map_cam;rot_eul_map_cam
1681734458.485303;[[-5.370785116920462e-06, 4.619031655106465e-06, 0.9999999999749098, -0.0009553538628222041], [-0.9999999998119986, 1.8632143437447013e-05, -5.37087117846724e-06, -0.019751366903970672], [-1.8632168245213965e-05, -0.999999999815754, 4.61893158490434e-06, 7.193454283631266e-05], [0.0, 0.0, 0.0, 1.0]];[-0.0009553538628222041, -0.019751366903970672, 7.193454283631266e-05];[-0.4999928444837638, 0.5000048459757589, -0.4999978393886479, 0.500004470052495];[-1.5707917078633111, 1.8632168246292014e-05, -1.5708016975800148];[[-5.370785116920462e-06, -0.9999999998119986, -1.8632168245213965e-05, -0.01975137069096119], [4.619031655106465e-06, 1.8632143437447013e-05, -0.999999999815754, 7.230696593403269e-05], [0.9999999999749098, -5.37087117846724e-06, 4.61893158490434e-06, 0.0009552474484902608], [0.0, 0.0, 0.0, 1.0]];[-0.01975137069096119, 7.230696593403269e-05, 0.0009552474484902608];[0.4999928444837638, -0.5000048459757589, 0.4999978393886479, 0.500004470052495];[-0.8605272061142498, -1.5707892429891146, 2.431304900747157]
