timestamp;T_cam_map;trans_cam_map;rot_quat_cam_map;rot_eul_cam_map;T_map_cam;trans_map_cam;rot_quat_map_cam;rot_eul_map_cam
1681734519.4609601;[[0.1344401176158646, -0.22298128283891128, 0.9655077432516771, -0.7076825750786057], [-0.9749248607998386, 0.1446050895318779, 0.16914752104566388, 0.7718805113463195], [-0.17733406488841397, -0.9640377148146184, -0.1979492708881767, 0.3425873268523818], [0.0, 0.0, 0.0, 1.0]];[-0.7076825750786057, 0.7718805113463195, 0.3425873268523818];[-0.5449275866966555, 0.5495712517054069, -0.36159560352833425, 0.5198788167110597];[-1.773314985193013, 0.17827691774795834, -1.433762641670709];[[0.1344401176158646, -0.9749248607998386, -0.17733406488841397, 0.9084188319566735], [-0.22298128283891128, 0.1446050895318779, -0.9640377148146184, 0.06084928481830104], [0.9655077432516771, 0.16914752104566388, -0.1979492708881767, 0.6205262425309493], [0.0, 0.0, 0.0, 1.0]];[0.9084188319566735, 0.06084928481830104, 0.6205262425309493];[0.5449275866966555, -0.5495712517054069, 0.36159560352833425, 0.5198788167110597];[2.4344922841303513, -1.3073864294715585, -1.0282317355286337]
