timestamp;T_cam_map;trans_cam_map;rot_quat_cam_map;rot_eul_cam_map;T_map_cam;trans_map_cam;rot_quat_map_cam;rot_eul_map_cam
1681734519.5610223;[[0.1124988557601449, -0.2083206489319513, 0.9715690992828194, -0.6860003163251432], [-0.9786271956733434, 0.1461625977301801, 0.14465582225853607, 0.7716850764032629], [-0.17214185819023137, -0.96707755751715, -0.187425127465551, 0.33949151582479553], [0.0, 0.0, 0.0, 1.0]];[-0.6860003163251432, 0.7716850764032629, 0.33949151582479553];[-0.5370664264072732, 0.5525144499095898, -0.37212679930506354, 0.5175027357475451];[-1.7622287807758792, 0.173003573927518, -1.4563429398909808];[[0.1124988557601449, -0.9786271956733434, -0.17214185819023137, 0.8908069532750696], [-0.2083206489319513, 0.1461625977301801, -0.96707755751715, 0.07261509946054706], [0.9715690992828194, 0.14465582225853607, -0.187425127465551, 0.6184972108149289], [0.0, 0.0, 0.0, 1.0]];[0.8908069532750696, 0.07261509946054706, 0.6184972108149289];[0.5370664264072732, -0.5525144499095898, 0.37212679930506354, 0.5175027357475451];[2.4842811962656777, -1.3317705922650525, -1.0756418594158672]
