timestamp;T_cam_map;trans_cam_map;rot_quat_cam_map;rot_eul_cam_map;T_map_cam;trans_map_cam;rot_quat_map_cam;rot_eul_map_cam
1681734519.6610308;[[0.0964392472089208, -0.20643201631529845, 0.9736967157373888, -0.6728042290013485], [-0.9807730989892158, 0.14703690173573145, 0.1283132020761979, 0.7688863595428502], [-0.16965730133674478, -0.9673499739845748, -0.1882828402568214, 0.3454507229781013], [0.0, 0.0, 0.0, 1.0]];[-0.6728042290013485, 0.7688863595428502, 0.3454507229781013];[-0.5333116316306094, 0.5565250431884518, -0.37690881218091943, 0.5136130130477203];[-1.7630306182715048, 0.17048191890746303, -1.4727815848860344];[[0.0964392472089208, -0.9807730989892158, -0.16965730133674478, 0.8775960283885381], [-0.20643201631529845, 0.14703690173573145, -0.9673499739845748, 0.08222874621356438], [0.9736967157373888, 0.1283132020761979, -0.1882828402568214, 0.6214914405782745], [0.0, 0.0, 0.0, 1.0]];[0.8775960283885381, 0.08222874621356438, 0.6214914405782745];[0.5333116316306094, -0.5565250431884518, 0.37690881218091943, 0.5136130130477203];[2.5433966339975775, -1.340929363367811, -1.1337543264587433]
