timestamp;T_cam_map;trans_cam_map;rot_quat_cam_map;rot_eul_cam_map;T_map_cam;trans_map_cam;rot_quat_map_cam;rot_eul_map_cam
1681734519.761015;[[0.05885052783133174, -0.1942768899613948, 0.9791798125987392, -0.6311696661546008], [-0.9848418730641552, 0.14902486418949504, 0.08875852022645064, 0.7442096781575409], [-0.16316586785679266, -0.9695607664712051, -0.18256182428511447, 0.34053373775265516], [0.0, 0.0, 0.0, 1.0]];[-0.6311696661546008, 0.7442096781575409, 0.34053373775265516];[-0.5225867124044945, 0.564078044388203, -0.3903725091800327, 0.5062888423952557];[-1.7569105521786506, 0.16389867850101178, -1.511110979369703];[[0.05885052783133174, -0.9848418730641552, -0.16316586785679266, 0.8256370042483978], [-0.1942768899613948, 0.14902486418949504, -0.9695607664712051, 0.09664072579034569], [0.9791798125987392, 0.08875852022645064, -0.18256182428511447, 0.6141421060465578], [0.0, 0.0, 0.0, 1.0]];[0.8256370042483978, 0.09664072579034569, 0.6141421060465578];[0.5225867124044945, -0.564078044388203, 0.3903725091800327, 0.5062888423952557];[2.6890593303097847, -1.366380877655105, -1.2766619783966224]
