timestamp;T_cam_map;trans_cam_map;rot_quat_cam_map;rot_eul_cam_map;T_map_cam;trans_map_cam;rot_quat_map_cam;rot_eul_map_cam
1681734519.8610075;[[0.03608845809891045, -0.1828109308581783, 0.9824855147791287, -0.6205889298541201], [-0.9859603885481594, 0.15387315021032463, 0.06484725019855214, 0.7514943410901208], [-0.1630329273674675, -0.971032037166188, -0.1746912916858675, 0.331651490902206], [0.0, 0.0, 0.0, 1.0]];[-0.6205889298541201, 0.7514943410901208, 0.331651490902206];[-0.5140298142069324, 0.5684355688636317, -0.3985433163424328, 0.5038031154685747];[-1.7487950234088347, 0.16376393373092313, -1.534210318694715];[[0.03608845809891045, -0.9859603885481594, -0.1630329273674675, 0.8174098635522186], [-0.1828109308581783, 0.15387315021032463, -0.971032037166188, 0.0929589812642912], [0.9824855147791287, 0.06484725019855214, -0.1746912916858675, 0.618923919989737], [0.0, 0.0, 0.0, 1.0]];[0.8174098635522186, 0.0929589812642912, 0.618923919989737];[0.5140298142069324, -0.5684355688636317, 0.3985433163424328, 0.5038031154685747];[2.7861483741211153, -1.3833617965783103, -1.3758936918801785]
