timestamp;T_cam_map;trans_cam_map;rot_quat_cam_map;rot_eul_cam_map;T_map_cam;trans_map_cam;rot_quat_map_cam;rot_eul_map_cam
1681734519.960986;[[0.02307026807333043, -0.17991370419804237, 0.983411827147083, -0.603447811599031], [-0.9859629515986996, 0.1586116543852427, 0.05214787788545955, 0.7299986329298787], [-0.1653626947222534, -0.9708106932532807, -0.17372903343793522, 0.3302058044170182], [0.0, 0.0, 0.0, 1.0]];[-0.603447811599031, 0.7299986329298787, 0.3302058044170182];[-0.5094574680790397, 0.5721167756126907, -0.4014315147392802, 0.5019842848687193];[-1.7478744867140203, 0.1661257576881874, -1.5474018786618438];[[0.02307026807333043, -0.9859629515986996, -0.1653626947222534, 0.7882770311997406], [-0.17991370419804237, 0.1586116543852427, -0.9708106932532807, 0.09621250395938508], [0.983411827147083, 0.05214787788545955, -0.17372903343793522, 0.6127361706628963], [0.0, 0.0, 0.0, 1.0]];[0.7882770311997406, 0.09621250395938508, 0.6127361706628963];[0.5094574680790397, -0.5721167756126907, 0.4014315147392802, 0.5019842848687193];[2.849981836137524, -1.3883998462627745, -1.4432626611466992]
