timestamp;T_cam_map;trans_cam_map;rot_quat_cam_map;rot_eul_cam_map;T_map_cam;trans_map_cam;rot_quat_map_cam;rot_eul_map_cam
1681734520.0609908;[[-0.025905416330855746, -0.1795954071337011, 0.9833994097726545, -0.5693538270026178], [-0.9858226755239836, 0.16772572265658778, 0.004662014806900372, 0.7213466251674747], [-0.16577865311148898, -0.9693366658162712, -0.18139422944717687, 0.3320517097490342], [0.0, 0.0, 0.0, 1.0]];[-0.5693538270026178, 0.7213466251674747, 0.3320517097490342];[-0.49693135603917515, 0.5863073785214162, -0.41133485879119563, 0.4900066522197825];[-1.7557890706720711, 0.16654753751659473, -1.597068248315015];[[-0.025905416330855746, -0.9858226755239836, -0.16577865311148898, 0.7514175972802896], [-0.1795954071337011, 0.16772572265658778, -0.9693366658162712, 0.09862818085094965], [0.9833994097726545, 0.004662014806900372, -0.18139422944717687, 0.6167715528052821], [0.0, 0.0, 0.0, 1.0]];[0.7514175972802896, 0.09862818085094965, 0.6167715528052821];[0.49693135603917515, -0.5863073785214162, 0.41133485879119563, 0.4900066522197825];[3.1158973007531428, -1.3883314009867536, -1.7140514535815576]
