timestamp;T_cam_map;trans_cam_map;rot_quat_cam_map;rot_eul_cam_map;T_map_cam;trans_map_cam;rot_quat_map_cam;rot_eul_map_cam
1681734520.1610196;[[-0.04168248179936712, -0.17142978578109475, 0.9843141771091657, -0.5573289785181516], [-0.9853480389023122, 0.17012615740684575, -0.012096809387162621, 0.724519187848231], [-0.1653838351907877, -0.97039626911537, -0.17600928368855223, 0.3225768485665754], [0.0, 0.0, 0.0, 1.0]];[-0.5573289785181516, 0.724519187848231, 0.3225768485665754];[-0.49096859484144695, 0.5890284209812726, -0.41699731435105475, 0.48796372609009747];[-1.750224445054592, 0.16614719330263378, -1.6130734141161052];[[-0.04168248179936712, -0.9853480389023122, -0.1653838351907877, 0.7440217022497057], [-0.17142978578109475, 0.17012615740684575, -0.97039626911537, 0.09422491755888729], [0.9843141771091657, -0.012096809387162621, -0.17600928368855223, 0.6141277054326416], [0.0, 0.0, 0.0, 1.0]];[0.7440217022497057, 0.09422491755888729, 0.6141277054326416];[0.49096859484144695, -0.5890284209812726, 0.41699731435105475, 0.48796372609009747];[-3.0729723159707056, -1.3934435551961755, -1.8093139194165537]
