timestamp;T_cam_map;trans_cam_map;rot_quat_cam_map;rot_eul_cam_map;T_map_cam;trans_map_cam;rot_quat_map_cam;rot_eul_map_cam
1681734520.2609813;[[-0.06850744247571999, -0.15695881564702574, 0.9852261976399728, -0.5298996061935093], [-0.9841614899988812, 0.1724784431904099, -0.040955442102294515, 0.7199221179109617], [-0.16350196307267312, -0.9724274352491785, -0.16628887890080535, 0.3208903713205159], [0.0, 0.0, 0.0, 1.0]];[-0.5298996061935093, 0.7199221179109617, 0.3208903713205159];[-0.48096335443427385, 0.5931430612775757, -0.42712413897616025, 0.48416993964255073];[-1.7401620190374307, 0.16423934863065096, -1.6402941803091806];[[-0.06850744247571999, -0.9841614899988812, -0.16350196307267312, 0.7246837630992174], [-0.15695881564702574, 0.1724784431904099, -0.9724274352491785, 0.10469914006378211], [0.9852261976399728, -0.040955442102294515, -0.16628887890080535, 0.6049162028561657], [0.0, 0.0, 0.0, 1.0]];[0.7246837630992174, 0.10469914006378211, 0.6049162028561657];[0.48096335443427385, -0.5931430612775757, 0.42712413897616025, 0.48416993964255073];[-2.9001079179053364, -1.3986898254683136, -1.9823399272380662]
