timestamp;T_cam_map;trans_cam_map;rot_quat_cam_map;rot_eul_cam_map;T_map_cam;trans_map_cam;rot_quat_map_cam;rot_eul_map_cam
1681734520.3610299;[[-0.08633864730237209, -0.14483111957504496, 0.9856822940403445, -0.5123336918031276], [-0.9821447102525143, 0.17836256478623438, -0.0598210966623105, 0.7261347050914508], [-0.16714486562560565, -0.9732475236472558, -0.15764470054360494, 0.3198581323457833], [0.0, 0.0, 0.0, 1.0]];[-0.5123336918031276, 0.7261347050914508, 0.3198581323457833];[-0.4724784356071181, 0.5963107228266593, -0.43310835306321815, 0.4833164638568237];[-1.7313796319588333, 0.16793308138072618, -1.658479198277221];[[-0.08633864730237209, -0.9821447102525143, -0.16714486562560565, 0.7223978061688185], [-0.14483111957504496, 0.17836256478623438, -0.9732475236472558, 0.1075840246636996], [0.9856822940403445, -0.0598210966623105, -0.15764470054360494, 0.5988603625238874], [0.0, 0.0, 0.0, 1.0]];[0.7223978061688185, 0.1075840246636996, 0.5988603625238874];[0.4724784356071181, -0.5963107228266593, 0.43310835306321815, 0.4833164638568237];[-2.7789107232807133, -1.401373759652835, -2.1083677842478785]
