timestamp;T_cam_map;trans_cam_map;rot_quat_cam_map;rot_eul_cam_map;T_map_cam;trans_map_cam;rot_quat_map_cam;rot_eul_map_cam
1681734463.9853117;[[-0.23739353819798062, -0.05714072287522676, 0.9697315328538827, 0.008550065183816222], [-0.966360400592557, 0.11558093148035495, -0.22975775165318574, 0.10703569689442174], [-0.09895394983747424, -0.9916531581492749, -0.08265669812019213, 0.1526767798775715], [0.0, 0.0, 0.0, 1.0]];[0.008550065183816222, 0.10703569689442174, 0.1526767798775715];[-0.4271071962756706, 0.5990891352291677, -0.5096949844263317, 0.44596263721364104];[-1.653956521286758, 0.09911615653416755, -1.811683635148118];[[-0.23739353819798062, -0.966360400592557, -0.09895394983747424, 0.12057275957175873], [-0.05714072287522676, 0.11558093148035495, -0.9916531581492749, 0.1395196822981828], [0.9697315328538827, -0.22975775165318574, -0.08265669812019213, 0.02892077175269495], [0.0, 0.0, 0.0, 1.0]];[0.12057275957175873, 0.1395196822981828, 0.02892077175269495];[0.4271071962756706, -0.5990891352291677, 0.5096949844263317, 0.44596263721364104];[-1.9161357632038298, -1.3241289051235048, -2.905385511013537]
