timestamp;T_cam_map;trans_cam_map;rot_quat_cam_map;rot_eul_cam_map;T_map_cam;trans_map_cam;rot_quat_map_cam;rot_eul_map_cam
1681734520.46104;[[-0.10898832257204832, -0.1215206545110934, 0.9865871862486999, -0.496234092290217], [-0.9796790202986474, 0.18124597062628356, -0.0859006130270269, 0.712532245361374], [-0.1683762534611511, -0.9759009317850517, -0.13880493006897965, 0.3284329869820085], [0.0, 0.0, 0.0, 1.0]];[-0.496234092290217, 0.712532245361374, 0.3284329869820085];[-0.460589469286546, 0.5977121429390807, -0.44411074685172436, 0.4830767842655182];[-1.7120812791682147, 0.16918217169690886, -1.6815897645594269];[[-0.10898832257204832, -0.9796790202986474, -0.1683762534611511, 0.6992694866061384], [-0.1215206545110934, 0.18124597062628356, -0.9759009317850517, 0.13107176792581704], [0.9865871862486999, -0.0859006130270269, -0.13880493006897965, 0.596373271301733], [0.0, 0.0, 0.0, 1.0]];[0.6992694866061384, 0.13107176792581704, 0.596373271301733];[0.460589469286546, -0.5977121429390807, 0.44411074685172436, 0.4830767842655182];[-2.5874218812083902, -1.4068273944345715, -2.3018798778454865]
