timestamp;T_cam_map;trans_cam_map;rot_quat_cam_map;rot_eul_cam_map;T_map_cam;trans_map_cam;rot_quat_map_cam;rot_eul_map_cam
1681734520.561146;[[-0.14306108241790272, -0.09733285886945953, 0.9849161595190303, -0.4717196489644872], [-0.9757216009284051, 0.18061553474635636, -0.12387649530882738, 0.7143213873875522], [-0.16583390539671994, -0.9787258774511818, -0.12080882678134963, 0.32678498905903486], [0.0, 0.0, 0.0, 1.0]];[-0.4717196489644872, 0.7143213873875522, 0.32678498905903486];[-0.4464113040731301, 0.6009337409285671, -0.4587038044561536, 0.47873417089944187];[-1.6936098994278004, 0.16660356531945486, -1.7163798069843588];[[-0.14306108241790272, -0.9757216009284051, -0.16583390539671994, 0.6836861150612134], [-0.09733285886945953, 0.18061553474635636, -0.9787258774511818, 0.1449015637723054], [0.9849161595190303, -0.12387649530882738, -0.12080882678134963, 0.5925704461594552], [0.0, 0.0, 0.0, 1.0]];[0.6836861150612134, 0.1449015637723054, 0.5925704461594552];[0.4464113040731301, -0.6009337409285671, 0.4587038044561536, 0.47873417089944187];[-2.343657948197646, -1.3968887989088397, -2.544170722113699]
