timestamp;T_cam_map;trans_cam_map;rot_quat_cam_map;rot_eul_cam_map;T_map_cam;trans_map_cam;rot_quat_map_cam;rot_eul_map_cam
1681734520.6610038;[[-0.1526752042860042, -0.09224724654289113, 0.9839617510358225, -0.4607512552972065], [-0.9743928677872429, 0.18035187216442003, -0.13428231980473526, 0.7206904577328201], [-0.16507216967611282, -0.9792668929929388, -0.11742031803047073, 0.32477721066371923], [0.0, 0.0, 0.0, 1.0]];[-0.4607512552972065, 0.7206904577328201, 0.32477721066371923];[-0.4428298887778597, 0.6021726069992089, -0.4623048274924007, 0.47703677789242444];[-1.6901329304177135, 0.1658311843690725, -1.7262201354507256];[[-0.1526752042860042, -0.9743928677872429, -0.16507216967611282, 0.6855020286952658], [-0.09224724654289113, 0.18035187216442003, -0.9792668929929388, 0.1455626620560786], [0.9839617510358225, -0.13428231980473526, -0.11742031803047073, 0.5882730418448753], [0.0, 0.0, 0.0, 1.0]];[0.6855020286952658, 0.1455626620560786, 0.5882730418448753];[0.4428298887778597, -0.6021726069992089, 0.4623048274924007, 0.47703677789242444];[-2.289302682226032, -1.3914569603807203, -2.5980863781678587]
