timestamp;T_cam_map;trans_cam_map;rot_quat_cam_map;rot_eul_cam_map;T_map_cam;trans_map_cam;rot_quat_map_cam;rot_eul_map_cam
1681734520.7610464;[[-0.20783199099349095, -0.11441749972937565, 0.9714496895235285, -0.38807566060361637], [-0.9668927041359263, 0.17436526058750296, -0.1863203010650435, 0.75813631855666], [-0.14806877526473206, -0.9780109363682651, -0.14686812498180726, 0.3261171039452069], [0.0, 0.0, 0.0, 1.0]];[-0.38807566060361637, 0.75813631855666, 0.3261171039452069];[-0.43722730741595195, 0.6182769154195394, -0.4707968259834015, 0.4526768009883555];[-1.7198527520780156, 0.14861523622813694, -1.7825231179420225];[[-0.20783199099349095, -0.9668927041359263, -0.14806877526473206, 0.7006696981275893], [-0.11441749972937565, 0.17436526058750296, -0.9780109363682651, 0.14235081065708488], [0.9714496895235285, -0.1863203010650435, -0.14686812498180726, 0.5661483747077716], [0.0, 0.0, 0.0, 1.0]];[0.7006696981275893, 0.14235081065708488, 0.5661483747077716];[0.43722730741595195, -0.6182769154195394, 0.4707968259834015, 0.4526768009883555];[-2.238335256375395, -1.331266755571472, -2.6383435332918888]
