timestamp;T_cam_map;trans_cam_map;rot_quat_cam_map;rot_eul_cam_map;T_map_cam;trans_map_cam;rot_quat_map_cam;rot_eul_map_cam
1681734520.8609571;[[-0.22147035908329818, -0.10526169084474313, 0.9694693685145608, -0.3805793759749257], [-0.9647021491970594, 0.1689043925868877, -0.2020422468184051, 0.7665280287110542], [-0.1424803262983692, -0.9799955523395811, -0.13895349586300457, 0.3196408772422239], [0.0, 0.0, 0.0, 1.0]];[-0.3805793759749257, 0.7665280287110542, 0.3196408772422239];[-0.4326022261248833, 0.6183300590164589, -0.47791538755134416, 0.44957772899705145];[-1.7116473519891815, 0.14296685785850152, -1.796459910847167];[[-0.22147035908329818, -0.9647021491970594, -0.1424803262983692, 0.7007267221482438], [-0.10526169084474313, 0.1689043925868877, -0.9799955523395811, 0.1437162583372784], [0.9694693685145608, -0.2020422468184051, -0.13895349586300457, 0.5682463097796654], [0.0, 0.0, 0.0, 1.0]];[0.7007267221482438, 0.1437162583372784, 0.5682463097796654];[0.4326022261248833, -0.6183300590164589, 0.47791538755134416, 0.44957772899705145];[-2.173249854714664, -1.323057504299521, -2.6979112514252117]
