timestamp;T_cam_map;trans_cam_map;rot_quat_cam_map;rot_eul_cam_map;T_map_cam;trans_map_cam;rot_quat_map_cam;rot_eul_map_cam
1681734520.9610193;[[-0.2570670756338537, -0.09463147084912665, 0.9617491374313729, -0.34314647459877473], [-0.9566982460166782, 0.16553606123841488, -0.2394290677805923, 0.7760796931169831], [-0.13654663926171967, -0.9816530431647441, -0.13308763335384366, 0.3253022912685015], [0.0, 0.0, 0.0, 1.0]];[-0.34314647459877473, 0.7760796931169831, 0.3253022912685015];[-0.4214512120286211, 0.623636667103954, -0.4895006080286303, 0.44027870498433075];[-1.7055497418663659, 0.13697455774829564, -1.8332982962396367];[[-0.2570670756338537, -0.9566982460166782, -0.13654663926171967, 0.6986813550518569], [-0.09463147084912665, 0.16553606123841488, -0.9816530431647441, 0.15839235295851078], [0.9617491374313729, -0.2394290677805923, -0.13308763335384366, 0.5591305754739428], [0.0, 0.0, 0.0, 1.0]];[0.6986813550518569, 0.15839235295851078, 0.5591305754739428];[0.4214512120286211, -0.623636667103954, 0.4895006080286303, 0.44027870498433075];[-2.0781229492319055, -1.2933175503267271, -2.7888675739040156]
