timestamp;T_cam_map;trans_cam_map;rot_quat_cam_map;rot_eul_cam_map;T_map_cam;trans_map_cam;rot_quat_map_cam;rot_eul_map_cam
1681734521.0611174;[[-0.29116420446845054, -0.08662063794362074, 0.9527435495024326, -0.3181079586242326], [-0.9475015664475588, 0.16368011492620804, -0.27468090861427835, 0.7866997475706216], [-0.1321521381426593, -0.9827032538157099, -0.12973098058806137, 0.3229010856893314], [0.0, 0.0, 0.0, 1.0]];[-0.3181079586242326, 0.7866997475706216, 0.3229010856893314];[-0.4107574287804796, 0.6293995749884806, -0.4994379613511025, 0.4309248571008919];[-1.7020517408271405, 0.13253984786030074, -1.8689339215270422];[[-0.29116420446845054, -0.9475015664475588, -0.1321521381426593, 0.695449661321587], [-0.08662063794362074, 0.16368011492620804, -0.9827032538157099, 0.16099412816177927], [0.9527435495024326, -0.27468090861427835, -0.12973098058806137, 0.5610569815733728], [0.0, 0.0, 0.0, 1.0]];[0.695449661321587, 0.16099412816177927, 0.5610569815733728];[0.4107574287804796, -0.6293995749884806, 0.4994379613511025, 0.4309248571008919];[-2.0120369828701246, -1.2621430954362178, -2.8524332616204493]
