timestamp;T_cam_map;trans_cam_map;rot_quat_cam_map;rot_eul_cam_map;T_map_cam;trans_map_cam;rot_quat_map_cam;rot_eul_map_cam
1681734521.1610494;[[-0.3017931576291949, -0.08570907392572003, 0.9495129512834439, -0.30256158835486147], [-0.9443723443444278, 0.16340941871213213, -0.28540889459435687, 0.7901278006474826], [-0.13069722738302286, -0.9828282233040313, -0.13025712353430774, 0.32086287832313465], [0.0, 0.0, 0.0, 1.0]];[-0.30256158835486147, 0.7901278006474826, 0.32086287832313465];[-0.4077543829295342, 0.6315575389217587, -0.502027542915415, 0.4275976898758428];[-1.70256137370599, 0.13107220687811785, -1.8801092487232443];[[-0.3017931576291949, -0.9443723443444278, -0.13069722738302286, 0.6967997148692215], [-0.08570907392572003, 0.16340941871213213, -0.9828282233040313, 0.16030649447105333], [0.9495129512834439, -0.28540889459435687, -0.13025712353430774, 0.5545903244542094], [0.0, 0.0, 0.0, 1.0]];[0.6967997148692215, 0.16030649447105333, 0.5545903244542094];[0.4077543829295342, -0.6315575389217587, 0.502027542915415, 0.4275976898758428];[-1.9989495946016225, -1.2516797762869223, -2.864879177564984]
