timestamp;T_cam_map;trans_cam_map;rot_quat_cam_map;rot_eul_cam_map;T_map_cam;trans_map_cam;rot_quat_map_cam;rot_eul_map_cam
1681734521.2610514;[[-0.33810635366039715, -0.09355316104630385, 0.9364464211436309, -0.27284035776060994], [-0.9324989155239047, 0.16758535774701028, -0.3199389323223229, 0.7996238657741647], [-0.12700341003773008, -0.9814086579641788, -0.14389989545422632, 0.3212748131767029], [0.0, 0.0, 0.0, 1.0]];[-0.27284035776060994, 0.7996238657741647, 0.3212748131767029];[-0.3994396650455545, 0.6421821406076383, -0.5066115623579768, 0.4139985231351638];[-1.7163847667283567, 0.1273473369736741, -1.918634871346507];[[-0.33810635366039715, -0.9324989155239047, -0.12700341003773008, 0.694202326000279], [-0.09355316104630385, 0.16758535774701028, -0.9814086579641788, 0.15577155369912016], [0.9364464211436309, -0.3199389323223229, -0.14389989545422632, 0.5575625944719096], [0.0, 0.0, 0.0, 1.0]];[0.694202326000279, 0.15577155369912016, 0.5575625944719096];[0.3994396650455545, -0.6421821406076383, 0.5066115623579768, 0.4139985231351638];[-1.993461468825112, -1.2123597151709031, -2.871649036105438]
