timestamp;T_cam_map;trans_cam_map;rot_quat_cam_map;rot_eul_cam_map;T_map_cam;trans_map_cam;rot_quat_map_cam;rot_eul_map_cam
1681734521.4244998;[[-0.36824934569291, -0.09874305026143804, 0.924468620030886, -0.23061461519587073], [-0.9206861781907251, 0.17706167395701014, -0.3478305979986491, 0.8059012501742467], [-0.12934210716274913, -0.9792338707584662, -0.15611420715005844, 0.3244522753017489], [0.0, 0.0, 0.0, 1.0]];[-0.23061461519587073, 0.8059012501742467, 0.3244522753017489];[-0.3907694932758116, 0.6521934580321966, -0.5086928013511302, 0.40394867282677194];[-1.728890739248836, 0.12970548501223617, -1.9512791777698957];[[-0.36824934569291, -0.9206861781907251, -0.12934210716274913, 0.6990238018302297], [-0.09874305026143804, 0.17706167395701014, -0.9792338707584662, 0.15224884248091575], [0.924468620030886, -0.3478305979986491, -0.15611420715005844, 0.5441646985618126], [0.0, 0.0, 0.0, 1.0]];[0.6990238018302297, 0.15224884248091575, 0.5441646985618126];[0.3907694932758116, -0.6521934580321966, 0.5086928013511302, 0.40394867282677194];[-1.9926706321191792, -1.1796394766564693, -2.8796135492282984]
