timestamp;T_cam_map;trans_cam_map;rot_quat_cam_map;rot_eul_cam_map;T_map_cam;trans_map_cam;rot_quat_map_cam;rot_eul_map_cam
1681734464.085339;[[-0.26146672330589643, -0.061568024252680875, 0.9632468691842704, 0.013420442931395457], [-0.9602359188917746, 0.11780205149139805, -0.253119846583564, 0.11126464853023793], [-0.09788836842928156, -0.9911266594406787, -0.08992114474479246, 0.15877134287235065], [0.0, 0.0, 0.0, 1.0]];[0.013420442931395457, 0.11126464853023793, 0.15877134287235065];[-0.4215009993901255, 0.6060507238552907, -0.513260052768016, 0.4377254229082169];[-1.6612748084104503, 0.09804537627639462, -1.8366452912568094];[[-0.26146672330589643, -0.9602359188917746, -0.09788836842928156, 0.12589117896728963], [-0.061568024252680875, 0.11780205149139805, -0.9911266594406787, 0.14508157697653407], [0.9632468691842704, -0.253119846583564, -0.08992114474479246, 0.029512992033164855], [0.0, 0.0, 0.0, 1.0]];[0.12589117896728963, 0.14508157697653407, 0.029512992033164855];[0.4215009993901255, -0.6060507238552907, 0.513260052768016, 0.4377254229082169];[-1.912141648588269, -1.298838624884574, -2.9103336887326217]
