timestamp;T_cam_map;trans_cam_map;rot_quat_cam_map;rot_eul_cam_map;T_map_cam;trans_map_cam;rot_quat_map_cam;rot_eul_map_cam
1681734521.4609563;[[-0.37490199095867893, -0.09735994669765208, 0.921937925217446, -0.2294351665438119], [-0.9175367904773264, 0.18117614241411514, -0.35397943943187926, 0.8077329848327125], [-0.13256973748101725, -0.9786195615247893, -0.1572546295192722, 0.3166872612335633], [0.0, 0.0, 0.0, 1.0]];[-0.2294351665438119, 0.8077329848327125, 0.3166872612335633];[-0.38767786116390435, 0.6544716882516893, -0.5090361527006926, 0.40280873933424155];[-1.7301245445790736, 0.1329611540284139, -1.9586911339562751];[[-0.37490199095867893, -0.9175367904773264, -0.13256973748101725, 0.6970921768181823], [-0.09735994669765208, 0.18117614241411514, -0.9786195615247893, 0.14123660685097364], [0.921937925217446, -0.35397943943187926, -0.1572546295192722, 0.5472463885358001], [0.0, 0.0, 0.0, 1.0]];[0.6970921768181823, 0.14123660685097364, 0.5472463885358001];[0.38767786116390435, -0.6544716882516893, 0.5090361527006926, 0.40280873933424155];[-1.9888565359602504, -1.1730542580900891, -2.8875108681229094]
