timestamp;T_cam_map;trans_cam_map;rot_quat_cam_map;rot_eul_cam_map;T_map_cam;trans_map_cam;rot_quat_map_cam;rot_eul_map_cam
1681734521.560996;[[-0.38105705264850137, -0.11554151540702373, 0.9173034835016631, -0.21608302409288702], [-0.9163173178626179, 0.17931809655828734, -0.35806087922554586, 0.7980312720598463], [-0.12311821803411366, -0.9769826909746976, -0.1742031168605867, 0.3271709521709731], [0.0, 0.0, 0.0, 1.0]];[-0.21608302409288702, 0.7980312720598463, 0.3271709521709731];[-0.39173587008780497, 0.6585169447454211, -0.5068372123348945, 0.3949866855506651];[-1.7472491761088536, 0.12343139864256615, -1.9648974308452305];[[-0.38105705264850137, -0.9163173178626179, -0.12311821803411366, 0.6891906191199756], [-0.11554151540702373, 0.17931809655828734, -0.9769826909746976, 0.1515723485035665], [0.9173034835016631, -0.35806087922554586, -0.1742031168605867, 0.540951689263638], [0.0, 0.0, 0.0, 1.0]];[0.6891906191199756, 0.1515723485035665, 0.540951689263638];[0.39173587008780497, -0.6585169447454211, 0.5068372123348945, 0.3949866855506651];[-2.023600402873874, -1.1612548135202407, -2.8471906134577836]
