timestamp;T_cam_map;trans_cam_map;rot_quat_cam_map;rot_eul_cam_map;T_map_cam;trans_map_cam;rot_quat_map_cam;rot_eul_map_cam
1681734521.6610425;[[-0.39970222657770643, -0.13779795201360778, 0.9062283677361237, -0.2016486090544733], [-0.9093691388637021, 0.18392679449502497, -0.3731202266683939, 0.7924466955846534], [-0.11526447566840614, -0.9732330957625928, -0.19882515424675795, 0.32685990817767674], [0.0, 0.0, 0.0, 1.0]];[-0.2016486090544733, 0.7924466955846534, 0.32685990817767674];[-0.39217219852190777, 0.6675429153469253, -0.5042197630587092, 0.38255699368543783];[-1.7723167821263317, 0.11552124582748312, -1.9849160103161372];[[-0.39970222657770643, -0.9093691388637021, -0.11526447566840614, 0.6777025070669553], [-0.13779795201360778, 0.18392679449502497, -0.9732330957625928, 0.14457193443527794], [0.9062283677361237, -0.3731202266683939, -0.19882515424675795, 0.5434055521793685], [0.0, 0.0, 0.0, 1.0]];[0.6777025070669553, 0.14457193443527794, 0.5434055521793685];[0.39217219852190777, -0.6675429153469253, 0.5042197630587092, 0.38255699368543783];[-2.060394065733593, -1.1342761295716344, -2.8096011661525244]
