timestamp;T_cam_map;trans_cam_map;rot_quat_cam_map;rot_eul_cam_map;T_map_cam;trans_map_cam;rot_quat_map_cam;rot_eul_map_cam
1681734521.7610025;[[-0.4106853694925783, -0.14124414792472634, 0.9007705689917731, -0.1842373604071108], [-0.9042401499538177, 0.1898575450924693, -0.3824968807493184, 0.7909668548112225], [-0.1169926429150216, -0.9715987871793991, -0.20569034555680835, 0.32239182737677496], [0.0, 0.0, 0.0, 1.0]];[-0.1842373604071108, 0.7909668548112225, 0.32239182737677496];[-0.3889561128751419, 0.6719808888915397, -0.5037701556372957, 0.3786429155692347];[-1.7794189988995237, 0.11726118540025084, -1.997118681227105];[[-0.4106853694925783, -0.9042401499538177, -0.1169926429150216, 0.6772778709088798], [-0.14124414792472634, 0.1898575450924693, -0.9715987871793991, 0.13704203418525127], [0.9007705689917731, -0.3824968807493184, -0.20569034555680835, 0.5348108330826667], [0.0, 0.0, 0.0, 1.0]];[0.6772778709088798, 0.13704203418525127, 0.5348108330826667];[0.3889561128751419, -0.6719808888915397, 0.5037701556372957, 0.3786429155692347];[-2.064191296278859, -1.1215405605678312, -2.810341859388262]
