timestamp;T_cam_map;trans_cam_map;rot_quat_cam_map;rot_eul_cam_map;T_map_cam;trans_map_cam;rot_quat_map_cam;rot_eul_map_cam
1681734521.8610249;[[-0.42819833714641004, -0.14743196636898992, 0.8915772537237714, -0.16282213520334063], [-0.8959784013251461, 0.1978346741194163, -0.3975979704109414, 0.7857998907733911], [-0.1177662448407219, -0.9690847522320416, -0.2168083360193463, 0.3173722897337302], [0.0, 0.0, 0.0, 1.0]];[-0.16282213520334063, 0.7857998907733911, 0.3173722897337302];[-0.38430955125833133, 0.6787564635576542, -0.5033774247539433, 0.37176202097365324];[-1.7908967273498304, 0.11804017237480763, -2.016617463477371];[[-0.42819833714641004, -0.8959784013251461, -0.1177662448407219, 0.6717153051303618], [-0.14743196636898992, 0.1978346741194163, -0.9690847522320416, 0.128096993886275], [0.8915772537237714, -0.3975979704109414, -0.2168083360193463, 0.5264099119064948], [0.0, 0.0, 0.0, 1.0]];[0.6717153051303618, 0.128096993886275, 0.5264099119064948];[0.38430955125833133, -0.6787564635576542, 0.5033774247539433, 0.37176202097365324];[-2.070020370684895, -1.100816123603591, -2.8099979364857464]
