timestamp;T_cam_map;trans_cam_map;rot_quat_cam_map;rot_eul_cam_map;T_map_cam;trans_map_cam;rot_quat_map_cam;rot_eul_map_cam
1681734521.9610515;[[-0.4479706822701174, -0.15173264973510064, 0.8810785837998849, -0.13856835356043162], [-0.8863281935976826, 0.20459912951865541, -0.41540525927589994, 0.7793266500865045], [-0.11723737057915734, -0.9670141670133763, -0.22613933699184577, 0.31303449446480114], [0.0, 0.0, 0.0, 1.0]];[-0.13856835356043162, 0.7793266500865045, 0.31303449446480114];[-0.3786718649447938, 0.6853300571222267, -0.5042896528185998, 0.364173416882909];[-1.8005212075461223, 0.11750760886280877, -2.038772943139354];[[-0.4479706822701174, -0.8863281935976826, -0.11723737057915734, 0.6653639631398203], [-0.15173264973510064, 0.20459912951865541, -0.9670141670133763, 0.12223389323778971], [0.8810785837998849, -0.41540525927589994, -0.22613933699184577, 0.5166154108881573], [0.0, 0.0, 0.0, 1.0]];[0.6653639631398203, 0.12223389323778971, 0.5166154108881573];[0.3786718649447938, -0.6853300571222267, 0.5042896528185998, 0.364173416882909];[-2.0693164192640148, -1.078137828138567, -2.815009928357482]
