timestamp;T_cam_map;trans_cam_map;rot_quat_cam_map;rot_eul_cam_map;T_map_cam;trans_map_cam;rot_quat_map_cam;rot_eul_map_cam
1681734522.0609977;[[-0.4678213967445393, -0.15081103656480205, 0.870861166890704, -0.11394461218539445], [-0.8756075298902961, 0.2131205642338883, -0.4334640454524963, 0.7749687914175233], [-0.12022726124886579, -0.9653163504006754, -0.23175363924158332, 0.3092850543554373], [0.0, 0.0, 0.0, 1.0]];[-0.11394461218539445, 0.7749687914175233, 0.3092850543554373];[-0.3710834401664792, 0.6915011930973096, -0.5057042597381071, 0.35831045485994606];[-1.8064174288907653, 0.12051880098035785, -2.061491991794028];[[-0.4678213967445393, -0.8756075298902961, -0.12022726124886579, 0.6624472766014402], [-0.15081103656480205, 0.2131205642338883, -0.9653163504006754, 0.11621202873865427], [0.870861166890704, -0.4334640454524963, -0.23175363924158332, 0.506828982265856], [0.0, 0.0, 0.0, 1.0]];[0.6624472766014402, 0.11621202873865427, 0.506828982265856];[0.3710834401664792, -0.6915011930973096, 0.5057042597381071, 0.35831045485994606];[-2.0617819240476964, -1.0569516268066637, -2.829742394852613]
