timestamp;T_cam_map;trans_cam_map;rot_quat_cam_map;rot_eul_cam_map;T_map_cam;trans_map_cam;rot_quat_map_cam;rot_eul_map_cam
1681734522.1610103;[[-0.4996620163088671, -0.15684331833368587, 0.8519026017991939, -0.09066620992939292], [-0.8571840455944579, 0.23121335886929614, -0.46019115013078715, 0.7630917196741419], [-0.12479335493717603, -0.9601773566245231, -0.24997212322390647, 0.3104543093846308], [0.0, 0.0, 0.0, 1.0]];[-0.09066620992939292, 0.7630917196741419, 0.3104543093846308];[-0.36024184516992996, 0.7037129205865964, -0.50459799202327, 0.3469795452676291];[-1.8254823915871135, 0.12511955525311674, -2.0985556146802];[[-0.4996620163088671, -0.8571840455944579, -0.12479335493717603, 0.6475502209883215], [-0.15684331833368587, 0.23121335886929614, -0.9601773566245231, 0.1074338092803564], [0.8519026017991939, -0.46019115013078715, -0.24997212322390647, 0.5060117591471328], [0.0, 0.0, 0.0, 1.0]];[0.6475502209883215, 0.1074338092803564, 0.5060117591471328];[0.36024184516992996, -0.7037129205865964, 0.50459799202327, 0.3469795452676291];[-2.0683975979321287, -1.0196076272038677, -2.8374339215354327]
