timestamp;T_cam_map;trans_cam_map;rot_quat_cam_map;rot_eul_cam_map;T_map_cam;trans_map_cam;rot_quat_map_cam;rot_eul_map_cam
1681734522.2609954;[[-0.5206272812985246, -0.159187068694784, 0.8388126794034942, -0.07125813802552247], [-0.843795158371395, 0.2457799229621587, -0.4770764720437469, 0.7496439830559396], [-0.1302189105955796, -0.9561651042728331, -0.2622810109295429, 0.31021389329687565], [0.0, 0.0, 0.0, 1.0]];[-0.07125813802552247, 0.7496439830559396, 0.31021389329687565];[-0.3520915387611791, 0.7121601321315006, -0.5031317788131711, 0.3401733494610105];[-1.838516425112124, 0.13058976707203293, -2.123627004048971];[[-0.5206272812985246, -0.843795158371395, -0.1302189105955796, 0.6358427479709595], [-0.159187068694784, 0.2457799229621587, -0.9561651042728331, 0.1010248851136227], [0.8388126794034942, -0.4770764720437469, -0.2622810109295429, 0.49877294994993626], [0.0, 0.0, 0.0, 1.0]];[0.6358427479709595, 0.1010248851136227, 0.49877294994993626];[0.3520915387611791, -0.7121601321315006, 0.5031317788131711, 0.3401733494610105];[-2.0734608106218704, -0.9950986538672633, -2.8448597436094825]
