timestamp;T_cam_map;trans_cam_map;rot_quat_cam_map;rot_eul_cam_map;T_map_cam;trans_map_cam;rot_quat_map_cam;rot_eul_map_cam
1681734522.3609767;[[-0.5506840261586152, -0.15599264788139738, 0.8200081689475347, -0.03784100773535083], [-0.8225611600250256, 0.2684370418393133, -0.5013329159219885, 0.7354856317414615], [-0.14191631813157496, -0.9505828992652402, -0.27613748436687924, 0.31108958183465896], [0.0, 0.0, 0.0, 1.0]];[-0.03784100773535083, 0.7354856317414615, 0.31108958183465896];[-0.33801494655153597, 0.7237503976449352, -0.5015250492130036, 0.33227079743554766];[-1.8535082558775078, 0.1423970594994387, -2.160740552550701];[[-0.5506840261586152, -0.8225611600250256, -0.14191631813157496, 0.628292163996459], [-0.15599264788139738, 0.2684370418393133, -0.9505828992652402, 0.09238193033646697], [0.8200081689475347, -0.5013329159219885, -0.27613748436687924, 0.48565658638443426], [0.0, 0.0, 0.0, 1.0]];[0.628292163996459, 0.09238193033646697, 0.48565658638443426];[0.33801494655153597, -0.7237503976449352, 0.5015250492130036, 0.33227079743554766];[-2.0742586058122203, -0.9614252912164073, -2.8655536168981643]
