timestamp;T_cam_map;trans_cam_map;rot_quat_cam_map;rot_eul_cam_map;T_map_cam;trans_map_cam;rot_quat_map_cam;rot_eul_map_cam
1681734464.185247;[[-0.2740142175838981, -0.058896748878850935, 0.9599205079241644, 0.018956871222882195], [-0.9565553469635679, 0.12004920569896227, -0.2656878928488395, 0.11281383255486163], [-0.09958954140517123, -0.9910193545953327, -0.089233189230005, 0.15613773733676017], [0.0, 0.0, 0.0, 1.0]];[0.018956871222882195, 0.11281383255486163, 0.15613773733676017];[-0.416884206329271, 0.6089533259029105, -0.5159292157493436, 0.4349717803734684];[-1.6605959876994545, 0.09975490329187299, -1.8497846780025604];[[-0.2740142175838981, -0.9565553469635679, -0.09958954140517123, 0.12865681263519133], [-0.058896748878850935, 0.12004920569896227, -0.9910193545953327, 0.1423088067773276], [0.9599205079241644, -0.2656878928488395, -0.089233189230005, 0.025708848264496872], [0.0, 0.0, 0.0, 1.0]];[0.12865681263519133, 0.1423088067773276, 0.025708848264496872];[0.416884206329271, -0.6089533259029105, 0.5159292157493436, 0.4349717803734684];[-1.8948166301433385, -1.286718455347932, -2.9298733795446394]
