timestamp;T_cam_map;trans_cam_map;rot_quat_cam_map;rot_eul_cam_map;T_map_cam;trans_map_cam;rot_quat_map_cam;rot_eul_map_cam
1681734522.4610004;[[-0.5963528595070198, -0.15103886648160386, 0.7883847587122377, 0.001205918972276527], [-0.7910841862398177, 0.27721778654808227, -0.5452853464954541, 0.72951797456894], [-0.13619499711474836, -0.9488611909195857, -0.2848040784953395, 0.30943600379349046], [0.0, 0.0, 0.0, 1.0]];[0.001205918972276527, 0.72951797456894, 0.30943600379349046];[-0.32063742468723044, 0.7345704058411353, -0.5085103230180282, 0.3146668271941463];[-1.8623940096787666, 0.1366195995307936, -2.2167520862054335];[[-0.5963528595070198, -0.7910841862398177, -0.13619499711474836, 0.6199729221304943], [-0.15103886648160386, 0.27721778654808227, -0.9488611909195857, 0.09155859755048831], [0.7883847587122377, -0.5452853464954541, -0.2848040784953395, 0.48497336931318696], [0.0, 0.0, 0.0, 1.0]];[0.6199729221304943, 0.09155859755048831, 0.48497336931318696];[0.32063742468723044, -0.7345704058411353, 0.5085103230180282, 0.3146668271941463];[-2.052126589201647, -0.9081789324223963, -2.89353780884259]
