timestamp;T_cam_map;trans_cam_map;rot_quat_cam_map;rot_eul_cam_map;T_map_cam;trans_map_cam;rot_quat_map_cam;rot_eul_map_cam
1681734522.560975;[[-0.5997684489782416, -0.15612470625041353, 0.7847948035687147, -0.00881847131332597], [-0.7896204404350644, 0.27424268031711563, -0.5488993644919073, 0.7100376727401946], [-0.12952747838729078, -0.9489025389315318, -0.28776136632967864, 0.3213027576697163], [0.0, 0.0, 0.0, 1.0]];[-0.00881847131332597, 0.7100376727401946, 0.3213027576697163];[-0.3216171003827073, 0.7351483686346987, -0.5093536105524941, 0.3109312082314976];[-1.8652385376881215, 0.12989242882037788, -2.220391303671303];[[-0.5997684489782416, -0.7896204404350644, -0.12952747838729078, 0.5969887550124889], [-0.15612470625041353, 0.27424268031711563, -0.9489025389315318, 0.10878558677672773], [0.7847948035687147, -0.5488993644919073, -0.28776136632967864, 0.4891184383470548], [0.0, 0.0, 0.0, 1.0]];[0.5969887550124889, 0.10878558677672773, 0.4891184383470548];[0.3216171003827073, -0.7351483686346987, 0.5093536105524941, 0.3109312082314976];[-2.053656449516033, -0.9023649651435491, -2.886935836745941]
