timestamp;T_cam_map;trans_cam_map;rot_quat_cam_map;rot_eul_cam_map;T_map_cam;trans_map_cam;rot_quat_map_cam;rot_eul_map_cam
1681734522.6609302;[[-0.6175005362295406, -0.16416021258632008, 0.7692493174256604, -0.004417699379221152], [-0.7771742214602323, 0.2780485395277451, -0.5645256762665185, 0.7081247151909082], [-0.12121599421657181, -0.9464356471890218, -0.29927620766774266, 0.32509533309915806], [0.0, 0.0, 0.0, 1.0]];[-0.004417699379221152, 0.7081247151909082, 0.32509533309915806];[-0.3176976282215753, 0.7407471369207289, -0.5099450433708649, 0.3005294476546608];[-1.877061187047948, 0.12151481846429134, -2.242202695578003];[[-0.6175005362295406, -0.7771742214602323, -0.12121599421657181, 0.5870150965064549], [-0.16416021258632008, 0.2780485395277451, -0.9464356471890218, 0.11006355864826439], [0.7692493174256604, -0.5645256762665185, -0.29927620766774266, 0.5004461943766385], [0.0, 0.0, 0.0, 1.0]];[0.5870150965064549, 0.11006355864826439, 0.5004461943766385];[0.3176976282215753, -0.7407471369207289, 0.5099450433708649, 0.3005294476546608];[-2.058262214738917, -0.8776654479488202, -2.881756351223521]
