timestamp;T_cam_map;trans_cam_map;rot_quat_cam_map;rot_eul_cam_map;T_map_cam;trans_map_cam;rot_quat_map_cam;rot_eul_map_cam
1681734522.761014;[[-0.6522618543595657, -0.17427502021577812, 0.7376873935998982, 0.01787678847948115], [-0.7498885223505926, 0.2903025540677513, -0.5944675190021618, 0.7145683563252965], [-0.11055169557390782, -0.9409317958441679, -0.320040119633779, 0.31732055878979615], [0.0, 0.0, 0.0, 1.0]];[0.01787678847948115, 0.7145683563252965, 0.31732055878979615];[-0.30719526005720776, 0.7520978207755118, -0.5103722123749576, 0.2819577007613051];[-1.8986522992408457, 0.11077813099701792, -2.2866802871473415];[[-0.6522618543595657, -0.7498885223505926, -0.11055169557390782, 0.58258728186156], [-0.17427502021577812, 0.2903025540677513, -0.9409317958441679, 0.09425146201678383], [0.7376873935998982, -0.5944675190021618, -0.320040119633779, 0.5131555060401303], [0.0, 0.0, 0.0, 1.0]];[0.58258728186156, 0.09425146201678383, 0.5131555060401303];[0.30719526005720776, -0.7520978207755118, 0.5103722123749576, 0.2819577007613051];[-2.0646623495310292, -0.8296385567127017, -2.880505778311698]
