timestamp;T_cam_map;trans_cam_map;rot_quat_cam_map;rot_eul_cam_map;T_map_cam;trans_map_cam;rot_quat_map_cam;rot_eul_map_cam
1681734522.8610256;[[-0.6679565536774442, -0.17667705873474032, 0.7229241034273189, 0.03268009811306239], [-0.7362508077278107, 0.2984876301809428, -0.6073218938496382, 0.7223681341557522], [-0.108484056522137, -0.9379180942629298, -0.32945539597143647, 0.3119119026766807], [0.0, 0.0, 0.0, 1.0]];[0.03268009811306239, 0.7223681341557522, 0.3119119026766807];[-0.3012520589610341, 0.7576113086256406, -0.5099052675559119, 0.2743518181696917];[-1.9085953691057795, 0.1086979790837161, -2.3075973354395773];[[-0.6679565536774442, -0.7362508077278107, -0.108484056522137, 0.5875104764383501], [-0.17667705873474032, 0.2984876301809428, -0.9379180942629298, 0.08270368846783552], [0.7229241034273189, -0.6073218938496382, -0.32945539597143647, 0.5178458120683482], [0.0, 0.0, 0.0, 1.0]];[0.5875104764383501, 0.08270368846783552, 0.5178458120683482];[0.3012520589610341, -0.7576113086256406, 0.5099052675559119, 0.2743518181696917];[-2.06784186520777, -0.8080251449686703, -2.883010603999247]
