timestamp;T_cam_map;trans_cam_map;rot_quat_cam_map;rot_eul_cam_map;T_map_cam;trans_map_cam;rot_quat_map_cam;rot_eul_map_cam
1681734522.9610028;[[-0.687399723384849, -0.17900500481214554, 0.7038741567515013, 0.054820058075248], [-0.7176164795172959, 0.31664159973684075, -0.6202940316021888, 0.7444828890940113], [-0.1118401028953202, -0.931501640131835, -0.34611628944050893, 0.30659364503736075], [0.0, 0.0, 0.0, 1.0]];[0.054820058075248, 0.7444828890940113, 0.30659364503736075];[-0.292435876013366, 0.7665111891815732, -0.506122967816987, 0.26604773392733627];[-1.926554813656194, 0.11207457832139682, -2.334691465018932];[[-0.687399723384849, -0.7176164795172959, -0.1118401028953202, 0.6062259474974061], [-0.17900500481214554, 0.31664159973684075, -0.931501640131835, 0.05967129498642834], [0.7038741567515013, -0.6202940316021888, -0.34611628944050893, 0.5293289253705575], [0.0, 0.0, 0.0, 1.0]];[0.6062259474974061, 0.05967129498642834, 0.5293289253705575];[0.292435876013366, -0.7665111891815732, 0.506122967816987, 0.26604773392733627];[-2.079751252435919, -0.7808369286764416, -2.8868416259573935]
