timestamp;T_cam_map;trans_cam_map;rot_quat_cam_map;rot_eul_cam_map;T_map_cam;trans_map_cam;rot_quat_map_cam;rot_eul_map_cam
1681734523.060988;[[-0.6947655384151828, -0.1797316376371259, 0.6964175364412775, 0.06410216263173216], [-0.7098690226242321, 0.32711872984681156, -0.6237622201623999, 0.7559987191310066], [-0.11570141463775863, -0.9277337306661247, -0.35485674241182996, 0.30640212671317113], [0.0, 0.0, 0.0, 1.0]];[0.06410216263173216, 0.7559987191310066, 0.30640212671317113];[-0.2885188356718828, 0.7708341278566071, -0.5031873572926245, 0.2633896585953019];[-1.936124746728819, 0.11596112784741047, -2.3454422969975757];[[-0.6947655384151828, -0.7098690226242321, -0.11570141463775863, 0.6166472048978437], [-0.1797316376371259, 0.32711872984681156, -0.9277337306661247, 0.048479433997576316], [0.6964175364412775, -0.6237622201623999, -0.35485674241182996, 0.5356504298580309], [0.0, 0.0, 0.0, 1.0]];[0.6166472048978437, 0.048479433997576316, 0.5356504298580309];[0.2885188356718828, -0.7708341278566071, 0.5031873572926245, 0.2633896585953019];[-2.088032291721452, -0.7703932963709259, -2.8884483402575656]
