timestamp;T_cam_map;trans_cam_map;rot_quat_cam_map;rot_eul_cam_map;T_map_cam;trans_map_cam;rot_quat_map_cam;rot_eul_map_cam
1681734523.1609852;[[-0.7041301758699563, -0.179501933622279, 0.6870078247408886, 0.06870002688268524], [-0.6992432804594726, 0.34360321282309747, -0.6268936647230698, 0.7710568379321615], [-0.12352947082222904, -0.921800351466362, -0.3674569115894706, 0.3035382622192466], [0.0, 0.0, 0.0, 1.0]];[0.06870002688268524, 0.7710568379321615, 0.3035382622192466];[-0.2827204992994038, 0.7770441268490683, -0.4982645009072461, 0.2607758258369009];[-1.9501207724285403, 0.12384581488872132, -2.359676724828937];[[-0.7041301758699563, -0.6992432804594726, -0.12352947082222904, 0.6250259956938109], [-0.179501933622279, 0.34360321282309747, -0.921800351466362, 0.027195857679825686], [0.6870078247408886, -0.6268936647230698, -0.3674569115894706, 0.54771042319708], [0.0, 0.0, 0.0, 1.0]];[0.6250259956938109, 0.027195857679825686, 0.54771042319708];[0.2827204992994038, -0.7770441268490683, 0.4982645009072461, 0.2607758258369009];[-2.100973540747668, -0.7573632274469353, -2.8919820296762486]
