timestamp;T_cam_map;trans_cam_map;rot_quat_cam_map;rot_eul_cam_map;T_map_cam;trans_map_cam;rot_quat_map_cam;rot_eul_map_cam
1681734523.261009;[[-0.7076786086854088, -0.17826710442790195, 0.6836752345141481, 0.07247441017125206], [-0.6951465384371578, 0.3487114452995379, -0.6286267716347629, 0.7792490827131102], [-0.12634190479773993, -0.9201201918206114, -0.3706973910025263, 0.3002413463515158], [0.0, 0.0, 0.0, 1.0]];[0.07247441017125206, 0.7792490827131102, 0.3002413463515158];[-0.2803155975938459, 0.778955622129315, -0.49705879239365247, 0.2599689623837828];[-1.9537824034170916, 0.12668045974061587, -2.365127703935678];[[-0.7076786086854088, -0.6951465384371578, -0.12634190479773993, 0.6309139557807247], [-0.17826710442790195, 0.3487114452995379, -0.9201201918206114, 0.01744485456255679], [0.6836752345141481, -0.6286267716347629, -0.3706973910025263, 0.5516065595587802], [0.0, 0.0, 0.0, 1.0]];[0.6309139557807247, 0.01744485456255679, 0.5516065595587802];[0.2803155975938459, -0.778955622129315, 0.49705879239365247, 0.2599689623837828];[-2.1036033679563353, -0.7527868732797978, -2.8948227520682854]
