timestamp;T_cam_map;trans_cam_map;rot_quat_cam_map;rot_eul_cam_map;T_map_cam;trans_map_cam;rot_quat_map_cam;rot_eul_map_cam
1681734523.3609893;[[-0.7110910485189966, -0.1763145675300965, 0.6806340382267329, 0.06946724631041705], [-0.6912773045999894, 0.35209746419036725, -0.6310016353827358, 0.7912301518225399], [-0.12839473844799143, -0.9192064778858929, -0.372255613995926, 0.29790946135265545], [0.0, 0.0, 0.0, 1.0]];[0.06946724631041705, 0.7912301518225399, 0.29790946135265545];[-0.2779690186363231, 0.7802954771599809, -0.49667342649187085, 0.25920590351853723];[-1.9555840984875152, 0.12875015039411594, -2.370322323020028];[[-0.7110910485189966, -0.6912773045999894, -0.12839473844799143, 0.6346069910582836], [-0.1763145675300965, 0.35209746419036725, -0.9192064778858929, 0.0074982641419102936], [0.6806340382267329, -0.6310016353827358, -0.372255613995926, 0.5628842168344309], [0.0, 0.0, 0.0, 1.0]];[0.6346069910582836, 0.0074982641419102936, 0.5628842168344309];[0.2779690186363231, -0.7802954771599809, 0.49667342649187085, 0.25920590351853723];[-2.1037888786236945, -0.7486277223258451, -2.8985449376472054]
