timestamp;T_cam_map;trans_cam_map;rot_quat_cam_map;rot_eul_cam_map;T_map_cam;trans_map_cam;rot_quat_map_cam;rot_eul_map_cam
1681734464.2852805;[[-0.2985682071192063, -0.0612606470337157, 0.95242015876536, 0.017849479405198494], [-0.9492419914181073, 0.12255583789581945, -0.289688985510737, 0.11215142854894194], [-0.09897811589542965, -0.9905691291993026, -0.0947424553783929, 0.1657518717889182], [0.0, 0.0, 0.0, 1.0]];[0.017849479405198494, 0.11215142854894194, 0.1657518717889182];[-0.41037129844915055, 0.6156026519585134, -0.5199206463117698, 0.4269792662993779];[-1.6661507356416372, 0.0991404418131209, -1.8755325142186594];[[-0.2985682071192063, -0.9492419914181073, -0.09897811589542965, 0.12819394041601243], [-0.0612606470337157, 0.12255583789581945, -0.9905691291993026, 0.15153734566165183], [0.95242015876536, -0.289688985510737, -0.0947424553783929, 0.03119256886779141], [0.0, 0.0, 0.0, 1.0]];[0.12819394041601243, 0.15153734566165183, 0.03119256886779141];[0.41037129844915055, -0.6156026519585134, 0.5199206463117698, 0.4269792662993779];[-1.8868802412428762, -1.2610802960646004, -2.9392199649808974]
