timestamp;T_cam_map;trans_cam_map;rot_quat_cam_map;rot_eul_cam_map;T_map_cam;trans_map_cam;rot_quat_map_cam;rot_eul_map_cam
1681734523.4610286;[[-0.7167218558437318, -0.17275204291052226, 0.6756230554282161, 0.05553285863112728], [-0.6847308369037691, 0.3578740937498184, -0.6348777945524717, 0.8071329052734288], [-0.13211155267038982, -0.9176507313204669, -0.3747848355497211, 0.29482078460855177], [0.0, 0.0, 0.0, 1.0]];[0.05553285863112728, 0.8071329052734288, 0.29482078460855177];[-0.27394747943546177, 0.7825248854099259, -0.49599972947174886, 0.25805396836532346];[-1.9585382451997462, 0.1324989033930861, -2.3790175681893104];[[-0.7167218558437318, -0.6847308369037691, -0.13211155267038982, 0.6314196348329928], [-0.17275204291052226, 0.3578740937498184, -0.9176507313204669, -0.008716033628686448], [0.6756230554282161, -0.6348777945524717, -0.3747848355497211, 0.5854058384618538], [0.0, 0.0, 0.0, 1.0]];[0.6314196348329928, -0.008716033628686448, 0.5854058384618538];[0.27394747943546177, -0.7825248854099259, 0.49599972947174886, 0.25805396836532346];[-2.1040721852841195, -0.7418094858651653, -2.9050732406918267]
