timestamp;T_cam_map;trans_cam_map;rot_quat_cam_map;rot_eul_cam_map;T_map_cam;trans_map_cam;rot_quat_map_cam;rot_eul_map_cam
1681734523.560986;[[-0.7213176926980216, -0.170051267346935, 0.6714040159803216, 0.049568996289738966], [-0.6796084116341754, 0.3606860642655709, -0.6387784982923941, 0.815658675452195], [-0.1335409788674471, -0.9170540493985695, -0.3757375113624011, 0.2892509604036513], [0.0, 0.0, 0.0, 1.0]];[0.049568996289738966, 0.815658675452195, 0.2892509604036513];[-0.27098604871782994, 0.7838592457077344, -0.4962091587904363, 0.2567249794065375];[-1.9596558140748537, 0.13394110861678327, -2.385958346854881];[[-0.7213176926980216, -0.6796084116341754, -0.1335409788674471, 0.6287103472834255], [-0.170051267346935, 0.3606860642655709, -0.9170540493985695, -0.020508682262141475], [0.6714040159803216, -0.6387784982923941, -0.3757375113624011, 0.596426836668724], [0.0, 0.0, 0.0, 1.0]];[0.6287103472834255, -0.020508682262141475, 0.596426836668724];[0.27098604871782994, -0.7838592457077344, 0.4962091587904363, 0.2567249794065375];[-2.1025034756457996, -0.7361016899160582, -2.910069247127695]
