timestamp;T_cam_map;trans_cam_map;rot_quat_cam_map;rot_eul_cam_map;T_map_cam;trans_map_cam;rot_quat_map_cam;rot_eul_map_cam
1681734523.6609912;[[-0.7291511849142595, -0.1646333425680973, 0.6642547794731983, 0.03272589963036292], [-0.6698618081714134, 0.37038130952874976, -0.643508231109046, 0.8332312799317508], [-0.1400846440244482, -0.91417369687966, -0.3803455592509522, 0.28622843258589914], [0.0, 0.0, 0.0, 1.0]];[0.03272589963036292, 0.8332312799317508, 0.28622843258589914];[-0.2649589896606375, 0.787381428167753, -0.49457666648724885, 0.25538430128119577];[-1.9650652377572306, 0.1405469011589521, -2.3985485786394403];[[-0.7291511849142595, -0.6698618081714134, -0.1400846440244482, 0.6221081483813995], [-0.1646333425680973, 0.37038130952874976, -0.91417369687966, -0.04156301398762147], [0.6642547794731983, -0.643508231109046, -0.3803455592509522, 0.6233185650769859], [0.0, 0.0, 0.0, 1.0]];[0.6221081483813995, -0.04156301398762147, 0.6233185650769859];[0.2649589896606375, -0.787381428167753, 0.49457666648724885, 0.25538430128119577];[-2.1046089752039423, -0.7264964336364079, -2.9195286281214763]
