timestamp;T_cam_map;trans_cam_map;rot_quat_cam_map;rot_eul_cam_map;T_map_cam;trans_map_cam;rot_quat_map_cam;rot_eul_map_cam
1681734523.7610238;[[-0.7310402341873615, -0.15818312242928068, 0.6637456408729261, 0.025723741278569516], [-0.6663041243420174, 0.37510915765180364, -0.6444625153805086, 0.8386750951385418], [-0.14703397527138257, -0.9133844861964089, -0.37961795333152626, 0.2814631707145713], [0.0, 0.0, 0.0, 1.0]];[0.025723741278569516, 0.8386750951385418, 0.2814631707145713];[-0.2614711081039172, 0.7883158226831889, -0.49404279247956645, 0.25712398280446147];[-1.9646925671748499, 0.14756898432190318, -2.402489345908791];[[-0.7310402341873615, -0.6663041243420174, -0.14703397527138257, 0.619002413604856], [-0.15818312242928068, 0.37510915765180364, -0.9133844861964089, -0.053441553198616765], [0.6637456408729261, -0.6444625153805086, -0.37961795333152626, 0.630269113064246], [0.0, 0.0, 0.0, 1.0]];[0.619002413604856, -0.053441553198616765, 0.630269113064246];[0.2614711081039172, -0.7883158226831889, 0.49404279247956645, 0.25712398280446147];[-2.1031223481140864, -0.7258155234030241, -2.928497008550931]
