timestamp;T_cam_map;trans_cam_map;rot_quat_cam_map;rot_eul_cam_map;T_map_cam;trans_map_cam;rot_quat_map_cam;rot_eul_map_cam
1681734523.8609877;[[-0.7339589054582316, -0.1477656377553601, 0.6629250646923127, 0.009899253628458348], [-0.6611641864262615, 0.37884064020718383, -0.6475659718628761, 0.856791317267038], [-0.15545495709643697, -0.913589122979342, -0.3757508092978405, 0.28200846357880244], [0.0, 0.0, 0.0, 1.0]];[0.009899253628458348, 0.856791317267038, 0.28200846357880244];[-0.2563938687022495, 0.7887569896620973, -0.4948149795512478, 0.2593891504338182];[-1.9609981068693403, 0.15608799275708685, -2.4083252053365953];[[-0.7339589054582316, -0.6611641864262615, -0.15545495709643697, 0.6175849931824176], [-0.1477656377553601, 0.37884064020718383, -0.913589122979342, -0.06548473671797983], [0.6629250646923127, -0.6475659718628761, -0.3757508092978405, 0.6542313471162275], [0.0, 0.0, 0.0, 1.0]];[0.6175849931824176, -0.06548473671797983, 0.6542313471162275];[0.2563938687022495, -0.7887569896620973, 0.4948149795512478, 0.2593891504338182];[-2.0965679254820193, -0.7247189686713496, -2.942921598274888]
