timestamp;T_cam_map;trans_cam_map;rot_quat_cam_map;rot_eul_cam_map;T_map_cam;trans_map_cam;rot_quat_map_cam;rot_eul_map_cam
1681734523.9609587;[[-0.7366167886563149, -0.14291808088292612, 0.6610371614564492, 0.005183526566262982], [-0.6573824999621454, 0.3809270149709285, -0.6501867870149762, 0.8669394531691137], [-0.1588834648828446, -0.91349276484386, -0.37454907978093144, 0.2817948169756602], [0.0, 0.0, 0.0, 1.0]];[0.005183526566262982, 0.8669394531691137, 0.2817948169756602];[-0.25347843900107564, 0.7893182000005091, -0.49526273176579094, 0.25969267728109047];[-1.9599095327988132, 0.15955964922549223, -2.412972944855829];[[-0.7366167886563149, -0.6573824999621454, -0.1588834648828446, 0.6185016346404024], [-0.14291808088292612, 0.3809270149709285, -0.91349276484386, -0.07208231190941827], [0.6610371614564492, -0.6501867870149762, -0.37454907978093144, 0.6657920632901195], [0.0, 0.0, 0.0, 1.0]];[0.6185016346404024, -0.07208231190941827, 0.6657920632901195];[0.25347843900107564, -0.7893182000005091, 0.49526273176579094, 0.25969267728109047];[-2.0934297228891214, -0.7222001518289396, -2.949954053815965]
