timestamp;T_cam_map;trans_cam_map;rot_quat_cam_map;rot_eul_cam_map;T_map_cam;trans_map_cam;rot_quat_map_cam;rot_eul_map_cam
1681734524.0610087;[[-0.7351775691469848, -0.12861772769100532, 0.6655609828909241, -0.0038996179887986274], [-0.6556735985726165, 0.3841398818076751, -0.6500220637329328, 0.8805829631694219], [-0.17206415651717202, -0.9142724054287037, -0.366742272875171, 0.27987788141035336], [0.0, 0.0, 0.0, 1.0]];[-0.0038996179887986274, 0.8805829631694219, 0.27987788141035336];[-0.24870907800104075, 0.7883621826022972, -0.49605831674918494, 0.2656219304695677];[-1.9522766344090947, 0.17292469530322535, -2.4132944506841967];[[-0.7351775691469848, -0.6556735985726165, -0.17206415651717202, 0.6226650402221114], [-0.12861772769100532, 0.3841398818076751, -0.9142724054287037, -0.08288397153500304], [0.6655609828909241, -0.6500220637329328, -0.366742272875171, 0.6776368389448931], [0.0, 0.0, 0.0, 1.0]];[0.6226650402221114, -0.08288397153500304, 0.6776368389448931];[0.24870907800104075, -0.7883621826022972, 0.49605831674918494, 0.2656219304695677];[-2.0844760388686217, -0.72824520805341, -2.9683975977153065]
