timestamp;T_cam_map;trans_cam_map;rot_quat_cam_map;rot_eul_cam_map;T_map_cam;trans_map_cam;rot_quat_map_cam;rot_eul_map_cam
1681734524.1609845;[[-0.7345656265883351, -0.1255435597206419, 0.6668224312720412, -0.009477347898014021], [-0.6553742293070328, 0.38585202008708475, -0.649309508751357, 0.8847110234128981], [-0.1757781550565917, -0.9139786831252605, -0.36571164460202144, 0.2912163481158727], [0.0, 0.0, 0.0, 1.0]];[-0.009477347898014021, 0.8847110234128981, 0.2912163481158727];[-0.2476358202717256, 0.7883732129006923, -0.49573227701533334, 0.26719597157176983];[-1.9514160449488307, 0.17669617518497943, -2.4131076546763763];[[-0.7345656265883351, -0.6553742293070328, -0.1757781550565917, 0.6240445435256904], [-0.1255435597206419, 0.38585202008708475, -0.9139786831252605, -0.07639182121351379], [0.6668224312720412, -0.649309508751357, -0.36571164460202144, 0.6872721977709545], [0.0, 0.0, 0.0, 1.0]];[0.6240445435256904, -0.07639182121351379, 0.6872721977709545];[0.2476358202717256, -0.7883732129006923, 0.49573227701533334, 0.26719597157176983];[-2.0837413818259027, -0.7299366559108293, -2.9723195807975316]
