timestamp;T_cam_map;trans_cam_map;rot_quat_cam_map;rot_eul_cam_map;T_map_cam;trans_map_cam;rot_quat_map_cam;rot_eul_map_cam
1681734524.26099;[[-0.7355329843666565, -0.11079191094206314, 0.6683684473241429, -0.02044710980564936], [-0.6521587341148551, 0.38302529224978893, -0.6542022707195944, 0.9008630416226607], [-0.18352170015120672, -0.9170696690910508, -0.35398164868653975, 0.28920632854663253], [0.0, 0.0, 0.0, 1.0]];[-0.02044710980564936, 0.9008630416226607, 0.28920632854663253];[-0.2426022320950975, 0.7862156074040672, -0.49963137497317156, 0.27088312018128435];[-1.939168911901868, 0.1845678089904745, -2.4162036014522443];[[-0.7355329843666565, -0.6521587341148551, -0.18352170015120672, 0.6255418142478368], [-0.11079191094206314, 0.38302529224978893, -0.9170696690910508, -0.08209635214386557], [0.6683684473241429, -0.6542022707195944, -0.35398164868653975, 0.7053865834594912], [0.0, 0.0, 0.0, 1.0]];[0.6255418142478368, -0.08209635214386557, 0.7053865834594912];[0.2426022320950975, -0.7862156074040672, 0.49963137497317156, 0.27088312018128435];[-2.066772342188008, -0.7320131726137589, -2.9920885171333333]
