timestamp;T_cam_map;trans_cam_map;rot_quat_cam_map;rot_eul_cam_map;T_map_cam;trans_map_cam;rot_quat_map_cam;rot_eul_map_cam
1681734524.3609893;[[-0.7352066392650991, -0.10653452128283719, 0.6694188474755962, -0.024787396118178054], [-0.6517989015056098, 0.38223081791318303, -0.6550250329823281, 0.9076024378520414], [-0.1860897352800504, -0.9179052225651928, -0.3504577190060807, 0.2908268453799103], [0.0, 0.0, 0.0, 1.0]];[-0.024787396118178054, 0.9076024378520414, 0.2908268453799103];[-0.2413608614853486, 0.7854767940850261, -0.500629129782176, 0.27228957914415464];[-1.9355167035589798, 0.1871808544411223, -2.416257274598857];[[-0.7352066392650991, -0.6517989015056098, -0.1860897352800504, 0.627470304468675], [-0.10653452128283719, 0.38223081791318303, -0.9179052225651928, -0.08260285530310335], [0.6694188474755962, -0.6550250329823281, -0.3504577190060807, 0.7130179797878038], [0.0, 0.0, 0.0, 1.0]];[0.627470304468675, -0.08260285530310335, 0.7130179797878038];[0.2413608614853486, -0.7854767940850261, 0.500629129782176, 0.27228957914415464];[-2.0620732715779853, -0.7334262202803608, -2.997690071914795]
