timestamp;T_cam_map;trans_cam_map;rot_quat_cam_map;rot_eul_cam_map;T_map_cam;trans_map_cam;rot_quat_map_cam;rot_eul_map_cam
1681734464.385289;[[-0.31209046887704217, -0.0643680771244815, 0.9478693422003928, 0.015350556200276118], [-0.9451613263741834, 0.12214358748144394, -0.3029042937360871, 0.11373966845580796], [-0.09627879497949143, -0.9904229877605124, -0.09895806663853843, 0.17472552938510102], [0.0, 0.0, 0.0, 1.0]];[0.015350556200276118, 0.11373966845580796, 0.17472552938510102];[-0.40765304189961976, 0.6191106773019314, -0.5222520499617641, 0.4216322603780051];[-1.670380773992923, 0.09642816330746976, -1.8897225171450263];[[-0.31209046887704217, -0.9451613263741834, -0.09627879497949143, 0.12911546160247012], [-0.0643680771244815, 0.12214358748144394, -0.9904229877605124, 0.1601476954928896], [0.9478693422003928, -0.3029042937360871, -0.09895806663853843, 0.03719241291576208], [0.0, 0.0, 0.0, 1.0]];[0.12911546160247012, 0.1601476954928896, 0.03719241291576208];[0.40765304189961976, -0.6191106773019314, 0.5222520499617641, 0.4216322603780051];[-1.8865627632067623, -1.2464816770593676, -2.938196553867347]
