timestamp;T_cam_map;trans_cam_map;rot_quat_cam_map;rot_eul_cam_map;T_map_cam;trans_map_cam;rot_quat_map_cam;rot_eul_map_cam
1681734524.461013;[[-0.7338132817120931, -0.10324523607299263, 0.6714599681374611, -0.03230657178349266], [-0.6527846311759, 0.38086019130763, -0.6548417671297851, 0.9174900617675082], [-0.18812307908247822, -0.918850333789648, -0.3468771702075247, 0.29537242512950324], [0.0, 0.0, 0.0, 1.0]];[-0.03230657178349266, 0.9174900617675082, 0.29537242512950324];[-0.24093759419598768, 0.7844664816337358, -0.5015166797318258, 0.2739387428732983];[-1.9317676137996254, 0.18925075378831951, -2.414565127987927];[[-0.7338132817120931, -0.6527846311759, -0.18812307908247822, 0.6307827902085658], [-0.10324523607299263, 0.38086019130763, -0.918850333789648, -0.0813678886556165], [0.6714599681374611, -0.6548417671297851, -0.3468771702075247, 0.7249613340184817], [0.0, 0.0, 0.0, 1.0]];[0.6307827902085658, -0.0813678886556165, 0.7249613340184817];[0.24093759419598768, -0.7844664816337358, 0.5015166797318258, 0.2739387428732983];[-2.057929594064395, -0.7361771921570913, -3.0018132981210717]
