timestamp;T_cam_map;trans_cam_map;rot_quat_cam_map;rot_eul_cam_map;T_map_cam;trans_map_cam;rot_quat_map_cam;rot_eul_map_cam
1681734524.5610356;[[-0.7334759506846769, -0.10042494530810597, 0.6722557996232338, -0.032628470901028536], [-0.6527608913550548, 0.37982697648869573, -0.65546524442476, 0.9238831549927122], [-0.1895158264751626, -0.919590288275882, -0.34414742948933447, 0.29259739073692737], [0.0, 0.0, 0.0, 1.0]];[-0.032628470901028536, 0.9238831549927122, 0.29259739073692737];[-0.24023140006874716, 0.783812853406779, -0.5023697703650785, 0.274865238032515];[-1.9289004911193872, 0.19066901321682972, -2.4143548468542386];[[-0.7334759506846769, -0.6527608913550548, -0.1895158264751626, 0.6345944293774287], [-0.10042494530810597, 0.37982697648869573, -0.919590288275882, -0.08512273889889987], [0.6722557996232338, -0.65546524442476, -0.34414742948933447, 0.7282046167006707], [0.0, 0.0, 0.0, 1.0]];[0.6345944293774287, -0.08512273889889987, 0.7282046167006707];[0.24023140006874716, -0.783812853406779, 0.5023697703650785, 0.274865238032515];[-2.0542770261605474, -0.7372516528289677, -3.005522228700766]
