timestamp;T_cam_map;trans_cam_map;rot_quat_cam_map;rot_eul_cam_map;T_map_cam;trans_map_cam;rot_quat_map_cam;rot_eul_map_cam
1681734524.6609862;[[-0.7301436050895258, -0.09734276330956243, 0.6763244061677274, -0.040991465174114027], [-0.6547509865629564, 0.3827612389891016, -0.6517629780237315, 0.9282536351141342], [-0.19542635835962816, -0.9187046426130578, -0.3432059412357366, 0.29390040520508015], [0.0, 0.0, 0.0, 1.0]];[-0.040991465174114027, 0.9282536351141342, 0.29390040520508015];[-0.2399484825734001, 0.7835991936753068, -0.5010430183289374, 0.27812393490305687];[-1.9283179131607278, 0.1966921722165184, -2.41058005317194];[[-0.7301436050895258, -0.6547509865629564, -0.19542635835962816, 0.6352812131211485], [-0.09734276330956243, 0.3827612389891016, -0.9187046426130578, -0.08928206723681331], [0.6763244061677274, -0.6517629780237315, -0.3432059412357366, 0.7335932471231439], [0.0, 0.0, 0.0, 1.0]];[0.6352812131211485, -0.08928206723681331, 0.7335932471231439];[0.2399484825734001, -0.7835991936753068, 0.5010430183289374, 0.27812393490305687];[-2.0554818427922266, -0.7427612111405197, -3.0090541976933185]
