timestamp;T_cam_map;trans_cam_map;rot_quat_cam_map;rot_eul_cam_map;T_map_cam;trans_map_cam;rot_quat_map_cam;rot_eul_map_cam
1681734524.760951;[[-0.7330211617930054, -0.09509441345154523, 0.6735258190254771, -0.04340235813324985], [-0.6513413601114981, 0.38351611949032915, -0.6547288130968301, 0.9326999161244058], [-0.1960469560379273, -0.9186252982698586, -0.34306435607168073, 0.28991938391704636], [0.0, 0.0, 0.0, 1.0]];[-0.04340235813324985, 0.9326999161244058, 0.28991938391704636];[-0.2379743025981725, 0.7841558578106482, -0.5016075872210755, 0.2772321236913407];[-1.928210972449616, 0.19732501123110452, -2.415127910070062];[[-0.7330211617930054, -0.6513413601114981, -0.1960469560379273, 0.6325289976742876], [-0.09509441345154523, 0.38351611949032915, -0.9186252982698586, -0.09550549374507256], [0.6735258190254771, -0.6547288130968301, -0.34306435607168073, 0.7393591246251788], [0.0, 0.0, 0.0, 1.0]];[0.6325289976742876, -0.09550549374507256, 0.7393591246251788];[0.2379743025981725, -0.7841558578106482, 0.5016075872210755, 0.2772321236913407];[-2.0534428485305782, -0.738968494993134, -3.0125837375272524]
