timestamp;T_cam_map;trans_cam_map;rot_quat_cam_map;rot_eul_cam_map;T_map_cam;trans_map_cam;rot_quat_map_cam;rot_eul_map_cam
1681734524.8609824;[[-0.7421705191050223, -0.09161927651492935, 0.6639192938469726, -0.04846565411809621], [-0.6390061301288907, 0.395483786818052, -0.659745208411363, 0.9318984884132232], [-0.20212393779332738, -0.9138919424827722, -0.35206168669138754, 0.29379195042307904], [0.0, 0.0, 0.0, 1.0]];[-0.04846565411809621, 0.9318984884132232, 0.29379195042307904];[-0.2315207230294478, 0.7889416950279757, -0.49865445089650584, 0.27443195013593186];[-1.938508410426639, 0.20352613723233495, -2.430749164429561];[[-0.7421705191050223, -0.6390061301288907, -0.20212393779332738, 0.6189014529897996], [-0.09161927651492935, 0.395483786818052, -0.9138919424827722, -0.10449703503585289], [0.6639192938469726, -0.659745208411363, -0.35206168669138754, 0.750425734916636], [0.0, 0.0, 0.0, 1.0]];[0.6189014529897996, -0.10449703503585289, 0.750425734916636];[0.2315207230294478, -0.7889416950279757, 0.49865445089650584, 0.27443195013593186];[-2.0609867773764514, -0.7260477166304982, -3.018766324682046]
