timestamp;T_cam_map;trans_cam_map;rot_quat_cam_map;rot_eul_cam_map;T_map_cam;trans_map_cam;rot_quat_map_cam;rot_eul_map_cam
1681734524.9609685;[[-0.7476318921782594, -0.08800085595720158, 0.6582570950234838, -0.05330380723640822], [-0.6320403066985503, 0.3985886564457748, -0.6645691338462502, 0.9327620538443019], [-0.20389115848010292, -0.9128980952458782, -0.35361767940826927, 0.29023147694229257], [0.0, 0.0, 0.0, 1.0]];[-0.05330380723640822, 0.9327620538443019, 0.29023147694229257];[-0.22770437566296095, 0.7905438362343203, -0.4988550782352064, 0.27264403755595235];[-1.9403564805276554, 0.20533093927118073, -2.4397811982536357];[[-0.7476318921782594, -0.6320403066985503, -0.20389115848010292, 0.6088672203852165], [-0.08800085595720158, 0.3985886564457748, -0.9128980952458782, -0.11152739200696632], [0.6582570950234838, -0.6645691338462502, -0.35361767940826927, 0.757603460880655], [0.0, 0.0, 0.0, 1.0]];[0.6088672203852165, -0.11152739200696632, 0.757603460880655];[0.22770437566296095, -0.7905438362343203, 0.4988550782352064, 0.27264403755595235];[-2.0597934735941736, -0.7185011597209028, -3.0244256456489156]
