timestamp;T_cam_map;trans_cam_map;rot_quat_cam_map;rot_eul_cam_map;T_map_cam;trans_map_cam;rot_quat_map_cam;rot_eul_map_cam
1681734525.0610158;[[-0.7641349105599109, -0.08545164180166881, 0.6393714533641585, -0.06504915496674618], [-0.6107456515263943, 0.41480016517516693, -0.6744854128239205, 0.9281158540329241], [-0.20757549856665902, -0.9058911854544417, -0.3691525057625227, 0.29350703917589704], [0.0, 0.0, 0.0, 1.0]];[-0.06504915496674618, 0.9281158540329241, 0.29350703917589704];[-0.2180696161936853, 0.7981365142470302, -0.49502076714573834, 0.2652888750271735];[-1.9577532028961977, 0.20909581980049605, -2.467300552091005];[[-0.7641349105599109, -0.6107456515263943, -0.20757549856665902, 0.5780612617405623], [-0.08545164180166881, 0.41480016517516693, -0.9058911854544417, -0.12465572698599087], [0.6393714533641585, -0.6744854128239205, -0.3691525057625227, 0.7759400366777424], [0.0, 0.0, 0.0, 1.0]];[0.5780612617405623, -0.12465572698599087, 0.7759400366777424];[0.2180696161936853, -0.7981365142470302, 0.49502076714573834, 0.2652888750271735];[-2.0715718125760394, -0.6936805232535178, -3.030227389699672]
