timestamp;T_cam_map;trans_cam_map;rot_quat_cam_map;rot_eul_cam_map;T_map_cam;trans_map_cam;rot_quat_map_cam;rot_eul_map_cam
1681734525.1609845;[[-0.7762542810777721, -0.08300994553877539, 0.6249309082211256, -0.07768610398457718], [-0.5950533775651882, 0.4238345222686709, -0.682843888148345, 0.9294427854759612], [-0.2081844589701476, -0.9019277391648055, -0.3783987108439587, 0.2873880947488812], [0.0, 0.0, 0.0, 1.0]];[-0.07768610398457718, 0.9294427854759612, 0.2873880947488812];[-0.21113378903998042, 0.8028834775654562, -0.49346252339087077, 0.25941353585874244];[-1.9680369519869285, 0.2097183804632202, -2.487570705574391];[[-0.7762542810777721, -0.5950533775651882, -0.2081844589701476, 0.5525936329725436], [-0.08300994553877539, 0.4238345222686709, -0.9019277391648055, -0.1411753636594067], [0.6249309082211256, -0.682843888148345, -0.3783987108439587, 0.7919600575299541], [0.0, 0.0, 0.0, 1.0]];[0.5525936329725436, -0.1411753636594067, 0.7919600575299541];[0.21113378903998042, -0.8028834775654562, 0.49346252339087077, 0.25941353585874244];[-2.0768209966935314, -0.6750430277607381, -3.0350609628160186]
