timestamp;T_cam_map;trans_cam_map;rot_quat_cam_map;rot_eul_cam_map;T_map_cam;trans_map_cam;rot_quat_map_cam;rot_eul_map_cam
1681734525.2610147;[[-0.8030082149821786, -0.0801257949311881, 0.5905570790853167, -0.07050365705591907], [-0.5594495655842691, 0.4428860276186643, -0.7006198327964552, 0.9271371229803093], [-0.20541175779080517, -0.8929903826619889, -0.4004674596449587, 0.2835365002864767], [0.0, 0.0, 0.0, 1.0]];[-0.07050365705591907, 0.9271371229803093, 0.2835365002864767];[-0.19657900259445063, 0.8133820907552921, -0.4898098426222557, 0.2446478862526341];[-1.9923660460273351, 0.2068844182781107, -2.533090136032131];[[-0.8030082149821786, -0.5594495655842691, -0.20541175779080517, 0.5203131758078919], [-0.0801257949311881, 0.4428860276186643, -0.8929903826619889, -0.16306987113224547], [0.5905570790853167, -0.7006198327964552, -0.4004674596449587, 0.8047542318439744], [0.0, 0.0, 0.0, 1.0]];[0.5203131758078919, -0.16306987113224547, 0.8047542318439744];[0.19657900259445063, -0.8133820907552921, 0.4898098426222557, 0.2446478862526341];[-2.0900643071489187, -0.6317489787464813, -3.0421398113041214]
