timestamp;T_cam_map;trans_cam_map;rot_quat_cam_map;rot_eul_cam_map;T_map_cam;trans_map_cam;rot_quat_map_cam;rot_eul_map_cam
1681734525.360971;[[-0.8140335910403098, -0.0792254201512721, 0.5753891252533996, -0.06687236280183365], [-0.5445943427320444, 0.4484875890916526, -0.7087142472781325, 0.921252237320558], [-0.20190669756664947, -0.8902708662157892, -0.4082296783002409, 0.2785273949250159], [0.0, 0.0, 0.0, 1.0]];[-0.06687236280183365, 0.921252237320558, 0.2785273949250159];[-0.19085891266081775, 0.8171216033174321, -0.48921271540313027, 0.23781522225832288];[-2.000733906429492, 0.20330432373480753, -2.5519714228549626];[[-0.8140335910403098, -0.5445943427320444, -0.20190669756664947, 0.5035089535322396], [-0.0792254201512721, 0.4484875890916526, -0.8902708662157892, -0.17050336075595046], [0.5753891252533996, -0.7087142472781325, -0.4082296783002409, 0.8050853650901532], [0.0, 0.0, 0.0, 1.0]];[0.5035089535322396, -0.17050336075595046, 0.8050853650901532];[0.19085891266081775, -0.8171216033174321, 0.48921271540313027, 0.23781522225832288];[-2.093392691284133, -0.6130798416297365, -3.0445736970716246]
