timestamp;T_cam_map;trans_cam_map;rot_quat_cam_map;rot_eul_cam_map;T_map_cam;trans_map_cam;rot_quat_map_cam;rot_eul_map_cam
1681734464.4852757;[[-0.3340429337201863, -0.06050906231744718, 0.9406136145139907, 0.015281892028692661], [-0.9378017148053905, 0.12146138586970473, -0.32523080335460147, 0.1205040938443417], [-0.09456882223904445, -0.9907501123492612, -0.09731882007220405, 0.17268912308505768], [0.0, 0.0, 0.0, 1.0]];[0.015281892028692661, 0.1205040938443417, 0.17268912308505768];[-0.40056663006368654, 0.6230616220852668, -0.5280300009891195, 0.4153611777950952];[-1.6687096359926414, 0.09471035152349151, -1.9129818908886929];[[-0.3340429337201863, -0.9378017148053905, -0.09456882223904445, 0.13444476087800034], [-0.06050906231744718, 0.12146138586970473, -0.9907501123492612, 0.15737986681380234], [0.9406136145139907, -0.32523080335460147, -0.09731882007220405, 0.041623189248733816], [0.0, 0.0, 0.0, 1.0]];[0.13444476087800034, 0.15737986681380234, 0.041623189248733816];[0.40056663006368654, -0.6230616220852668, 0.5280300009891195, 0.4153611777950952];[-1.8615465687766242, -1.2244333208625895, -2.962394189466956]
