timestamp;T_cam_map;trans_cam_map;rot_quat_cam_map;rot_eul_cam_map;T_map_cam;trans_map_cam;rot_quat_map_cam;rot_eul_map_cam
1681734525.461039;[[-0.843794028367764, -0.07937569116498594, 0.5307646722823421, -0.05489134893023771], [-0.5036263349718579, 0.4587785972870571, -0.7320401036788452, 0.9164051691054782], [-0.18539728264922115, -0.8849981346440235, -0.4270903291610379, 0.27491345340481965], [0.0, 0.0, 0.0, 1.0]];[-0.05489134893023771, 0.9164051691054782, 0.27491345340481965];[-0.17643533057909416, 0.8260845832624918, -0.4893682411844043, 0.21673384585607255];[-2.020418336832517, 0.18647613851407646, -2.60348567259933];[[-0.843794028367764, -0.5036263349718579, -0.18539728264922115, 0.4661769914544387], [-0.07937569116498594, 0.4587785972870571, -0.8849981346440235, -0.1814862233373234], [0.5307646722823421, -0.7320401036788452, -0.4270903291610379, 0.8173926011353593], [0.0, 0.0, 0.0, 1.0]];[0.4661769914544387, -0.1814862233373234, 0.8173926011353593];[0.17643533057909416, -0.8260845832624918, 0.4893682411844043, 0.21673384585607255];[-2.098938994724661, -0.5595025584030988, -3.047798685240774]
