timestamp;T_cam_map;trans_cam_map;rot_quat_cam_map;rot_eul_cam_map;T_map_cam;trans_map_cam;rot_quat_map_cam;rot_eul_map_cam
1681734525.5610023;[[-0.8639131518174522, -0.07551144468202892, 0.497947876628537, -0.03191636536082876], [-0.4717058808999974, 0.467775545135913, -0.7474487282062608, 0.9141783117611941], [-0.17648690614658435, -0.8806157283939643, -0.43973663807326147, 0.28073689387118894], [0.0, 0.0, 0.0, 1.0]];[-0.03191636536082876, 0.9141783117611941, 0.28073689387118894];[-0.16435323325074574, 0.832379921524214, -0.48897877474596935, 0.202562185047703];[-2.0339248677785404, 0.1774161825542637, -2.6418173534057496];[[-0.8639131518174522, -0.4717058808999974, -0.17648690614658435, 0.4531967038960837], [-0.07551144468202892, 0.467775545135913, -0.8806157283939643, -0.18281898470948083], [0.497947876628537, -0.7474487282062608, -0.43973663807326147, 0.822644400734823], [0.0, 0.0, 0.0, 1.0]];[0.4531967038960837, -0.18281898470948083, 0.822644400734823];[0.16435323325074574, -0.832379921524214, 0.48897877474596935, 0.202562185047703];[-2.1025809392769723, -0.521230804107612, -3.054407938003133]
