timestamp;T_cam_map;trans_cam_map;rot_quat_cam_map;rot_eul_cam_map;T_map_cam;trans_map_cam;rot_quat_map_cam;rot_eul_map_cam
1681734525.661008;[[-0.8697535854867754, -0.09381517832144853, 0.48448675198545227, -0.02165229771275371], [-0.4680634721717875, 0.46787748572966315, -0.7496714242691787, 0.9088556781132665], [-0.15634988503797703, -0.8787999605506382, -0.45084957888946475, 0.28163698315167696], [0.0, 0.0, 0.0, 1.0]];[-0.02165229771275371, 0.9088556781132665, 0.28163698315167696];[-0.16823978993762606, 0.8349372207097226, -0.48760294319959957, 0.1918816831757418];[-2.044812466576621, 0.15699399895749122, -2.6478878548626392];[[-0.8697535854867754, -0.4680634721717875, -0.15634988503797703, 0.4506038907692529], [-0.09381517832144853, 0.46787748572966315, -0.8787999605506382, -0.17976185405445988], [0.48448675198545227, -0.7496714242691787, -0.45084957888946475, 0.81880929731181], [0.0, 0.0, 0.0, 1.0]];[0.4506038907692529, -0.17976185405445988, 0.81880929731181];[0.16823978993762606, -0.8349372207097226, 0.48760294319959957, 0.1918816831757418];[-2.1122418447864444, -0.5057763680916644, -3.0341439889652895]
