timestamp;T_cam_map;trans_cam_map;rot_quat_cam_map;rot_eul_cam_map;T_map_cam;trans_map_cam;rot_quat_map_cam;rot_eul_map_cam
1681734525.7610197;[[-0.8844725393033619, -0.08999022688953043, 0.45783194109043346, -0.006427506410357872], [-0.4436348336228354, 0.466188013292512, -0.7654128759426642, 0.9080433742714785], [-0.14455608466855527, -0.8800968670133713, -0.4522532952434355, 0.28394226290743807], [0.0, 0.0, 0.0, 1.0]];[-0.006427506410357872, 0.9080433742714785, 0.28394226290743807];[-0.15936808231854466, 0.837095252620529, -0.4914344388541096, 0.17990426533695275];[-2.0454763956910056, 0.1450643303457596, -2.6766808523052457];[[-0.8844725393033619, -0.4436348336228354, -0.14455608466855527, 0.4382003001489162], [-0.08999022688953043, 0.466188013292512, -0.8800968670133713, -0.1740006533977282], [0.45783194109043346, -0.7654128759426642, -0.4522532952434355, 0.8263846323768054], [0.0, 0.0, 0.0, 1.0]];[0.4382003001489162, -0.1740006533977282, 0.8263846323768054];[0.15936808231854466, -0.837095252620529, 0.4914344388541096, 0.17990426533695275];[-2.104469529494151, -0.47555500777485876, -3.0401970614947857]
