timestamp;T_cam_map;trans_cam_map;rot_quat_cam_map;rot_eul_cam_map;T_map_cam;trans_map_cam;rot_quat_map_cam;rot_eul_map_cam
1681734525.8610053;[[-0.9001945325762543, -0.08733256387874425, 0.4266413327447127, 0.011803292021950983], [-0.41613887168917163, 0.46128297001183366, -0.7836111669995045, 0.903142230480998], [-0.12836760880020645, -0.8829445310230011, -0.45158688216941184, 0.29434485559875767], [0.0, 0.0, 0.0, 1.0]];[0.011803292021950983, 0.903142230480998, 0.29434485559875767];[-0.15009112197372323, 0.8386096208542893, -0.49682106446763324, 0.16545509607304917];[-2.0435663220928313, 0.12872279437247375, -2.7085765312961683];[[-0.9001945325762543, -0.41613887168917163, -0.12836760880020645, 0.4242421929876199], [-0.08733256387874425, 0.46128297001183366, -0.8829445310230011, -0.15568313817922197], [0.4266413327447127, -0.7836111669995045, -0.45158688216941184, 0.8355988405771785], [0.0, 0.0, 0.0, 1.0]];[0.4242421929876199, -0.15568313817922197, 0.8355988405771785];[0.15009112197372323, -0.8386096208542893, 0.49682106446763324, 0.16545509607304917];[-2.0935991548455952, -0.440775899055596, -3.044880101225631]
