timestamp;T_cam_map;trans_cam_map;rot_quat_cam_map;rot_eul_cam_map;T_map_cam;trans_map_cam;rot_quat_map_cam;rot_eul_map_cam
1681734525.9610224;[[-0.9081412572218619, -0.08992783662088016, 0.4088917229929999, 0.022951972288420344], [-0.4026639970256891, 0.4550316365663753, -0.7942341690100104, 0.9024284185570872], [-0.11463490930249698, -0.8859227923043939, -0.4494437046447462, 0.29602930046307596], [0.0, 0.0, 0.0, 1.0]];[0.022951972288420344, 0.9024284185570872, 0.29602930046307596];[-0.14685946586491191, 0.8385428728504261, -0.5009156406049676, 0.15608224971130374];[-2.040280397456663, 0.1148874784056072, -2.7242461978115178];[[-0.9081412572218619, -0.4026639970256891, -0.11463490930249698, 0.418154359024962], [-0.08992783662088016, 0.4550316365663753, -0.8859227923043939, -0.1463103544957926], [0.4088917229929999, -0.7942341690100104, -0.4494437046447462, 0.8404031190921237], [0.0, 0.0, 0.0, 1.0]];[0.418154359024962, -0.1463103544957926, 0.8404031190921237];[0.14685946586491191, -0.8385428728504261, 0.5009156406049676, 0.15608224971130374];[-2.0857520335066444, -0.42123929148759254, -3.04289036892046]
