timestamp;T_cam_map;trans_cam_map;rot_quat_cam_map;rot_eul_cam_map;T_map_cam;trans_map_cam;rot_quat_map_cam;rot_eul_map_cam
1681734526.0609791;[[-0.9224538458710242, -0.09366030714432289, 0.3745752916349232, 0.037042016907894715], [-0.3752091685079986, 0.4463159481125364, -0.8124162445002832, 0.8992694579786025], [-0.09108777143663677, -0.8899605729053612, -0.44684806877580696, 0.3057316577201975], [0.0, 0.0, 0.0, 1.0]];[0.037042016907894715, 0.8992694579786025, 0.3057316577201975];[-0.13971245004673544, 0.8389901463603978, -0.507269610015887, 0.13875701195408585];[-2.03612150575559, 0.0912142029929218, -2.7552798966574668];[[-0.9224538458710242, -0.3752091685079986, -0.09108777143663677, 0.39943211190765826], [-0.09366030714432289, 0.4463159481125364, -0.8899605729053612, -0.1257998128055554], [0.3745752916349232, -0.8124162445002832, -0.44684806877580696, 0.8533216923746572], [0.0, 0.0, 0.0, 1.0]];[0.39943211190765826, -0.1257998128055554, 0.8533216923746572];[0.13971245004673544, -0.8389901463603978, 0.507269610015887, 0.13875701195408585];[-2.0736576199508723, -0.3839386756106814, -3.0404055515513346]
