timestamp;T_cam_map;trans_cam_map;rot_quat_cam_map;rot_eul_cam_map;T_map_cam;trans_map_cam;rot_quat_map_cam;rot_eul_map_cam
1681734526.1609845;[[-0.9285044835009553, -0.09344439678614483, 0.3593710739999785, 0.048464145918001814], [-0.36248074464711244, 0.4380265328407061, -0.8226423684005247, 0.8972400994702543], [-0.08054274566153882, -0.8940922218858766, -0.44058139416511605, 0.30898524634619107], [0.0, 0.0, 0.0, 1.0]];[0.048464145918001814, 0.8972400994702543, 0.30898524634619107];[-0.13606099535084876, 0.8377219721522734, -0.512322300045375, 0.13128276274385275];[-2.02864283803195, 0.0806300827869689, -2.7693963557923933];[[-0.9285044835009553, -0.36248074464711244, -0.08054274566153882, 0.3951179562667654], [-0.09344439678614483, 0.4380265328407061, -0.8940922218858766, -0.11222496157992146], [0.3593710739999785, -0.8226423684005247, -0.44058139416511605, 0.8568242588947451], [0.0, 0.0, 0.0, 1.0]];[0.3951179562667654, -0.11222496157992146, 0.8568242588947451];[0.13606099535084876, -0.8377219721522734, 0.512322300045375, 0.13128276274385275];[-2.062492271244232, -0.3675938565465762, -3.041290691892892]
