timestamp;T_cam_map;trans_cam_map;rot_quat_cam_map;rot_eul_cam_map;T_map_cam;trans_map_cam;rot_quat_map_cam;rot_eul_map_cam
1681734526.260981;[[-0.9319462488369623, -0.09555465217064213, 0.3497792128289816, 0.05012859708942982], [-0.3553092571736058, 0.4330837300085179, -0.8283681636619369, 0.8946940183521679], [-0.07232925442346869, -0.896274395065739, -0.43756221009599133, 0.30952322080281236], [0.0, 0.0, 0.0, 1.0]];[0.05012859708942982, 0.8946940183521679, 0.30952322080281236];[-0.13465904281788024, 0.8370472192387761, -0.5150971531498821, 0.12607068560490595];[-2.0249603985146787, 0.07239246869100341, -2.7773493719766336];[[-0.9319462488369623, -0.3553092571736058, -0.07232925442346869, 0.3869978088627487], [-0.09555465217064213, 0.4330837300085179, -0.896274395065739, -0.10526966454174375], [0.3497792128289816, -0.8283681636619369, -0.43756221009599133, 0.8590377643620504], [0.0, 0.0, 0.0, 1.0]];[0.3869978088627487, -0.10526966454174375, 0.8590377643620504];[0.13465904281788024, -0.8370472192387761, 0.5150971531498821, 0.12607068560490595];[-2.056765725077662, -0.3573354190732536, -3.0394173435867327]
