timestamp;T_cam_map;trans_cam_map;rot_quat_cam_map;rot_eul_cam_map;T_map_cam;trans_map_cam;rot_quat_map_cam;rot_eul_map_cam
1681734526.3610554;[[-0.9368348594672203, -0.10531867603267568, 0.33353923692087306, 0.07461587690512846], [-0.3455537749132431, 0.4263359580890757, -0.835960668622321, 0.8936566560758669], [-0.054157499298266465, -0.8984128379086057, -0.4357996534541578, 0.31869151705148635], [0.0, 0.0, 0.0, 1.0]];[0.07461587690512846, 0.8936566560758669, 0.31869151705148635];[-0.13474868821055552, 0.836506197079623, -0.5183385109954658, 0.11586786134180795];[-2.0224346471821475, 0.054184008606308204, -2.788222533535005];[[-0.9368348594672203, -0.3455537749132431, -0.054157499298266465, 0.39596872114888015], [-0.10531867603267568, 0.4263359580890757, -0.8984128379086057, -0.08682297105249431], [0.33353923692087306, -0.835960668622321, -0.4357996534541578, 0.861060145776668], [0.0, 0.0, 0.0, 1.0]];[0.39596872114888015, -0.08682297105249431, 0.861060145776668];[0.13474868821055552, -0.836506197079623, 0.5183385109954658, 0.11586786134180795];[-2.0513509375522867, -0.3400553116225492, -3.029643007058083]
