timestamp;T_cam_map;trans_cam_map;rot_quat_cam_map;rot_eul_cam_map;T_map_cam;trans_map_cam;rot_quat_map_cam;rot_eul_map_cam
1681734464.5852938;[[-0.34007066150303833, -0.0575864398751641, 0.938635044693831, 0.01475900053286628], [-0.9353475707669483, 0.12403739629090682, -0.3312697483648956, 0.12300559493323282], [-0.09734920156454585, -0.9906051313534958, -0.09604481605411488, 0.16878968646278866], [0.0, 0.0, 0.0, 1.0]];[0.01475900053286628, 0.12300559493323282, 0.16878968646278866];[-0.3974722500565825, 0.6245303983490436, -0.5291475335759435, 0.4147052925674308];[-1.6674499233377555, 0.0975036219214719, -1.9195147077537043];[[-0.34007066150303833, -0.9353475707669483, -0.09734920156454585, 0.13650362869536062], [-0.0575864398751641, 0.12403739629090682, -0.9906051313534958, 0.15279655410165743], [0.938635044693831, -0.3312697483648956, -0.09604481605411488, 0.043106091744353356], [0.0, 0.0, 0.0, 1.0]];[0.13650362869536062, 0.15279655410165743, 0.043106091744353356];[0.3974722500565825, -0.6245303983490436, 0.5291475335759435, 0.4147052925674308];[-1.8529885594448954, -1.2186513503291994, -2.973847246683453]
