timestamp;T_cam_map;trans_cam_map;rot_quat_cam_map;rot_eul_cam_map;T_map_cam;trans_map_cam;rot_quat_map_cam;rot_eul_map_cam
1681734526.4610066;[[-0.9347792074857065, -0.11085659013950251, 0.33748874007148233, 0.08256479223358772], [-0.35178606880607516, 0.4208479591989904, -0.836142067493325, 0.8910763627049123], [-0.049339589037218134, -0.9003320563329326, -0.4323977258184312, 0.31647021503767603], [0.0, 0.0, 0.0, 1.0]];[0.08256479223358772, 0.8910763627049123, 0.31647021503767603];[-0.13853750316587035, 0.8348689856053957, -0.5199840195785552, 0.11583503992192155];[-2.018531431873309, 0.049359629674252406, -2.7816558948025585];[[-0.9347792074857065, -0.35178606880607516, -0.049339589037218134, 0.4062626120447918], [-0.11085659013950251, 0.4208479591989904, -0.9003320563329326, -0.08092653792923354], [0.33748874007148233, -0.836142067493325, -0.4323977258184312, 0.8540427457729014], [0.0, 0.0, 0.0, 1.0]];[0.4062626120447918, -0.08092653792923354, 0.8540427457729014];[0.13853750316587035, -0.8348689856053957, 0.5199840195785552, 0.11583503992192155];[-2.048057211335371, -0.34424783759474203, -3.0235527571218386]
