timestamp;T_cam_map;trans_cam_map;rot_quat_cam_map;rot_eul_cam_map;T_map_cam;trans_map_cam;rot_quat_map_cam;rot_eul_map_cam
1681734526.5610278;[[-0.9301358125770117, -0.1207630316966026, 0.3467905136204679, 0.0952574448065527], [-0.3646716700055004, 0.4147371322825054, -0.8336712086917022, 0.8851881101400269], [-0.043150240521948935, -0.9018921228625569, -0.4298007159851749, 0.3172617702575442], [0.0, 0.0, 0.0, 1.0]];[0.0952574448065527, 0.8851881101400269, 0.3172617702575442];[-0.14571184845926052, 0.8328675856408226, -0.5209601626586556, 0.1170476438467676];[-2.0155122009303263, 0.04316364230389626, -2.767947343799995];[[-0.9301358125770117, -0.3646716700055004, -0.043150240521948935, 0.42509530891796143], [-0.1207630316966026, 0.4147371322825054, -0.9018921228625569, -0.06948090902282483], [0.3467905136204679, -0.8336712086917022, -0.4298007159851749, 0.8412807995007385], [0.0, 0.0, 0.0, 1.0]];[0.42509530891796143, -0.06948090902282483, 0.8412807995007385];[0.14571184845926052, -0.8328675856408226, 0.5209601626586556, 0.1170476438467676];[-2.0468078520042727, -0.35414709296686564, -3.0124811283047923]
