timestamp;T_cam_map;trans_cam_map;rot_quat_cam_map;rot_eul_cam_map;T_map_cam;trans_map_cam;rot_quat_map_cam;rot_eul_map_cam
1681734526.6610289;[[-0.9280172286969663, -0.12206655118451486, 0.35197127769680403, 0.09957938548803123], [-0.3698620310673707, 0.4149163822019521, -0.831292050819183, 0.8801330345016712], [-0.04456569551035644, -0.9016341568853534, -0.4301973336985208, 0.31817530756037393], [0.0, 0.0, 0.0, 1.0]];[0.09957938548803123, 0.8801330345016712, 0.31817530756037393];[-0.14770216890723223, 0.8326360166059115, -0.520313250070689, 0.11906071959977507];[-2.01598168459862, 0.044580460707505896, -2.7623361901915398];[[-0.9280172286969663, -0.3698620310673707, -0.04456569551035644, 0.43211888098187556], [-0.12206655118451486, 0.4149163822019521, -0.9016341568853534, -0.06614857720232642], [0.35197127769680403, -0.831292050819183, -0.4301973336985208, 0.8334766806632994], [0.0, 0.0, 0.0, 1.0]];[0.43211888098187556, -0.06614857720232642, 0.8334766806632994];[0.14770216890723223, -0.8326360166059115, 0.520313250070689, 0.11906071959977507];[-2.0483492296447654, -0.35967631354064766, -3.010808663760118]
