timestamp;T_cam_map;trans_cam_map;rot_quat_cam_map;rot_eul_cam_map;T_map_cam;trans_map_cam;rot_quat_map_cam;rot_eul_map_cam
1681734526.7610667;[[-0.924919003845494, -0.12095625658927223, 0.36040868513032426, 0.1056399554384489], [-0.3769671364236082, 0.4144970200955625, -0.8283042909393162, 0.8641993833000916], [-0.04919973965422819, -0.9019766096323169, -0.4289727046026906, 0.3184211802898683], [0.0, 0.0, 0.0, 1.0]];[0.1056399554384489, 0.8641993833000916, 0.3184211802898683];[-0.14963011115884567, 0.831923783850382, -0.5199637677634955, 0.12309073040584538];[-2.014727430990377, 0.04921961023930761, -2.754579445593971];[[-0.924919003845494, -0.3769671364236082, -0.04919973965422819, 0.43914940834274996], [-0.12095625658927223, 0.4144970200955625, -0.9019766096323169, -0.05822179895724244], [0.36040868513032426, -0.8283042909393162, -0.4289727046026906, 0.8143404948895056], [0.0, 0.0, 0.0, 1.0]];[0.43914940834274996, -0.05822179895724244, 0.8143404948895056];[0.14963011115884567, -0.831923783850382, 0.5199637677634955, 0.12309073040584538];[-2.0486553803173324, -0.36870598624005724, -3.0115556328053263]
