timestamp;T_cam_map;trans_cam_map;rot_quat_cam_map;rot_eul_cam_map;T_map_cam;trans_map_cam;rot_quat_map_cam;rot_eul_map_cam
1681734526.8610241;[[-0.9245660792511317, -0.11866955490250941, 0.36207057576863466, 0.10479050002967037], [-0.37755070917228123, 0.41330758436089976, -0.8286327912370265, 0.853867377843682], [-0.051313030525372616, -0.9028257735848032, -0.4269339474079149, 0.3208164712512608], [0.0, 0.0, 0.0, 1.0]];[0.10479050002967037, 0.853867377843682, 0.3208164712512608];[-0.14921484828585546, 0.8313855319615483, -0.5206545273697131, 0.12430562909805554];[-2.012518668580041, 0.051335575348116676, -2.753904942692135];[[-0.9245660792511317, -0.37755070917228123, -0.051313030525372616, 0.4357260411815146], [-0.11866955490250941, 0.41330758436089976, -0.9028257735848032, -0.050833042468449274], [0.36207057576863466, -0.8286327912370265, -0.4269339474079149, 0.8065683944328037], [0.0, 0.0, 0.0, 1.0]];[0.4357260411815146, -0.050833042468449274, 0.8065683944328037];[0.14921484828585546, -0.8313855319615483, 0.5206545273697131, 0.12430562909805554];[-2.0465511597811314, -0.3704882265034413, -3.0139389742407916]
