timestamp;T_cam_map;trans_cam_map;rot_quat_cam_map;rot_eul_cam_map;T_map_cam;trans_map_cam;rot_quat_map_cam;rot_eul_map_cam
1681734526.961015;[[-0.9251138660489857, -0.10808516366650125, 0.36398067563963504, 0.11564718172862083], [-0.3750650090962968, 0.4093073886484946, -0.8317413663810074, 0.8304168597681036], [-0.059081078151083155, -0.9059718864252555, -0.4191949036087744, 0.31359136260120934], [0.0, 0.0, 0.0, 1.0]];[0.11564718172862083, 0.8304168597681036, 0.31359136260120934];[-0.14557957352535272, 0.8297011748675324, -0.5235961167235, 0.1274741336416279];[-2.004162796280019, 0.05911550339614757, -2.756417650236342];[[-0.9251138660489857, -0.3750650090962968, -0.059081078151083155, 0.4369744342506226], [-0.10808516366650125, 0.4093073886484946, -0.9059718864252555, -0.043291053454174055], [0.36398067563963504, -0.8317413663810074, -0.4191949036087744, 0.7800546152861029], [0.0, 0.0, 0.0, 1.0]];[0.4369744342506226, -0.043291053454174055, 0.7800546152861029];[0.14557957352535272, -0.8297011748675324, 0.5235961167235, 0.1274741336416279];[-2.037636181267075, -0.3725381761572541, -3.0252855060887676]
