timestamp;T_cam_map;trans_cam_map;rot_quat_cam_map;rot_eul_cam_map;T_map_cam;trans_map_cam;rot_quat_map_cam;rot_eul_map_cam
1681734527.0610788;[[-0.923176164533542, -0.10456240472005401, 0.36988170102925944, 0.11782839781406895], [-0.378970436724001, 0.4084325783817247, -0.8304000463666152, 0.8170731524161379], [-0.06424311111986106, -0.9067797596084819, -0.41668128136265653, 0.3148143638821185], [0.0, 0.0, 0.0, 1.0]];[0.11782839781406895, 0.8170731524161379, 0.3148143638821185];[-0.14583598531174483, 0.8288983689629752, -0.523942340527362, 0.13093427023274537];[-2.001536863881134, 0.06428738384580655, -2.7520613142590697];[[-0.923176164533542, -0.378970436724001, -0.06424311111986106, 0.4386475919347317], [-0.10456240472005401, 0.4084325783817247, -0.9067797596084819, -0.03593158054573237], [0.36988170102925944, -0.8304000463666152, -0.41668128136265653, 0.7660922679720275], [0.0, 0.0, 0.0, 1.0]];[0.4386475919347317, -0.03593158054573237, 0.7660922679720275];[0.14583598531174483, -0.8288983689629752, 0.523942340527362, 0.13093427023274537];[-2.0358699482680804, -0.3788816881574929, -3.0288095395579204]
