timestamp;T_cam_map;trans_cam_map;rot_quat_cam_map;rot_eul_cam_map;T_map_cam;trans_map_cam;rot_quat_map_cam;rot_eul_map_cam
1681734527.1610093;[[-0.9213146289291221, -0.10332993126550072, 0.37483633738721445, 0.12651021361478312], [-0.38313131637164594, 0.405536272480082, -0.829910071103063, 0.7825484687145745], [-0.06625518045047099, -0.9082198285699493, -0.4132154329836289, 0.31251543923950853], [0.0, 0.0, 0.0, 1.0]];[0.12651021361478312, 0.7825484687145745, 0.31251543923950853];[-0.1469392149618552, 0.8276572863197714, -0.5250149815637195, 0.1332349527782887];[-1.9977780372704022, 0.06630375039085795, -2.747495161752664];[[-0.9213146289291221, -0.38313131637164594, -0.06625518045047099, 0.43708030227585026], [-0.10332993126550072, 0.405536272480082, -0.9082198285699493, -0.020446778708736457], [0.37483633738721445, -0.829910071103063, -0.4132154329836289, 0.7311604327384883], [0.0, 0.0, 0.0, 1.0]];[0.43708030227585026, -0.020446778708736457, 0.7311604327384883];[0.1469392149618552, -0.8276572863197714, 0.5250149815637195, 0.1332349527782887];[-2.0327656231266973, -0.38422023470076755, -3.0299045112954595]
