timestamp;T_cam_map;trans_cam_map;rot_quat_cam_map;rot_eul_cam_map;T_map_cam;trans_map_cam;rot_quat_map_cam;rot_eul_map_cam
1681734527.2610343;[[-0.9193746337927944, -0.1034017594465862, 0.3795502060093175, 0.13076796666742063], [-0.3876221094390494, 0.4026392295313785, -0.829235039730232, 0.7658683688011179], [-0.0670774404132018, -0.9094997124714929, -0.4102571023174189, 0.3136050210722211], [0.0, 0.0, 0.0, 1.0]];[0.13076796666742063, 0.7658683688011179, 0.3136050210722211];[-0.14852881790518463, 0.8264791233965915, -0.5259463617955726, 0.13509949428214482];[-1.9945479931787573, 0.06712784371538463, -2.7425926464024513];[[-0.9193746337927944, -0.3876221094390494, -0.0670774404132018, 0.4381280862482744], [-0.1034017594465862, 0.4026392295313785, -0.9094997124714929, -0.00962333560907025], [0.3795502060093175, -0.829235039730232, -0.4102571023174189, 0.7141105657601668], [0.0, 0.0, 0.0, 1.0]];[0.4381280862482744, -0.00962333560907025, 0.7141105657601668];[0.14852881790518463, -0.8264791233965915, 0.5259463617955726, 0.13509949428214482];[-2.0302284048577923, -0.38931007413835356, -3.0295936445853786]
