timestamp;T_cam_map;trans_cam_map;rot_quat_cam_map;rot_eul_cam_map;T_map_cam;trans_map_cam;rot_quat_map_cam;rot_eul_map_cam
1681734527.3610482;[[-0.9153887038630995, -0.10136336817854238, 0.38960106318044907, 0.1359939337516618], [-0.3966896860096236, 0.39194270545372684, -0.8300712069787746, 0.7363615850915051], [-0.06856248138319701, -0.9143885296924468, -0.3989897278295074, 0.31295831768748816], [0.0, 0.0, 0.0, 1.0]];[0.1359939337516618, 0.7363615850915051, 0.31295831768748816];[-0.151375624286641, 0.822545004414095, -0.5302019121475953, 0.13925181664983774];[-1.982237709263942, 0.06861631190945201, -2.7326652827351676];[[-0.9153887038630995, -0.3966896860096236, -0.06856248138319701, 0.4380515555598409], [-0.10136336817854238, 0.39194270545372684, -0.9143885296924468, 0.011338747289242668], [0.38960106318044907, -0.8300712069787746, -0.3989897278295074, 0.6831163225300816], [0.0, 0.0, 0.0, 1.0]];[0.4380515555598409, 0.011338747289242668, 0.6831163225300816];[0.151375624286641, -0.822545004414095, 0.5302019121475953, 0.13925181664983774];[-2.018860111552685, -0.40019838918117534, -3.031309346303437]
