timestamp;T_cam_map;trans_cam_map;rot_quat_cam_map;rot_eul_cam_map;T_map_cam;trans_map_cam;rot_quat_map_cam;rot_eul_map_cam
1681734464.6853452;[[-0.34436469342930826, -0.05006425243315471, 0.937500148558734, 0.021740621439293277], [-0.9327527940289522, 0.13173569493646353, -0.33558595308920575, 0.1328173338174495], [-0.10670137370494381, -0.9900198368254631, -0.092062693538488, 0.15758004546863488], [0.0, 0.0, 0.0, 1.0]];[0.021740621439293277, 0.1328173338174495, 0.15758004546863488];[-0.39241633030899603, 0.6261315919805237, -0.5292840222778213, 0.4169257451779236];[-1.6635204263490424, 0.1069048872199058, -1.9244651884011141];[[-0.34436469342930826, -0.9327527940289522, -0.10670137370494381, 0.1481864489705978], [-0.05006425243315471, 0.13173569493646353, -0.9900198368254631, 0.13959901509154746], [0.937500148558734, -0.33558595308920575, -0.092062693538488, 0.0386970391605593], [0.0, 0.0, 0.0, 1.0]];[0.1481864489705978, 0.13959901509154746, 0.0386970391605593];[0.39241633030899603, -0.6261315919805237, 0.5292840222778213, 0.4169257451779236];[-1.8385434145222763, -1.215375552015899, -2.9972226172355865]
