timestamp;T_cam_map;trans_cam_map;rot_quat_cam_map;rot_eul_cam_map;T_map_cam;trans_map_cam;rot_quat_map_cam;rot_eul_map_cam
1681734527.461043;[[-0.9160671342482369, -0.09933394662520773, 0.38852769862402703, 0.1365547072094476], [-0.3952689907475466, 0.3872121561187628, -0.8329640875255516, 0.7199669979442546], [-0.06770103768509239, -0.9166239759038158, -0.39397595903131255, 0.3170785381674319], [0.0, 0.0, 0.0, 1.0]];[0.1365547072094476, 0.7199669979442546, 0.3170785381674319];[-0.15057943805871427, 0.8211661295679322, -0.5326535034847142, 0.13889660078563226];[-1.9767356878127185, 0.06775286181281456, -2.734242218447672];[[-0.9160671342482369, -0.3952689907475466, -0.06770103768509239, 0.43114045401203954], [-0.09933394662520773, 0.3872121561187628, -0.9166239759038158, 0.0254263347178178], [0.38852769862402703, -0.8329640875255516, -0.39397595903131255, 0.6715726885255427], [0.0, 0.0, 0.0, 1.0]];[0.43114045401203954, 0.0254263347178178, 0.6715726885255427];[0.15057943805871427, -0.8211661295679322, 0.5326535034847142, 0.13889660078563226];[-2.0125958281789718, -0.3990332216409143, -3.033579455274412]
