timestamp;T_cam_map;trans_cam_map;rot_quat_cam_map;rot_eul_cam_map;T_map_cam;trans_map_cam;rot_quat_map_cam;rot_eul_map_cam
1681734527.561057;[[-0.9193224182089077, -0.08888398677256387, 0.3833352687582252, 0.13990816668676], [-0.38725958388116516, 0.3772300364678141, -0.8412654243927288, 0.6969825648974367], [-0.06983055255912601, -0.9218444209745514, -0.38121720507786755, 0.3187073086332216], [0.0, 0.0, 0.0, 1.0]];[0.13990816668676, 0.6969825648974367, 0.3187073086332216];[-0.1454860391937535, 0.8181946070090216, -0.5387195876945691, 0.1384651699715843];[-1.9629181854711573, 0.0698874299805652, -2.74290717777465];[[-0.9193224182089077, -0.38725958388116516, -0.06983055255912601, 0.42078939964674544], [-0.08888398677256387, 0.3772300364678141, -0.9218444209745514, 0.043311391650818765], [0.3833352687582252, -0.8412654243927288, -0.38121720507786755, 0.6542123080094812], [0.0, 0.0, 0.0, 1.0]];[0.42078939964674544, 0.043311391650818765, 0.6542123080094812];[0.1454860391937535, -0.8181946070090216, 0.5387195876945691, 0.1384651699715843];[-1.9962645140337594, -0.39340472751100225, -3.0452080008481914]
