timestamp;T_cam_map;trans_cam_map;rot_quat_cam_map;rot_eul_cam_map;T_map_cam;trans_map_cam;rot_quat_map_cam;rot_eul_map_cam
1681734527.6610248;[[-0.9216853285926591, -0.08210780884190907, 0.379149657502447, 0.1427759734914317], [-0.38095047189243636, 0.3762294188778432, -0.8445875693708561, 0.6846761356094646], [-0.07330002061372407, -0.9228812123442655, -0.3780441440890293, 0.32144422348170276], [0.0, 0.0, 0.0, 1.0]];[0.1427759734914317, 0.6846761356094646, 0.32144422348170276];[-0.14153568155992244, 0.8179179194087159, -0.54023415423911, 0.1382931182273317];[-1.9595807649822246, 0.07336581868644527, -2.749656986825061];[[-0.9216853285926591, -0.38095047189243636, -0.07330002061372407, 0.41598408520387353], [-0.08210780884190907, 0.3762294188778432, -0.9228812123442655, 0.050782552386630375], [0.379149657502447, -0.8445875693708561, -0.3780441440890293, 0.6456555980702764], [0.0, 0.0, 0.0, 1.0]];[0.41598408520387353, 0.050782552386630375, 0.6456555980702764];[0.14153568155992244, -0.8179179194087159, 0.54023415423911, 0.1382931182273317];[-1.991659275636937, -0.3888771672566312, -3.052742770410642]
