timestamp;T_cam_map;trans_cam_map;rot_quat_cam_map;rot_eul_cam_map;T_map_cam;trans_map_cam;rot_quat_map_cam;rot_eul_map_cam
1681734527.76099;[[-0.9248149625147348, -0.07174283327745495, 0.37359102101387975, 0.15551422444461405], [-0.372292065990409, 0.37257159431087894, -0.850052365865329, 0.661375235781794], [-0.07820423715798783, -0.9252261199220293, -0.3712690726475396, 0.32610419886583186], [0.0, 0.0, 0.0, 1.0]];[0.15551422444461405, 0.661375235781794, 0.32610419886583186];[-0.1359066920923377, 0.8168010206704496, -0.5433632062341717, 0.1382819214038883];[-1.95240039149179, 0.07828417226555155, -2.758882674815297];[[-0.9248149625147348, -0.372292065990409, -0.07820423715798783, 0.41554936468067083], [-0.07174283327745495, 0.37257159431087894, -0.9252261199220293, 0.06646752765056152], [0.37359102101387975, -0.850052365865329, -0.3712690726475396, 0.6251772695079948], [0.0, 0.0, 0.0, 1.0]];[0.41554936468067083, 0.06646752765056152, 0.6251772695079948];[0.1359066920923377, -0.8168010206704496, 0.5433632062341717, 0.1382819214038883];[-1.9825856837959575, -0.3828773473582988, -3.0641723705339325]
