timestamp;T_cam_map;trans_cam_map;rot_quat_cam_map;rot_eul_cam_map;T_map_cam;trans_map_cam;rot_quat_map_cam;rot_eul_map_cam
1681734527.8610141;[[-0.9252362858958795, -0.06788988574892113, 0.3732677037658053, 0.15903072301701077], [-0.3709486071192363, 0.3682847180733707, -0.8525042506110552, 0.6491793904151998], [-0.07959237487282991, -0.9272310013403438, -0.3659340432584629, 0.3269024260784549], [0.0, 0.0, 0.0, 1.0]];[0.15903072301701077, 0.6491793904151998, 0.3269024260784549];[-0.13454835495948367, 0.8153917842405136, -0.5456687467145351, 0.13884738827128545];[-1.9466843165247716, 0.0796766509104111, -2.7602907473529545];[[-0.9252362858958795, -0.3709486071192363, -0.07959237487282991, 0.4139721265959026], [-0.06788988574892113, 0.3682847180733707, -0.9272310013403438, 0.07482779271140216], [0.3732677037658053, -0.8525042506110552, -0.3659340432584629, 0.6136918834551659], [0.0, 0.0, 0.0, 1.0]];[0.4139721265959026, 0.07482779271140216, 0.6136918834551659];[0.13454835495948367, -0.8153917842405136, 0.5456687467145351, 0.13884738827128545];[-1.9762578740772745, -0.3825288169352761, -3.0683481870584934]
