timestamp;T_cam_map;trans_cam_map;rot_quat_cam_map;rot_eul_cam_map;T_map_cam;trans_map_cam;rot_quat_map_cam;rot_eul_map_cam
1681734527.9609747;[[-0.92869602541587, -0.06509644261537806, 0.3650837513990296, 0.1741405831748185], [-0.3632792023188613, 0.3575005050155582, -0.8603613253024525, 0.6220977447042491], [-0.07451116385708587, -0.931641477217735, -0.3556574818392252, 0.32939792190955264], [0.0, 0.0, 0.0, 1.0]];[0.1741405831748185, 0.6220977447042491, 0.32939792190955264];[-0.13177722812363774, 0.8126890568154977, -0.5512572082433677, 0.13522850823741167];[-1.9354747695416508, 0.07458028327187943, -2.7687203451325093];[[-0.92869602541587, -0.3632792023188613, -0.07451116385708587, 0.41226266245216414], [-0.06509644261537806, 0.3575005050155582, -0.931641477217735, 0.09581644113910692], [0.3650837513990296, -0.8603613253024525, -0.3556574818392252, 0.5888057781545624], [0.0, 0.0, 0.0, 1.0]];[0.41226266245216414, 0.09581644113910692, 0.5888057781545624];[0.13177722812363774, -0.8126890568154977, 0.5512572082433677, 0.13522850823741167];[-1.9627850164119476, -0.37372276247342856, -3.0716126572323628]
