timestamp;T_cam_map;trans_cam_map;rot_quat_cam_map;rot_eul_cam_map;T_map_cam;trans_map_cam;rot_quat_map_cam;rot_eul_map_cam
1681734528.060977;[[-0.9317446442686801, -0.06361510758235578, 0.3574983020434032, 0.1852925972561887], [-0.35625335291652344, 0.3506319962686484, -0.8661066630204375, 0.611053197560446], [-0.07025287476229036, -0.9343502133996373, -0.3493625800049085, 0.33192138484874734], [0.0, 0.0, 0.0, 1.0]];[0.1852925972561887, 0.611053197560446, 0.33192138484874734];[-0.12940821019894774, 0.8111318050326711, -0.5549211808885842, 0.13183775255504387];[-1.928610748867487, 0.07031079193707056, -2.7763930318163057];[[-0.9317446442686801, -0.35625335291652344, -0.07025287476229036, 0.413653567038064], [-0.06361510758235578, 0.3506319962686484, -0.9343502133996373, 0.10766342278703689], [0.3574983020434032, -0.8661066630204375, -0.3493625800049085, 0.5789563683363068], [0.0, 0.0, 0.0, 1.0]];[0.413653567038064, 0.10766342278703689, 0.5789563683363068];[0.12940821019894774, -0.8111318050326711, 0.5549211808885842, 0.13183775255504387];[-1.9542056235018639, -0.3655877907013519, -3.073423186758652]
