timestamp;T_cam_map;trans_cam_map;rot_quat_cam_map;rot_eul_cam_map;T_map_cam;trans_map_cam;rot_quat_map_cam;rot_eul_map_cam
1681734528.1609938;[[-0.9404783140682323, -0.05868492283267682, 0.33474859312549515, 0.2029772108263532], [-0.3344577565818079, 0.3346436703642165, -0.8809946781606742, 0.5791007911902032], [-0.0603203931489153, -0.9405156530953053, -0.3343527425535372, 0.3382947211615932], [0.0, 0.0, 0.0, 1.0]];[0.2029772108263532, 0.5791007911902032, 0.3382947211615932];[-0.12168685027673334, 0.8076934330217728, -0.5638000312944473, 0.12228308728361324];[-1.9123619560498994, 0.06035703296548765, -2.7999153663178125];[[-0.9404783140682323, -0.3344577565818079, -0.0603203931489153, 0.4049864870691363], [-0.05868492283267682, 0.3346436703642165, -0.9405156530953053, 0.13629076829141518], [0.33474859312549515, -0.8809946781606742, -0.3343527425535372, 0.5553481472083094], [0.0, 0.0, 0.0, 1.0]];[0.4049864870691363, 0.13629076829141518, 0.5553481472083094];[0.12168685027673334, -0.8076934330217728, 0.5638000312944473, 0.12228308728361324];[-1.9335214968897658, -0.34133841826064604, -3.0792744337398736]
