timestamp;T_cam_map;trans_cam_map;rot_quat_cam_map;rot_eul_cam_map;T_map_cam;trans_map_cam;rot_quat_map_cam;rot_eul_map_cam
1681734528.2610247;[[-0.9455559894464245, -0.054384480088643605, 0.3208834666159688, 0.21179668533872942], [-0.32047011808506864, 0.3275570102310844, -0.8888224279702982, 0.5680266474732623], [-0.05676948332102219, -0.9432649327595942, -0.3271520936651682, 0.34647259629440474], [0.0, 0.0, 0.0, 1.0]];[0.21179668533872942, 0.5680266474732623, 0.34647259629440474];[-0.11623155121099815, 0.8062668747602554, -0.5680772142830084, 0.11709923902345816];[-1.9046438491145936, 0.05680002016583953, -2.814820389307476];[[-0.9455559894464245, -0.32047011808506864, -0.05676948332102219, 0.40197026143468373], [-0.054384480088643605, 0.3275570102310844, -0.9432649327595942, 0.15227279248540054], [0.3208834666159688, -0.8888224279702982, -0.3271520936651682, 0.5502620046250715], [0.0, 0.0, 0.0, 1.0]];[0.40197026143468373, 0.15227279248540054, 0.5502620046250715];[0.11623155121099815, -0.8062668747602554, 0.5680772142830084, 0.11709923902345816];[-1.923480774973704, -0.3266621340708826, -3.08414007530208]
