timestamp;T_cam_map;trans_cam_map;rot_quat_cam_map;rot_eul_cam_map;T_map_cam;trans_map_cam;rot_quat_map_cam;rot_eul_map_cam
1681734528.361009;[[-0.9536226478845808, -0.0429861800825779, 0.2979195088669243, 0.23252188822333714], [-0.29596921164041223, 0.3141894519358212, -0.9020461263445576, 0.5415279528264731], [-0.05482764998204896, -0.9483866176903684, -0.3123407629229163, 0.3534683297938819], [0.0, 0.0, 0.0, 1.0]];[0.23252188822333714, 0.5415279528264731, 0.3534683297938819];[-0.10550907911468395, 0.8031427119048204, -0.5759974898004858, 0.10980214151864734];[-1.8889477433818342, 0.05485515651056674, -2.8406558187389863];[[-0.9536226478845808, -0.29596921164041223, -0.05482764998204896, 0.40139357788363716], [-0.0429861800825779, 0.3141894519358212, -0.9483866176903684, 0.17507749080771587], [0.2979195088669243, -0.9020461263445576, -0.3123407629229163, 0.5296129532110219], [0.0, 0.0, 0.0, 1.0]];[0.40139357788363716, 0.17507749080771587, 0.5296129532110219];[0.10550907911468395, -0.8031427119048204, 0.5759974898004858, 0.10980214151864734];[-1.904133708705921, -0.3025124523987388, -3.0965464280938115]
