timestamp;T_cam_map;trans_cam_map;rot_quat_cam_map;rot_eul_cam_map;T_map_cam;trans_map_cam;rot_quat_map_cam;rot_eul_map_cam
1681734464.7853122;[[-0.341900310157516, -0.05609113679971656, 0.9380607455206247, 0.011594987238669821], [-0.9332920394150075, 0.13696865691900248, -0.33197222201018717, 0.13477487309414615], [-0.10986422110391886, -0.9889860319510687, -0.09917903773937897, 0.15927002934440113], [0.0, 0.0, 0.0, 1.0]];[0.011594987238669821, 0.13477487309414615, 0.15927002934440113];[-0.3937988289288265, 0.6281019035188274, -0.5257738619166834, 0.4170999008097783];[-1.6707457215345123, 0.11008644313082055, -1.9219513466871785];[[-0.341900310157516, -0.9332920394150075, -0.10986422110391886, 0.14724672362422908], [-0.05609113679971656, 0.13696865691900248, -0.9889860319510687, 0.13970627699131055], [0.9380607455206247, -0.33197222201018717, -0.09917903773937897, 0.0496609599698963], [0.0, 0.0, 0.0, 1.0]];[0.14724672362422908, 0.13970627699131055, 0.0496609599698963];[0.3937988289288265, -0.6281019035188274, 0.5257738619166834, 0.4170999008097783];[-1.8611123993983354, -1.2169900447364463, -2.9789841876255325]
