timestamp;T_cam_map;trans_cam_map;rot_quat_cam_map;rot_eul_cam_map;T_map_cam;trans_map_cam;rot_quat_map_cam;rot_eul_map_cam
1681734528.461018;[[-0.958870853898798, -0.0379595029093842, 0.28129301747868274, 0.240350146964195], [-0.2788672427813115, 0.31072689603264175, -0.908670378622231, 0.5310843114587699], [-0.052912630315824924, -0.9497409500599583, -0.30853262604183135, 0.3583280053371286], [0.0, 0.0, 0.0, 1.0]];[0.240350146964195, 0.5310843114587699, 0.3583280053371286];[-0.09865961193719501, 0.8028278732040373, -0.5787078995106955, 0.10407138907021042];[-1.8849013868845623, 0.05293735179954378, -2.8585709124549847];[[-0.958870853898798, -0.2788672427813115, -0.052912630315824924, 0.3975268455533881], [-0.0379595029093842, 0.31072689603264175, -0.9497409500599583, 0.1844201726937163], [0.28129301747868274, -0.908670378622231, -0.30853262604183135, 0.5255276447535597], [0.0, 0.0, 0.0, 1.0]];[0.3975268455533881, 0.1844201726937163, 0.5255276447535597];[0.09865961193719501, -0.8028278732040373, 0.5787078995106955, 0.10407138907021042];[-1.8981250917090193, -0.285141267486227, -3.1020256029262185]
