timestamp;T_cam_map;trans_cam_map;rot_quat_cam_map;rot_eul_cam_map;T_map_cam;trans_map_cam;rot_quat_map_cam;rot_eul_map_cam
1681734528.5610588;[[-0.9675582551339864, -0.026799128844145828, 0.2512226693896688, 0.2537483405911944], [-0.24762016941275067, 0.29797688844298287, -0.9218969712792418, 0.5114896120279212], [-0.05015251361673351, -0.954196824898843, -0.29494600307664853, 0.3703434522893334], [0.0, 0.0, 0.0, 1.0]];[0.2537483405911944, 0.5114896120279212, 0.3703434522893334];[-0.08574797300764517, 0.800075175632518, -0.5862242240845978, 0.09417089549370883];[-1.870584296138931, 0.050173562007020084, -2.891047452585428];[[-0.9675582551339864, -0.24762016941275067, -0.05015251361673351, 0.39074510108258537], [-0.026799128844145828, 0.29797688844298287, -0.954196824898843, 0.2077686977070612], [0.2512226693896688, -0.9218969712792418, -0.29494600307664853, 0.5170247097111627], [0.0, 0.0, 0.0, 1.0]];[0.39074510108258537, 0.2077686977070612, 0.5170247097111627];[0.08574797300764517, -0.800075175632518, 0.5862242240845978, 0.09417089549370883];[-1.8804392212024343, -0.2539432289204562, -3.1139020429591473]
