timestamp;T_cam_map;trans_cam_map;rot_quat_cam_map;rot_eul_cam_map;T_map_cam;trans_map_cam;rot_quat_map_cam;rot_eul_map_cam
1681734528.6610708;[[-0.9745075548010647, -0.025068617952267017, 0.2229497477675475, 0.25058602758211057], [-0.22104472544771875, 0.27734980745308446, -0.9349953548855093, 0.502086467261861], [-0.038396028276273905, -0.9604419028237471, -0.2758207684582641, 0.3781049325621625], [0.0, 0.0, 0.0, 1.0]];[0.25058602758211057, 0.502086467261861, 0.3781049325621625];[-0.0774005914126547, 0.7949336655835525, -0.5960991903386793, 0.08219106428583894];[-1.8504515771327505, 0.03840546879662669, -2.9185398303226986];[[-0.9745075548010647, -0.22104472544771875, -0.038396028276273905, 0.36969926999532327], [-0.025068617952267017, 0.27734980745308446, -0.9604419028237471, 0.23017608126680353], [0.2229497477675475, -0.9349953548855093, -0.2758207684582641, 0.5178696160543679], [0.0, 0.0, 0.0, 1.0]];[0.36969926999532327, 0.23017608126680353, 0.5178696160543679];[0.0774005914126547, -0.7949336655835525, 0.5960991903386793, 0.08219106428583894];[-1.8576568611477777, -0.22483933890826094, -3.1158739299640446]
