timestamp;T_cam_map;trans_cam_map;rot_quat_cam_map;rot_eul_cam_map;T_map_cam;trans_map_cam;rot_quat_map_cam;rot_eul_map_cam
1681734528.761026;[[-0.9746388396925377, -0.026303833436185878, 0.22223240202397454, 0.26190828906575503], [-0.22091786221212956, 0.27151277769188653, -0.9367369479772104, 0.48616450914873643], [-0.035699164113555684, -0.9620753192430403, -0.2704378852620243, 0.3829009925038208], [0.0, 0.0, 0.0, 1.0]];[0.26190828906575503, 0.48616450914873643, 0.3829009925038208];[-0.07792026032682417, 0.7931881086234286, -0.5984747648687091, 0.08129583743545028];[-1.8448233355469779, 0.03570675114832576, -2.9186926894191325];[[-0.9746388396925377, -0.22091786221212956, -0.035699164113555684, 0.37633766037609057], [-0.026303833436185878, 0.27151277769188653, -0.9620753192430403, 0.24326891031854636], [0.22223240202397454, -0.9367369479772104, -0.2704378852620243, 0.5007546850032172], [0.0, 0.0, 0.0, 1.0]];[0.37633766037609057, 0.24326891031854636, 0.5007546850032172];[0.07792026032682417, -0.7931881086234286, 0.5984747648687091, 0.08129583743545028];[-1.8518560810613793, -0.22410353317847745, -3.114610915465505]
