timestamp;T_cam_map;trans_cam_map;rot_quat_cam_map;rot_eul_cam_map;T_map_cam;trans_map_cam;rot_quat_map_cam;rot_eul_map_cam
1681734528.8610291;[[-0.9755466733273493, -0.023666397878375406, 0.21851450700446556, 0.2746431797189508], [-0.21672656570706592, 0.26905167096787835, -0.9384246341961691, 0.46732450130220715], [-0.03658256246851817, -0.9628349287187576, -0.26760159970071556, 0.39137243591426707], [0.0, 0.0, 0.0, 1.0]];[0.2746431797189508, 0.46732450130220715, 0.39137243591426707];[-0.07583412062766996, 0.7924960479390328, -0.5997694145792105, 0.08047266296670809];[-1.841885345743389, 0.036590727028652854, -2.9229838654104245];[[-0.9755466733273493, -0.21672656570706592, -0.03658256246851817, 0.3835262811501522], [-0.023666397878375406, 0.26905167096787835, -0.9628349287187576, 0.2575924282422215], [0.21851450700446556, -0.9384246341961691, -0.26760159970071556, 0.4832671950964292], [0.0, 0.0, 0.0, 1.0]];[0.3835262811501522, 0.2575924282422215, 0.4832671950964292];[0.07583412062766996, -0.7924960479390328, 0.5997694145792105, 0.08047266296670809];[-1.8485838827279155, -0.22029192947159532, -3.1173377846294756]
