timestamp;T_cam_map;trans_cam_map;rot_quat_cam_map;rot_eul_cam_map;T_map_cam;trans_map_cam;rot_quat_map_cam;rot_eul_map_cam
1681734528.9610367;[[-0.9753534855202938, -0.020259956316699523, 0.21971598133376508, 0.2785027623412123], [-0.2173708710696651, 0.25921290770822664, -0.9410412174224152, 0.44397143836118724], [-0.03788776443429982, -0.9656076856816602, -0.2572281373774636, 0.3949499437890097], [0.0, 0.0, 0.0, 1.0]];[0.2785027623412123, 0.44397143836118724, 0.3949499437890097];[-0.07526909084900482, 0.7892709500871652, -0.6039272390848512, 0.08159547292967512];[-1.831140311091535, 0.03789683483306137, -2.922312515392101];[[-0.9753534855202938, -0.2173708710696651, -0.03788776443429982, 0.38310886869677296], [-0.020259956316699523, 0.25921290770822664, -0.9656076856816602, 0.2719260275043135], [0.21971598133376508, -0.9410412174224152, -0.2572281373774636, 0.4581961535224098], [0.0, 0.0, 0.0, 1.0]];[0.38310886869677296, 0.2719260275043135, 0.4581961535224098];[0.07526909084900482, -0.7892709500871652, 0.6039272390848512, 0.08159547292967512];[-1.8376224817688303, -0.22152332812516223, -3.120823728783039]
