timestamp;T_cam_map;trans_cam_map;rot_quat_cam_map;rot_eul_cam_map;T_map_cam;trans_map_cam;rot_quat_map_cam;rot_eul_map_cam
1681734529.0610397;[[-0.9755935907692979, -0.014414447018862922, 0.21911040451564223, 0.2816616953519418], [-0.2157773059638065, 0.24792782909998018, -0.9444426641087182, 0.4215385349518093], [-0.04070994818063278, -0.9686712627485714, -0.24498711158797465, 0.4009730858105579], [0.0, 0.0, 0.0, 1.0]];[0.2816616953519418, 0.4215385349518093, 0.4009730858105579];[-0.07325587300465536, 0.7855743967723954, -0.6088264633870112, 0.08268483346827835];[-1.8185123813913828, 0.04072120134047003, -2.9239214853598177];[[-0.9755935907692979, -0.2157773059638065, -0.04070994818063278, 0.38206938772757637], [-0.014414447018862922, 0.24792782909998018, -0.9686712627485714, 0.2879599690926098], [0.21911040451564223, -0.9444426641087182, -0.24498711158797465, 0.4346372070864926], [0.0, 0.0, 0.0, 1.0]];[0.38206938772757637, 0.2879599690926098, 0.4346372070864926];[0.07325587300465536, -0.7855743967723954, 0.6088264633870112, 0.08268483346827835];[-1.8246009899792837, -0.2209026260438592, -3.1268186755821357]
