timestamp;T_cam_map;trans_cam_map;rot_quat_cam_map;rot_eul_cam_map;T_map_cam;trans_map_cam;rot_quat_map_cam;rot_eul_map_cam
1681734529.1610138;[[-0.9757950838602206, -0.010904346076786725, 0.21841485652506054, 0.28371131778294467], [-0.21457877295033317, 0.2404211745040417, -0.94665390140707, 0.40319896860700666], [-0.04218891457900377, -0.9706074150173875, -0.23694164133792678, 0.4041387152444891], [0.0, 0.0, 0.0, 1.0]];[0.28371131778294467, 0.40319896860700666, 0.4041387152444891];[-0.07198156530262541, 0.7831280067304114, -0.6120523400858484, 0.08319322283980583];[-1.8102303050840653, 0.04220143998715869, -2.9251363322615673];[[-0.9757950838602206, -0.21457877295033317, -0.04218891457900377, 0.38041222280215164], [-0.010904346076786725, 0.2404211745040417, -0.9706074150173875, 0.2984161505155932], [0.21841485652506054, -0.94665390140707, -0.23694164133792678, 0.41548040042526213], [0.0, 0.0, 0.0, 1.0]];[0.38041222280215164, 0.2984161505155932, 0.41548040042526213];[0.07198156530262541, -0.7831280067304114, 0.6120523400858484, 0.08319322283980583];[-1.8160515272860827, -0.22018981233806684, -3.1304182867673473]
