timestamp;T_cam_map;trans_cam_map;rot_quat_cam_map;rot_eul_cam_map;T_map_cam;trans_map_cam;rot_quat_map_cam;rot_eul_map_cam
1681734529.2610397;[[-0.9775845878181915, -0.00606508118363798, 0.21045566861116527, 0.29031256771281105], [-0.20654273284180402, 0.22155314207676133, -0.9530237692451085, 0.3811880117143815], [-0.04084694811826105, -0.9751294375754176, -0.21783963551951183, 0.396950812572068], [0.0, 0.0, 0.0, 1.0]];[0.29031256771281105, 0.3811880117143815, 0.396950812572068];[-0.06837745539386346, 0.7773315517548585, -0.6201193050982041, 0.0808222103432249];[-1.7905831639402512, 0.040858315327818, -2.933376150350668];[[-0.9775845878181915, -0.20654273284180402, -0.04084694811826105, 0.378750934758624], [-0.00606508118363798, 0.22155314207676133, -0.9751294375754176, 0.30438579018299977], [0.21045566861116527, -0.9530237692451085, -0.21783963551951183, 0.38865493050073796], [0.0, 0.0, 0.0, 1.0]];[0.378750934758624, 0.30438579018299977, 0.38865493050073796];[0.06837745539386346, -0.7773315517548585, 0.6201193050982041, 0.0808222103432249];[-1.7955131105192206, -0.21204104423325398, -3.1353885834325506]
