timestamp;T_cam_map;trans_cam_map;rot_quat_cam_map;rot_eul_cam_map;T_map_cam;trans_map_cam;rot_quat_map_cam;rot_eul_map_cam
1681734529.3610144;[[-0.9788748975921749, 0.003091148635618754, 0.20443673755962163, 0.29414715854629797], [-0.19915656815161653, 0.2118453872387215, -0.956795794967634, 0.35844198633030167], [-0.046266577850318874, -0.9772983048720532, -0.20675450918476165, 0.39850221506384886], [0.0, 0.0, 0.0, 1.0]];[0.29414715854629797, 0.35844198633030167, 0.39850221506384886];[-0.06331315888870451, 0.7741890586309748, -0.6245548417010095, 0.08095674842436677];[-1.7792794968718684, 0.04628310011430124, -2.940877612445508];[[-0.9788748975921749, -0.19915656815161653, -0.046266577850318874, 0.3777566793348044], [0.003091148635618754, 0.2118453872387215, -0.9772983048720532, 0.3126120052850872], [0.20443673755962163, -0.956795794967634, -0.20675450918476165, 0.36521342968960746], [0.0, 0.0, 0.0, 1.0]];[0.3777566793348044, 0.3126120052850872, 0.36521342968960746];[0.06331315888870451, -0.7741890586309748, 0.6245548417010095, 0.08095674842436677];[-1.7836145991326828, -0.2058882573101172, 3.138434805361964]
