timestamp;T_cam_map;trans_cam_map;rot_quat_cam_map;rot_eul_cam_map;T_map_cam;trans_map_cam;rot_quat_map_cam;rot_eul_map_cam
1681734464.8853047;[[-0.341794673823169, -0.06402087815857815, 0.9375914505294498, 0.008206859482370783], [-0.9335822257685572, 0.13747317936925574, -0.3309461477085583, 0.14112632196488398], [-0.10770621465421537, -0.9884343438559351, -0.10675635442889175, 0.15860207625890238], [0.0, 0.0, 0.0, 1.0]];[0.008206859482370783, 0.14112632196488398, 0.15860207625890238];[-0.396070858949654, 0.6296872651605153, -0.5238237155821177, 0.4150066719696187];[-1.678384782676183, 0.10791555260979498, -1.9217511731951533];[[-0.341794673823169, -0.9335822257685572, -0.10770621465421537, 0.15164051590454147], [-0.06402087815857815, 0.13747317936925574, -0.9884343438559351, 0.13789206535894072], [0.9375914505294498, -0.3309461477085583, -0.10675635442889175, 0.055942310774442165], [0.0, 0.0, 0.0, 1.0]];[0.15164051590454147, 0.13789206535894072, 0.055942310774442165];[0.396070858949654, -0.6296872651605153, 0.5238237155821177, 0.4150066719696187];[-1.8828371691197339, -1.215638018204764, -2.9564301853474197]
