timestamp;T_cam_map;trans_cam_map;rot_quat_cam_map;rot_eul_cam_map;T_map_cam;trans_map_cam;rot_quat_map_cam;rot_eul_map_cam
1681734458.5852742;[[-0.0016418660227188742, 0.0016299755230766988, 0.9999973237242978, 0.003142991285435894], [-0.9999985626724808, 0.0004203237284577943, -0.0016425531761338763, -0.017017205817277125], [-0.00042299992502808914, -0.9999985832528753, 0.0016292830650196377, -0.002398396473583792], [0.0, 0.0, 0.0, 1.0]];[0.003142991285435894, -0.017017205817277125, -0.002398396473583792];[-0.49907627853460534, 0.5001082149610615, -0.5007121991122447, 0.500101924804024];[-1.569167042863274, 0.00042299993764257797, -1.5724381937021752];[[-0.0016418660227188742, -0.9999985626724808, -0.00042299992502808914, -0.017013035508906156], [0.0016299755230766988, 0.0004203237284577943, -0.9999985832528753, -0.0023963633391299336], [0.9999973237242978, -0.0016425531761338763, 0.0016292830650196377, -0.0031670268726311642], [0.0, 0.0, 0.0, 1.0]];[-0.017013035508906156, -0.0023963633391299336, -0.0031670268726311642];[0.49907627853460534, -0.5001082149610615, 0.5007121991122447, 0.500101924804024];[-0.78945400157902, -1.568482768109276, 2.359828665970436]
