timestamp;T_cam_map;trans_cam_map;rot_quat_cam_map;rot_eul_cam_map;T_map_cam;trans_map_cam;rot_quat_map_cam;rot_eul_map_cam
1681734529.4610329;[[-0.9808298959582277, 0.008952792197366152, 0.19466012099668425, 0.29584678110335483], [-0.18872551294461393, 0.2051498541065608, -0.9603625451483672, 0.33537623845020853], [-0.04853242172368222, -0.9786896264250112, -0.19952748975944914, 0.3987152788677668], [0.0, 0.0, 0.0, 1.0]];[0.29584678110335483, 0.33537623845020853, 0.3987152788677668];[-0.058197379010271916, 0.7722543686869366, -0.6277245717853128, 0.07872812138760264];[-1.7719122529608862, 0.04855149412431033, -2.951501743786554];[[-0.9808298959582277, -0.18872551294461393, -0.04853242172368222, 0.37282003822181664], [0.008952792197366152, 0.2051498541065608, -0.9786896264250112, 0.31876746618269336], [0.19466012099668425, -0.9603625451483672, -0.19952748975944914, 0.34404786645549335], [0.0, 0.0, 0.0, 1.0]];[0.37282003822181664, 0.31876746618269336, 0.34404786645549335];[0.058197379010271916, -0.7722543686869366, 0.6277245717853128, 0.07872812138760264];[-1.7756447316616406, -0.19591093081287886, 3.1324651345275685]
