timestamp;T_cam_map;trans_cam_map;rot_quat_cam_map;rot_eul_cam_map;T_map_cam;trans_map_cam;rot_quat_map_cam;rot_eul_map_cam
1681734529.561034;[[-0.9823769459413774, 0.022878477214373666, 0.18550501708375378, 0.2883060678670377], [-0.17738333009664103, 0.19870411559991114, -0.9638733467875764, 0.2999868547862662], [-0.058912564760995365, -0.9797924523714239, -0.19114408175319747, 0.4065238485973123], [0.0, 0.0, 0.0, 1.0]];[0.2883060678670377, 0.2999868547862662, 0.4065238485973123];[-0.05015730308716014, 0.7701014776142308, -0.6309771684831926, 0.0793459008161993];[-1.7634627390544508, 0.05894669597211408, -2.962952070169092];[[-0.9823769459413774, -0.17738333009664103, -0.058912564760995365, 0.3603872642921716], [0.022878477214373666, 0.19870411559991114, -0.9797924523714239, 0.3321043720882643], [0.18550501708375378, -0.9638733467875764, -0.19114408175319747, 0.31337173942100144], [0.0, 0.0, 0.0, 1.0]];[0.3603872642921716, 0.3321043720882643, 0.31337173942100144];[0.05015730308716014, -0.7701014776142308, 0.6309771684831926, 0.0793459008161993];[-1.766564721047084, -0.18658577475540533, 3.1183079639061653]
