timestamp;T_cam_map;trans_cam_map;rot_quat_cam_map;rot_eul_cam_map;T_map_cam;trans_map_cam;rot_quat_map_cam;rot_eul_map_cam
1681734529.6610072;[[-0.9835726651153627, 0.015407596982599275, 0.17985388067285096, 0.2928248508242103], [-0.17349831520863304, 0.19435598789428335, -0.965465734549602, 0.27576329622427453], [-0.04983118559324194, -0.9808100508889877, -0.18849004487641494, 0.4011059614222653], [0.0, 0.0, 0.0, 1.0]];[0.2928248508242103, 0.27576329622427453, 0.4011059614222653];[-0.05138431634937041, 0.7691584196194666, -0.6325991290589691, 0.07465466814356897];[-1.7606594767327917, 0.04985183169884549, -2.9669927601408954];[[-0.9835726651153627, -0.17349831520863304, -0.04983118559324194, 0.3558465718346566], [0.015407596982599275, 0.19435598789428335, -0.9808100508889877, 0.3353007832838065], [0.17985388067285096, -0.965465734549602, -0.18849004487641494, 0.28917880824148634], [0.0, 0.0, 0.0, 1.0]];[0.3558465718346566, 0.3353007832838065, 0.28917880824148634];[0.05138431634937041, -0.7691584196194666, 0.6325991290589691, 0.07465466814356897];[-1.7636033339211081, -0.18083790768483096, 3.1259290047061863]
