timestamp;T_cam_map;trans_cam_map;rot_quat_cam_map;rot_eul_cam_map;T_map_cam;trans_map_cam;rot_quat_map_cam;rot_eul_map_cam
1681734529.7610037;[[-0.985151434360621, 0.013081444028785888, 0.17118857204653778, 0.29895285727424403], [-0.16546080788295403, 0.1937583232439961, -0.9669955704285285, 0.2540825252539953], [-0.04581890910891587, -0.9809620726591812, -0.18871682376585308, 0.4066287721716736], [0.0, 0.0, 0.0, 1.0]];[0.29895285727424403, 0.2540825252539953, 0.4066287721716736];[-0.04951531621941817, 0.7693546941057928, -0.6329842587597999, 0.07051607107163937];[-1.76085369416398, 0.0458349560991912, -2.9751910225717495];[[-0.985151434360621, -0.16546080788295403, -0.04581890910891587, 0.3551858228005989], [0.013081444028785888, 0.1937583232439961, -0.9809620726591812, 0.34574606402389013], [0.17118857204653778, -0.9669955704285285, -0.18871682376585308, 0.27125705403394507], [0.0, 0.0, 0.0, 1.0]];[0.3551858228005989, 0.34574606402389013, 0.27125705403394507];[0.04951531621941817, -0.7693546941057928, 0.6329842587597999, 0.07051607107163937];[-1.7635317144742455, -0.17203592330363965, 3.128314821566142]
