timestamp;T_cam_map;trans_cam_map;rot_quat_cam_map;rot_eul_cam_map;T_map_cam;trans_map_cam;rot_quat_map_cam;rot_eul_map_cam
1681734529.8610013;[[-0.9852122957313583, 0.011390697210943906, 0.17095901367519456, 0.29692099125003396], [-0.16560517110202305, 0.19264052533641698, -0.9671941662884339, 0.2268256419909943], [-0.043950650097768065, -0.9812032816981188, -0.18790545585699645, 0.40990555798888373], [0.0, 0.0, 0.0, 1.0]];[0.29692099125003396, 0.2268256419909943, 0.40990555798888373];[-0.05013141427593421, 0.7690510836291652, -0.6333771219695943, 0.06986195987098814];[-1.7600105533482253, 0.04396481202762483, -2.9750586062228583];[[-0.9852122957313583, -0.16560517110202305, -0.043950650097768065, 0.3481093264448213], [0.011390697210943906, 0.19264052533641698, -0.9812032816981188, 0.35512273074517375], [0.17095901367519456, -0.9671941662884339, -0.18790545585699645, 0.24564660862696958], [0.0, 0.0, 0.0, 1.0]];[0.3481093264448213, 0.35512273074517375, 0.24564660862696958];[0.05013141427593421, -0.7690510836291652, 0.6333771219695943, 0.06986195987098814];[-1.7626848626391554, -0.1718029301983129, 3.130031500971932]
