timestamp;T_cam_map;trans_cam_map;rot_quat_cam_map;rot_eul_cam_map;T_map_cam;trans_map_cam;rot_quat_map_cam;rot_eul_map_cam
1681734529.9610043;[[-0.9863366250672089, 0.011450197166709655, 0.16434401429888462, 0.31000214243501173], [-0.1591429508822843, 0.19165262890651635, -0.9684744658573607, 0.2217208115259981], [-0.04258618597042195, -0.9813960275128817, -0.1872117890156174, 0.40989594059430623], [0.0, 0.0, 0.0, 1.0]];[0.31000214243501173, 0.2217208115259981, 0.40989594059430623];[-0.04801701532241535, 0.768960506623933, -0.6339306364155851, 0.06727595191390877];[-1.759292362213876, 0.04259906875248272, -2.981623801002586];[[-0.9863366250672089, -0.1591429508822843, -0.04258618597042195, 0.35850767590588595], [0.011450197166709655, 0.19165262890651635, -0.9813960275128817, 0.35622728572768114], [0.16434401429888462, -0.9684744658573607, -0.1872117890156174, 0.2405213003319765], [0.0, 0.0, 0.0, 1.0]];[0.35850767590588595, 0.35622728572768114, 0.2405213003319765];[0.04801701532241535, -0.768960506623933, 0.6339306364155851, 0.06727595191390877];[-1.7617470054763618, -0.1650929463827687, 3.1299843623055086]
