timestamp;T_cam_map;trans_cam_map;rot_quat_cam_map;rot_eul_cam_map;T_map_cam;trans_map_cam;rot_quat_map_cam;rot_eul_map_cam
1681734530.0610237;[[-0.9866205608920277, 0.014735770848047836, 0.16236602440971132, 0.3188226100807347], [-0.15672192180964917, 0.1886957151373902, -0.9694494140041962, 0.1959825811335869], [-0.044923357503545515, -0.9819250399833498, -0.1838616539801215, 0.41089245788766415], [0.0, 0.0, 0.0, 1.0]];[0.3188226100807347, 0.1959825811335869, 0.41089245788766415];[-0.046220606742836685, 0.7679807826387228, -0.6352289334906189, 0.06747870083448787];[-1.7558990079668277, 0.044938481273770314, -2.9840616099206527];[[-0.9866205608920277, -0.15672192180964917, -0.044923357503545515, 0.3637303779205842], [0.014735770848047836, 0.1886957151373902, -0.9819250399833498, 0.36178642291540164], [0.16236602440971132, -0.9694494140041962, -0.1838616539801215, 0.21377660565943274], [0.0, 0.0, 0.0, 1.0]];[0.3637303779205842, 0.36178642291540164, 0.21377660565943274];[0.046220606742836685, -0.7679807826387228, 0.6352289334906189, 0.06747870083448787];[-1.7582259950582861, -0.16308802472575237, 3.1266581632038553]
