timestamp;T_cam_map;trans_cam_map;rot_quat_cam_map;rot_eul_cam_map;T_map_cam;trans_map_cam;rot_quat_map_cam;rot_eul_map_cam
1681734530.1610408;[[-0.9870895394199521, 0.016403587540231093, 0.15932722141403574, 0.32735975776609116], [-0.15347021086978407, 0.1878170479719716, -0.9701400161145187, 0.17780703206861156], [-0.04583814506817659, -0.9820670439470539, -0.18287478133904814, 0.4094410537609201], [0.0, 0.0, 0.0, 1.0]];[0.32735975776609116, 0.17780703206861156, 0.4094410537609201];[-0.044632370391691926, 0.7677534384050279, -0.6356881527346825, 0.06680704905354569];[-1.7549018099089988, 0.04585421229052632, -2.9873500929571613];[[-0.9870895394199521, -0.15347021086978407, -0.04583814506817659, 0.3691894936428184], [0.016403587540231093, 0.1878170479719716, -0.9820670439470539, 0.36333349902210427], [0.15932722141403574, -0.9701400161145187, -0.18287478133904814, 0.19521683952643223], [0.0, 0.0, 0.0, 1.0]];[0.3691894936428184, 0.36333349902210427, 0.19521683952643223];[0.044632370391691926, -0.7677534384050279, 0.6356881527346825, 0.06680704905354569];[-1.7571135120240104, -0.16000913143972403, 3.1249760477833193]
