timestamp;T_cam_map;trans_cam_map;rot_quat_cam_map;rot_eul_cam_map;T_map_cam;trans_map_cam;rot_quat_map_cam;rot_eul_map_cam
1681734530.2610755;[[-0.9870572941988274, 0.0225167288978929, 0.15877939062935414, 0.3376033093555751], [-0.15172455128111934, 0.1895397582798999, -0.9700795537324456, 0.1542572388767199], [-0.05193802564049998, -0.9816148312606816, -0.1836702603625062, 0.4120087240406166], [0.0, 0.0, 0.0, 1.0]];[0.3376033093555751, 0.1542572388767199, 0.4120087240406166];[-0.04205118275322164, 0.7681580750147123, -0.6351864441950138, 0.0685787935854929];[-1.7557677998953043, 0.05196140500903472, -2.989072399933972];[[-0.9870572941988274, -0.15172455128111934, -0.05193802564049998, 0.3780373390688496], [0.0225167288978929, 0.1895397582798999, -0.9816148312606816, 0.36759427216564944], [0.15877939062935414, -0.9700795537324456, -0.1836702603625062, 0.1717110953317602], [0.0, 0.0, 0.0, 1.0]];[0.3780373390688496, 0.36759427216564944, 0.1717110953317602];[0.04205118275322164, -0.7681580750147123, 0.6351864441950138, 0.0685787935854929];[-1.757916612036373, -0.15945423683719362, 3.1187846317555814]
