timestamp;T_cam_map;trans_cam_map;rot_quat_cam_map;rot_eul_cam_map;T_map_cam;trans_map_cam;rot_quat_map_cam;rot_eul_map_cam
1681734530.3610337;[[-0.9871264957535918, 0.023754538830504504, 0.15816764291783675, 0.3456245722694524], [-0.15102809193400202, 0.1870809241686496, -0.9706653611100886, 0.13977914785044349], [-0.052647856822561144, -0.982057253777576, -0.18108493442259935, 0.40734412136614806], [0.0, 0.0, 0.0, 1.0]];[0.3456245722694524, 0.13977914785044349, 0.40734412136614806];[-0.041465390690182596, 0.7673480882795045, -0.6361919201707813, 0.06868313838282768];[-1.753141560820355, 0.05267220873624684, -2.9897722587331894];[[-0.9871264957535918, -0.15102809193400202, -0.052647856822561144, 0.38373154584188884], [0.023754538830504504, 0.1870809241686496, -0.982057253777576, 0.36567508468916043], [0.15816764291783675, -0.9706653611100886, -0.18108493442259935, 0.1547760365985866], [0.0, 0.0, 0.0, 1.0]];[0.38373154584188884, 0.36567508468916043, 0.1547760365985866];[0.041465390690182596, -0.7673480882795045, 0.6361919201707813, 0.06868313838282768];[-1.7552336621921565, -0.15883465965975652, 3.1175329660315074]
