timestamp;T_cam_map;trans_cam_map;rot_quat_cam_map;rot_eul_cam_map;T_map_cam;trans_map_cam;rot_quat_map_cam;rot_eul_map_cam
1681734464.9852843;[[-0.3426080267229835, -0.06639352776754764, 0.9371294678407909, 0.014873397210043346], [-0.9331374460426352, 0.13974773956050898, -0.3312477563407138, 0.14912088395363612], [-0.1089690176977482, -0.9879587383885567, -0.10983298422459353, 0.15748472899529584], [0.0, 0.0, 0.0, 1.0]];[0.014873397210043346, 0.14912088395363612, 0.15748472899529584];[-0.3960672979245766, 0.6309098094236779, -0.5227397303959881, 0.4145198211825739];[-1.6815133293303401, 0.10918583240629325, -1.922673352507213];[[-0.3426080267229835, -0.9331374460426352, -0.1089690176977482, 0.16140698229392972], [-0.06639352776754764, 0.13974773956050898, -0.9879587383885567, 0.13573660503053336], [0.9371294678407909, -0.3312477563407138, -0.10983298422459353, 0.052754677176108], [0.0, 0.0, 0.0, 1.0]];[0.16140698229392972, 0.13573660503053336, 0.052754677176108];[0.3960672979245766, -0.6309098094236779, 0.5227397303959881, 0.4145198211825739];[-1.8909622129840293, -1.2143118551447258, -2.9501766710059543]
