timestamp;T_cam_map;trans_cam_map;rot_quat_cam_map;rot_eul_cam_map;T_map_cam;trans_map_cam;rot_quat_map_cam;rot_eul_map_cam
1681734530.4610856;[[-0.9884945679964532, 0.024534893540358392, 0.14925323460638634, 0.3594215441767864], [-0.14229762377987668, 0.1837080233890886, -0.9726267261437325, 0.1072730771743958], [-0.05128230989441092, -0.9826746161072024, -0.17810312616699414, 0.40980848628305055], [0.0, 0.0, 0.0, 1.0]];[0.3594215441767864, 0.1072730771743958, 0.40980848628305055];[-0.03840746926527625, 0.7665353412518786, -0.6377074992581573, 0.0654032285625897];[-1.7500932215960712, 0.051304814217289094, -2.9986209666034003];[[-0.9884945679964532, -0.14229762377987668, -0.05128230989441092, 0.3915668738080492], [0.024534893540358392, 0.1837080233890886, -0.9826746161072024, 0.37418310264260835], [0.14925323460638634, -0.9726267261437325, -0.17810312616699414, 0.12368000633666401], [0.0, 0.0, 0.0, 1.0]];[0.3915668738080492, 0.37418310264260835, 0.12368000633666401];[0.03840746926527625, -0.7665353412518786, 0.6377074992581573, 0.0654032285625897];[-1.751905439648632, -0.14981300499205047, 3.1167772849359467]
