timestamp;T_cam_map;trans_cam_map;rot_quat_cam_map;rot_eul_cam_map;T_map_cam;trans_map_cam;rot_quat_map_cam;rot_eul_map_cam
1681734530.5610256;[[-0.9887256647276083, 0.025878743336364723, 0.14748508586389386, 0.3698063599768226], [-0.14034597984951627, 0.18318550271636416, -0.9730087756719528, 0.09772029781786636], [-0.05219737396678846, -0.9827376874008058, -0.17748823035088188, 0.4132542579272564], [0.0, 0.0, 0.0, 1.0]];[0.3698063599768226, 0.09772029781786636, 0.4132542579272564];[-0.037339867792045484, 0.7663875321589682, -0.6379756914766349, 0.06513756143323554];[-1.7494760936641052, 0.05222110560502251, -3.00058830881989];[[-0.9887256647276083, -0.14034597984951627, -0.05219737396678846, 0.4009224770814126], [0.025878743336364723, 0.18318550271636416, -0.9827376874008058, 0.37864946798861376], [0.14748508586389386, -0.9730087756719528, -0.17748823035088188, 0.11388955150834067], [0.0, 0.0, 0.0, 1.0]];[0.4009224770814126, 0.37864946798861376, 0.11388955150834067];[0.037339867792045484, -0.7663875321589682, 0.6379756914766349, 0.06513756143323554];[-1.7512243373381, -0.14802506718536326, 3.1154247921633202]
