timestamp;T_cam_map;trans_cam_map;rot_quat_cam_map;rot_eul_cam_map;T_map_cam;trans_map_cam;rot_quat_map_cam;rot_eul_map_cam
1681734530.6610591;[[-0.9894811309973467, 0.020914723705080233, 0.14314211725607573, 0.3833380519264277], [-0.13737278066586667, 0.17428707766805923, -0.9750655022561591, 0.07444517075776869], [-0.04534104688182296, -0.9844727466467867, -0.16958066097698837, 0.4057831625755286], [0.0, 0.0, 0.0, 1.0]];[0.3833380519264277, 0.07444517075776869, 0.4057831625755286];[-0.0381197203281408, 0.7637651585471797, -0.6414073183929809, 0.06169539223824636];[-1.7413776290098575, 0.04535659670511443, -3.0036413159771524];[[-0.9894811309973467, -0.13737278066586667, -0.04534104688182296, 0.4079311426868127], [0.020914723705080233, 0.17428707766805923, -0.9844727466467867, 0.3784902239041942], [0.14314211725607573, -0.9750655022561591, -0.16958066097698837, 0.08653007436079177], [0.0, 0.0, 0.0, 1.0]];[0.4079311426868127, 0.3784902239041942, 0.08653007436079177];[0.0381197203281408, -0.7637651585471797, 0.6414073183929809, 0.06169539223824636];[-1.7429911748229228, -0.14363550247293833, 3.1204587388977245]
