timestamp;T_cam_map;trans_cam_map;rot_quat_cam_map;rot_eul_cam_map;T_map_cam;trans_map_cam;rot_quat_map_cam;rot_eul_map_cam
1681734530.7610905;[[-0.9904017174623156, 0.02469330577602579, 0.13599514218363679, 0.3861603401369835], [-0.12984967864437544, 0.17094709939289, -0.9766863110360001, 0.048348576013278716], [-0.04736558881348692, -0.9849707253817291, -0.16609988301423506, 0.4090608667226331], [0.0, 0.0, 0.0, 1.0]];[0.3861603401369835, 0.048348576013278716, 0.4090608667226331];[-0.034463989028512436, 0.7627989086039386, -0.6429142118228509, 0.060094714651829806];[-1.7378588790465304, 0.04738331749296743, -3.011228128683922];[[-0.9904017174623156, -0.12984967864437544, -0.04736558881348692, 0.40810731995861055], [0.02469330577602579, 0.17094709939289, -0.9849707253817291, 0.3851123544342473], [0.13599514218363679, -0.9766863110360001, -0.16609988301423506, 0.0626504240959731], [0.0, 0.0, 0.0, 1.0]];[0.40810731995861055, 0.3851123544342473, 0.0626504240959731];[0.034463989028512436, -0.7627989086039386, 0.6429142118228509, 0.060094714651829806];[-1.7392493844031762, -0.1364178676418048, 3.1166652019260295]
