timestamp;T_cam_map;trans_cam_map;rot_quat_cam_map;rot_eul_cam_map;T_map_cam;trans_map_cam;rot_quat_map_cam;rot_eul_map_cam
1681734530.8610427;[[-0.9913241261857144, 0.02962849485374626, 0.1280571323075413, 0.39202136600306975], [-0.1216738702772779, 0.16167030556125983, -0.9793151594821132, 0.026971987249520643], [-0.04971866987237038, -0.9863999516384976, -0.15666266075134772, 0.4146416374976134], [0.0, 0.0, 0.0, 1.0]];[0.39202136600306975, 0.026971987249520643, 0.4146416374976134];[-0.030282953143531563, 0.7598778014421663, -0.6467207975380694, 0.058488286485837676];[-1.7283034228279268, 0.049739176337093016, -3.0194647504430243];[[-0.9913241261857144, -0.1216738702772779, -0.04971866987237038, 0.41251745486692465], [0.02962849485374626, 0.16167030556125983, -0.9863999516384976, 0.39302691872954826], [0.1280571323075413, -0.9793151594821132, -0.15666266075134772, 0.04117180624984751], [0.0, 0.0, 0.0, 1.0]];[0.41251745486692465, 0.39302691872954826, 0.04117180624984751];[0.030282953143531563, -0.7598778014421663, 0.6467207975380694, 0.058488286485837676];[-1.7294239453274816, -0.12840973410942624, 3.1117137506036685]
