timestamp;T_cam_map;trans_cam_map;rot_quat_cam_map;rot_eul_cam_map;T_map_cam;trans_map_cam;rot_quat_map_cam;rot_eul_map_cam
1681734530.9611163;[[-0.9926211104450188, 0.03211029973771256, 0.11692843858383042, 0.39576943287001265], [-0.11111803174563839, 0.1451358306851588, -0.9831522637273967, 0.012327152229946958], [-0.04853981994068012, -0.9888905497081483, -0.14049685611444537, 0.4181181382448983], [0.0, 0.0, 0.0, 1.0]];[0.39576943287001265, 0.012327152229946958, 0.4181181382448983];[-0.026172098617937074, 0.7546942753931262, -0.6532588353105939, 0.05481300969134715];[-1.7119270268438298, 0.048558901070928376, -3.0301127222116895];[[-0.9926211104450188, -0.11111803174563839, -0.04853981994068012, 0.4145142419727875], [0.03211029973771256, 0.1451358306851588, -0.9888905497081483, 0.39897568897658864], [0.11692843858383042, -0.9831522637273967, -0.14049685611444537, 0.02458704970331912], [0.0, 0.0, 0.0, 1.0]];[0.4145142419727875, 0.39897568897658864, 0.02458704970331912];[0.026172098617937074, -0.7546942753931262, 0.6532588353105939, 0.05481300969134715];[-1.7127397646194462, -0.11719653736127737, 3.109254931032316]
