timestamp;T_cam_map;trans_cam_map;rot_quat_cam_map;rot_eul_cam_map;T_map_cam;trans_map_cam;rot_quat_map_cam;rot_eul_map_cam
1681734531.0611143;[[-0.993308546455231, 0.03175718493914583, 0.11103878936541572, 0.4020849638504696], [-0.10589509275876427, 0.13325991704871712, -0.9854075420037041, 0.00660092702429578], [-0.04609078941186601, -0.9905721961133929, -0.12900528445951773, 0.4254429415716211], [0.0, 0.0, 0.0, 1.0]];[0.4020849638504696, 0.00660092702429578, 0.4254429415716211];[-0.024682083358023542, 0.7509283833967567, -0.6578456021261745, 0.05231177241780377];[-1.7003005466985426, 0.046107123943458485, -3.0353853445823726];[[-0.993308546455231, -0.10589509275876427, -0.04609078941186601, 0.4197024378000881], [0.03175718493914583, 0.13325991704871712, -0.9905721961133929, 0.4077832234075912], [0.11103878936541572, -0.9854075420037041, -0.12900528445951773, 0.01674196336470503], [0.0, 0.0, 0.0, 1.0]];[0.4197024378000881, 0.4077832234075912, 0.01674196336470503];[0.024682083358023542, -0.7509283833967567, 0.6578456021261745, 0.05231177241780377];[-1.7009716734459157, -0.11126824228411047, 3.109632421841093]
