timestamp;T_cam_map;trans_cam_map;rot_quat_cam_map;rot_eul_cam_map;T_map_cam;trans_map_cam;rot_quat_map_cam;rot_eul_map_cam
1681734531.1610706;[[-0.9936537965603545, 0.029592267748255192, 0.10851926221049141, 0.4038657364759192], [-0.10393594042802581, 0.12730806636578362, -0.9864025428421945, -0.005273799863972896], [-0.043005265590805086, -0.9914216832043372, -0.12342444329930569, 0.42861340731704234], [0.0, 0.0, 0.0, 1.0]];[0.4038657364759192, -0.005273799863972896, 0.42861340731704234];[-0.0248121964624637, 0.7490638000573523, -0.6600987211954106, 0.05057130240097538];[-1.6946514780780395, 0.0430185326706527, -3.0373718960437777];[[-0.9936537965603545, -0.10393594042802581, -0.043005265590805086, 0.41918721841889894], [0.029592267748255192, 0.12730806636578362, -0.9914216832043372, 0.41365671998114917], [0.10851926221049141, -0.9864025428421945, -0.12342444329930569, 0.0038720698379972754], [0.0, 0.0, 0.0, 1.0]];[0.41918721841889894, 0.41365671998114917, 0.0038720698379972754];[0.0248121964624637, -0.7490638000573523, 0.6600987211954106, 0.05057130240097538];[-1.69527521997643, -0.10873339385137193, 3.1118201877591694]
