timestamp;T_cam_map;trans_cam_map;rot_quat_cam_map;rot_eul_cam_map;T_map_cam;trans_map_cam;rot_quat_map_cam;rot_eul_map_cam
1681734531.261079;[[-0.9935024350303439, 0.031619381284431466, 0.10933035404665611, 0.4056498344802557], [-0.10508839611485322, 0.1139558158701046, -0.9879121929763731, -0.022861370186961313], [-0.04369600200001287, -0.9929825208716258, -0.10989255048749348, 0.4372653044378444], [0.0, 0.0, 0.0, 1.0]];[0.4056498344802557, -0.022861370186961313, 0.4372653044378444];[-0.024669310828664595, 0.7445385821748832, -0.665141727129028, 0.05138295036358668];[-1.6810169743177223, 0.04370991905262125, -3.036208836058852];[[-0.9935024350303439, -0.10508839611485322, -0.04369600200001287, 0.4197183792171064], [0.031619381284431466, 0.1139558158701046, -0.9929825208716258, 0.42397559359755543], [0.10933035404665611, -0.9879121929763731, -0.10989255048749348, -0.018882666834174357], [0.0, 0.0, 0.0, 1.0]];[0.4197183792171064, 0.42397559359755543, -0.018882666834174357];[0.024669310828664595, -0.7445385821748832, 0.665141727129028, 0.05138295036358668];[-1.6815780617638258, -0.10954934060070598, 3.109777218780638]
