timestamp;T_cam_map;trans_cam_map;rot_quat_cam_map;rot_eul_cam_map;T_map_cam;trans_map_cam;rot_quat_map_cam;rot_eul_map_cam
1681734531.3610728;[[-0.9928274276690086, 0.033189786385846104, 0.11485702829083352, 0.4056306931022814], [-0.11118137974564174, 0.09692306413638767, -0.989062495718177, -0.03270022711262411], [-0.04395906807468548, -0.9947383363066266, -0.09253779020448667, 0.43984893487313104], [0.0, 0.0, 0.0, 1.0]];[0.4056306931022814, -0.03270022711262411, 0.43984893487313104];[-0.02639743547719325, 0.7386285064242177, -0.6714474241011231, 0.053753712111100777];[-1.6635566251483875, 0.043973238148234985, -3.0300726813546315];[[-0.9928274276690086, -0.11118137974564174, -0.04395906807468548, 0.4184209705186235], [0.033189786385846104, 0.09692306413638767, -0.9947383363066266, 0.427241207856044], [0.11485702829083352, -0.989062495718177, -0.09253779020448667, -0.03822945577488566], [0.0, 0.0, 0.0, 1.0]];[0.4184209705186235, 0.427241207856044, -0.03822945577488566];[0.02639743547719325, -0.7386285064242177, 0.6714474241011231, 0.053753712111100777];[-1.66408586562825, -0.115111074274782, 3.1081755358158847]
