timestamp;T_cam_map;trans_cam_map;rot_quat_cam_map;rot_eul_cam_map;T_map_cam;trans_map_cam;rot_quat_map_cam;rot_eul_map_cam
1681734465.085243;[[-0.3320745905921265, -0.07082338121641307, 0.9405905139624504, 0.013633175257473373], [-0.9359133366815456, 0.1488957863469787, -0.3192119531435673, 0.15126976942206977], [-0.11744229436062525, -0.9863133850258698, -0.115729054321388, 0.1553076002120688], [0.0, 0.0, 0.0, 1.0]];[0.013633175257473373, 0.15126976942206977, 0.1553076002120688];[-0.39835871942957485, 0.6318028630950665, -0.516587298993055, 0.41865622574896233];[-1.6875972348768888, 0.11771395814254317, -1.911752798440702];[[-0.3320745905921265, -0.9359133366815456, -0.11744229436062525, 0.16434230663150162], [-0.07082338121641307, 0.1488957863469787, -0.9863133850258698, 0.13162408118523505], [0.9405905139624504, -0.3192119531435673, -0.115729054321388, 0.05343748492789583], [0.0, 0.0, 0.0, 1.0]];[0.16434230663150162, 0.13162408118523505, 0.05343748492789583];[0.39835871942957485, -0.6318028630950665, 0.516587298993055, 0.41865622574896233];[-1.9186040754077593, -1.2243652802162566, -2.9314653636382744]
