timestamp;T_cam_map;trans_cam_map;rot_quat_cam_map;rot_eul_cam_map;T_map_cam;trans_map_cam;rot_quat_map_cam;rot_eul_map_cam
1681734531.4610512;[[-0.9910742744428078, 0.03415793190366053, 0.12886046028835593, 0.4015440955733528], [-0.12590886502797924, 0.0777710961484475, -0.9889886826001776, -0.04778577482060664], [-0.04380342732056672, -0.9963859153420093, -0.07277614625025149, 0.4431118661447663], [0.0, 0.0, 0.0, 1.0]];[0.4015440955733528, -0.04778577482060664, 0.4431118661447663];[-0.03134794913146729, 0.7317140009664819, -0.6783301246524639, 0.058992956052795274];[-1.6437069741500667, 0.04381744732909463, -3.0152267809257682];[[-0.9910742744428078, -0.12590886502797924, -0.04380342732056672, 0.4113531889285619], [0.03415793190366053, 0.0777710961484475, -0.9963859153420093, 0.4315108585627488], [0.12886046028835593, -0.9889886826001776, -0.07277614625025149, -0.06675477349274096], [0.0, 0.0, 0.0, 1.0]];[0.4113531889285619, 0.4315108585627488, -0.06675477349274096];[0.03134794913146729, -0.7317140009664819, 0.6783301246524639, 0.058992956052795274];[-1.644250363865757, -0.12921977341291854, 3.1071407287459594]
