timestamp;T_cam_map;trans_cam_map;rot_quat_cam_map;rot_eul_cam_map;T_map_cam;trans_map_cam;rot_quat_map_cam;rot_eul_map_cam
1681734531.5611362;[[-0.9891717885055937, 0.036135291109024664, 0.14224420396315432, 0.3973784962419793], [-0.13963464999191672, 0.06665325312973855, -0.9879572401520516, -0.06276451515887631], [-0.045181161409157254, -0.9971216498420288, -0.06088577888169491, 0.4466102279874836], [0.0, 0.0, 0.0, 1.0]];[0.3973784962419793, -0.06276451515887631, 0.4466102279874836];[-0.035569429452701376, 0.7274460152679764, -0.6822083179817878, 0.06441212180647793];[-1.6317821419412255, 0.04519654721213364, -3.0013560602195155];[[-0.9891717885055937, -0.13963464999191672, -0.045181161409157254, 0.404489865532903], [0.036135291109024664, 0.06665325312973855, -0.9971216498420288, 0.43514879884148383], [0.14224420396315432, -0.9879572401520516, -0.06088577888169491, -0.09134123345831141], [0.0, 0.0, 0.0, 1.0]];[0.404489865532903, 0.43514879884148383, -0.09134123345831141];[0.035569429452701376, -0.7274460152679764, 0.6822083179817878, 0.06441212180647793];[-1.632346432516334, -0.14272830577954, 3.1050780358412347]
