timestamp;T_cam_map;trans_cam_map;rot_quat_cam_map;rot_eul_cam_map;T_map_cam;trans_map_cam;rot_quat_map_cam;rot_eul_map_cam
1681734531.6610358;[[-0.9851651219734386, 0.03875189799918406, 0.16717647217392945, 0.3963984611201894], [-0.16525706209984276, 0.04836035854969416, -0.9850641497623768, -0.0825492017578126], [-0.0462578195896488, -0.9980779358959931, -0.04123891371515083, 0.4555401780452438], [0.0, 0.0, 0.0, 1.0]];[0.3963984611201894, -0.0825492017578126, 0.4555401780452438];[-0.04391307661738682, 0.7202021234067356, -0.6883977501613063, 0.0740883304932443];[-1.6120911680996883, 0.046274332466385064, -2.975394438944245];[[-0.9851651219734386, -0.16525706209984276, -0.0462578195896488, 0.39794839511022473], [0.03875189799918406, 0.04836035854969416, -0.9980779358959931, 0.4432955168837258], [0.16717647217392945, -0.9850641497623768, -0.04123891371515083, -0.12879877345217802], [0.0, 0.0, 0.0, 1.0]];[0.39794839511022473, 0.4432955168837258, -0.12879877345217802];[0.04391307661738682, -0.7202021234067356, 0.6883977501613063, 0.0740883304932443];[-1.6126360862766542, -0.16796513899025192, 3.102277488002475]
