timestamp;T_cam_map;trans_cam_map;rot_quat_cam_map;rot_eul_cam_map;T_map_cam;trans_map_cam;rot_quat_map_cam;rot_eul_map_cam
1681734531.7610228;[[-0.9822102905558464, 0.03653290220217886, 0.18419634139386754, 0.3939175726714932], [-0.18295754945421291, 0.03479162107193559, -0.982505001616224, -0.09399437905469608], [-0.0423022484498094, -0.9987266343498971, -0.02748871798061367, 0.4550686370830376], [0.0, 0.0, 0.0, 1.0]];[0.3939175726714932, -0.09399437905469608, 0.4550686370830376];[-0.05120255450861778, 0.7149284281675328, -0.6928076846252678, 0.07920323941524691];[-1.5983131454707857, 0.04231487512646036, -2.9574319754577556];[[-0.9822102905558464, -0.18295754945421291, -0.0423022484498094, 0.3889633388020064], [0.03653290220217886, 0.03479162107193559, -0.9987266343498971, 0.4433684329729727], [0.18419634139386754, -0.982505001616224, -0.02748871798061367, -0.15239886981529435], [0.0, 0.0, 0.0, 1.0]];[0.3889633388020064, 0.4433684329729727, -0.15239886981529435];[0.05120255450861778, -0.7149284281675328, 0.6928076846252678, 0.07920323941524691];[-1.5987672264518527, -0.18525415057094488, 3.1044152084602596]
