timestamp;T_cam_map;trans_cam_map;rot_quat_cam_map;rot_eul_cam_map;T_map_cam;trans_map_cam;rot_quat_map_cam;rot_eul_map_cam
1681734531.8610892;[[-0.9794243475317048, 0.035540399328620284, 0.19865756335376822, 0.3943496582224915], [-0.19781771680294075, 0.02579911361749305, -0.9798992584217131, -0.09866279430073327], [-0.03995119999406478, -0.9990351774347658, -0.01823775937225707, 0.45443717360363856], [0.0, 0.0, 0.0, 1.0]];[0.3943496582224915, -0.09866279430073327, 0.45443717360363856];[-0.057040113567249986, 0.7112420861636097, -0.6955910211003938, 0.08387044579816415];[-1.5890496718478042, 0.039961835308862215, -2.942300265528533];[[-0.9794243475317048, -0.19781771680294075, -0.03995119999406478, 0.3848737184093218], [0.035540399328620284, 0.02579911361749305, -0.9990351774347658, 0.44252879067571604], [0.19865756335376822, -0.9798992584217131, -0.01823775937225707, -0.16673222535898224], [0.0, 0.0, 0.0, 1.0]];[0.3848737184093218, 0.44252879067571604, -0.16673222535898224];[0.057040113567249986, -0.7112420861636097, 0.6955910211003938, 0.08387044579816415];[-1.589406049977208, -0.1999879932371544, 3.105321539362798]
