timestamp;T_cam_map;trans_cam_map;rot_quat_cam_map;rot_eul_cam_map;T_map_cam;trans_map_cam;rot_quat_map_cam;rot_eul_map_cam
1681734531.9610562;[[-0.9740008728363259, 0.031212225611158204, 0.2243838155626955, 0.39399563365721274], [-0.22408161887966405, 0.012909734221928813, -0.9744848725570799, -0.10617625353356144], [-0.03331257711952905, -0.9994294050780762, -0.005580006356458058, 0.44857770236574357], [0.0, 0.0, 0.0, 1.0]];[0.39399563365721274, -0.10617625353356144, 0.44857770236574357];[-0.0683180051271322, 0.7057780482231495, -0.6991979569939295, 0.0912809605409927];[-1.5763794608803476, 0.03331874151384046, -2.9154643770021096];[[-0.9740008728363259, -0.22408161887966405, -0.03331257711952905, 0.37490322360160844], [0.031212225611158204, 0.012909734221928813, -0.9994294050780762, 0.43739497281296386], [0.2243838155626955, -0.9744848725570799, -0.005580006356458058, -0.18937033005772208], [0.0, 0.0, 0.0, 1.0]];[0.37490322360160844, 0.43739497281296386, -0.18937033005772208];[0.0683180051271322, -0.7057780482231495, 0.6991979569939295, 0.0912809605409927];[-1.576522372963955, -0.22631068235165008, 3.1095582385806377]
