timestamp;T_cam_map;trans_cam_map;rot_quat_cam_map;rot_eul_cam_map;T_map_cam;trans_map_cam;rot_quat_map_cam;rot_eul_map_cam
1681734532.0611715;[[-0.9717867926331766, 0.02948875537827482, 0.23401034799761322, 0.392108732579133], [-0.2337237288103131, 0.012866575692759976, -0.9722179127237607, -0.11543598871946172], [-0.031680408058088305, -0.999482298260546, -0.005611346459653586, 0.44313084208405684], [0.0, 0.0, 0.0, 1.0]];[0.392108732579133, -0.11543598871946172, 0.44313084208405684];[-0.07238435282178954, 0.7053837102573305, -0.6988041339461228, 0.09416532881046229];[-1.5764105207774148, 0.03168570978396084, -2.90556619808066];[[-0.9717867926331766, -0.2337237288103131, -0.031680408058088305, 0.368104523774465], [0.02948875537827482, 0.012866575692759976, -0.999482298260546, 0.43282389986612035], [0.23401034799761322, -0.9722179127237607, -0.005611346459653586, -0.2014998762878929], [0.0, 0.0, 0.0, 1.0]];[0.368104523774465, 0.43282389986612035, -0.2014998762878929];[0.07238435282178954, -0.7053837102573305, 0.6988041339461228, 0.09416532881046229];[-1.576567958934336, -0.2362005278590568, 3.111257080601311]
