timestamp;T_cam_map;trans_cam_map;rot_quat_cam_map;rot_eul_cam_map;T_map_cam;trans_map_cam;rot_quat_map_cam;rot_eul_map_cam
1681734532.1611135;[[-0.9704910416240848, 0.02995582380852839, 0.2392692766473612, 0.3947024267878094], [-0.23877887310832874, 0.019051059492010455, -0.9708870721609948, -0.12636665549049964], [-0.03364205529565194, -0.9993696542081836, -0.011336064718411544, 0.4327564907672634], [0.0, 0.0, 0.0, 1.0]];[0.3947024267878094, -0.12636665549049964, 0.4327564907672634];[-0.07381389368255208, 0.707262003403708, -0.6964380656981751, 0.09646755043732862];[-1.5821390551937171, 0.03364840447494864, -2.900345229632512];[[-0.9704910416240848, -0.23877887310832874, -0.03364205529565194, 0.3674402995003099], [0.02995582380852839, 0.019051059492010455, -0.9993696542081836, 0.4230674868523287], [0.2392692766473612, -0.9708870721609948, -0.011336064718411544, -0.21222216072977507], [0.0, 0.0, 0.0, 1.0]];[0.3674402995003099, 0.4230674868523287, -0.21222216072977507];[0.07381389368255208, -0.707262003403708, 0.6964380656981751, 0.09646755043732862];[-1.582471783129662, -0.24161319771268663, 3.110735783740252]
