timestamp;T_cam_map;trans_cam_map;rot_quat_cam_map;rot_eul_cam_map;T_map_cam;trans_map_cam;rot_quat_map_cam;rot_eul_map_cam
1681734532.2610185;[[-0.9693124052410231, 0.03049818380789608, 0.24393302734620087, 0.3922461479143402], [-0.24322962143603716, 0.025023491881702067, -0.9696459024355892, -0.1371981772776363], [-0.035676495090530544, -0.9992215398191064, -0.016837519401300613, 0.42925521107145526], [0.0, 0.0, 0.0, 1.0]];[0.3922461479143402, -0.1371981772776363, 0.42925521107145526];[-0.07500270374889068, 0.7090792297980576, -0.6941634162713455, 0.09858190406887359];[-1.5876453691388521, 0.03568406767562222, -2.8957388302278333];[[-0.9693124052410231, -0.24322962143603716, -0.035676495090530544, 0.36215271779079694], [0.03049818380789608, 0.025023491881702067, -0.9992215398191064, 0.42039143534045564], [0.24393302734620087, -0.9696459024355892, -0.016837519401300613, -0.22148784779999736], [0.0, 0.0, 0.0, 1.0]];[0.36215271779079694, 0.42039143534045564, -0.22148784779999736];[0.07500270374889068, -0.7090792297980576, 0.6941634162713455, 0.09858190406887359];[-1.5881591881534074, -0.24641933239743782, 3.110139300100709]
