timestamp;T_cam_map;trans_cam_map;rot_quat_cam_map;rot_eul_cam_map;T_map_cam;trans_map_cam;rot_quat_map_cam;rot_eul_map_cam
1681734532.3610086;[[-0.9681686957236113, 0.0249237633907039, 0.24905457763166294, 0.39664853850356924], [-0.2482827189260291, 0.03040040693566981, -0.9682104661388683, -0.1521239281834273], [-0.031702809079642194, -0.9992270118829806, -0.023244582591861462, 0.4185017932425735], [0.0, 0.0, 0.0, 1.0]];[0.39664853850356924, -0.1521239281834273, 0.4185017932425735];[-0.07854215417942867, 0.7109524747216128, -0.6918315738306686, 0.09872579275472704];[-1.5940546962796078, 0.03170812206331927, -2.890556690751891];[[-0.9681686957236113, -0.2482827189260291, -0.031702809079642194, 0.359520638131245], [0.0249237633907039, 0.03040040693566981, -0.9992270118829806, 0.41291695132794287], [0.24905457763166294, -0.9682104661388683, -0.023244582591861462, -0.23634721414470544], [0.0, 0.0, 0.0, 1.0]];[0.359520638131245, 0.41291695132794287, -0.23634721414470544];[0.07854215417942867, -0.7109524747216128, 0.6918315738306686, 0.09872579275472704];[-1.5947994945926809, -0.2517039500175209, 3.1158551349881956]
