timestamp;T_cam_map;trans_cam_map;rot_quat_cam_map;rot_eul_cam_map;T_map_cam;trans_map_cam;rot_quat_map_cam;rot_eul_map_cam
1681734465.1852794;[[-0.3323064790462831, -0.0801707075371203, 0.939757980352846, 0.012409367320348065], [-0.9361803002451425, 0.1491285006510898, -0.3183192355583828, 0.15671707795601178], [-0.11462482024752546, -0.9855624525856066, -0.12461060402978166, 0.16796015457123054], [0.0, 0.0, 0.0, 1.0]];[0.012409367320348065, 0.15671707795601178, 0.16796015457123054];[-0.400991154619528, 0.6336492688639265, -0.5144335171733592, 0.415996219206084];[-1.6965650079800412, 0.11487732240503834, -1.9118829264022212];[[-0.3323064790462831, -0.9361803002451425, -0.11462482024752546, 0.1700915567822912], [-0.0801707075371203, 0.1491285006510898, -0.9855624525856066, 0.1431591067720398], [0.939757980352846, -0.3183192355583828, -0.12461060402978166, 0.05915387479753076], [0.0, 0.0, 0.0, 1.0]];[0.1700915567822912, 0.1431591067720398, 0.05915387479753076];[0.400991154619528, -0.6336492688639265, 0.5144335171733592, 0.415996219206084];[-1.9439227191074393, -1.2219216251800682, -2.9048610553253273]
