timestamp;T_cam_map;trans_cam_map;rot_quat_cam_map;rot_eul_cam_map;T_map_cam;trans_map_cam;rot_quat_map_cam;rot_eul_map_cam
1681734532.4610593;[[-0.9662162518365394, 0.013560354931294621, 0.25737573984563233, 0.40237342211849253], [-0.25691889835732784, 0.028619700445971945, -0.9660091057610378, -0.17130716450604852], [-0.020465442917424623, -0.999498388953439, -0.02416890824330898, 0.407494068790591], [0.0, 0.0, 0.0, 1.0]];[0.40237342211849253, -0.17130716450604852, 0.407494068790591];[-0.0856343330107699, 0.7104584541909928, -0.6916335090109607, 0.09776827241764541];[-1.5949726531003585, 0.02046687179184205, -2.8817042356631006];[[-0.9662162518365394, -0.25691889835732784, -0.020465442917424623, 0.3531072383763829], [0.013560354931294621, 0.028619700445971945, -0.999498388953439, 0.4067360985778432], [0.25737573984563233, -0.9660091057610378, -0.02416890824330898, -0.25919675124862046], [0.0, 0.0, 0.0, 1.0]];[0.3531072383763829, 0.4067360985778432, -0.25919675124862046];[0.0856343330107699, -0.7104584541909928, 0.6916335090109607, 0.09776827241764541];[-1.5958104462380431, -0.26030546669442733, 3.127559082226605]
