timestamp;T_cam_map;trans_cam_map;rot_quat_cam_map;rot_eul_cam_map;T_map_cam;trans_map_cam;rot_quat_map_cam;rot_eul_map_cam
1681734532.5610375;[[-0.9647426697986992, 0.007532305311289483, 0.2630871442058241, 0.41178995940194774], [-0.2628667916717601, 0.02232508797638077, -0.9645738127707193, -0.17378821465085198], [-0.013138908092913418, -0.9997223888778048, -0.019557972046753587, 0.39502102294680586], [0.0, 0.0, 0.0, 1.0]];[0.41178995940194774, -0.17378821465085198, 0.39502102294680586];[-0.09012521050138228, 0.7082770873432644, -0.6933360674621587, 0.09749928990886064];[-1.5903572346204113, 0.01313928615255103, -2.8755768429576163];[[-0.9647426697986992, -0.2628667916717601, -0.013138908092913418, 0.356778339329367], [0.007532305311289483, 0.02232508797638077, -0.9997223888778048, 0.3956894702003342], [0.2630871442058241, -0.9645738127707193, -0.019557972046753587, -0.26824239512740544], [0.0, 0.0, 0.0, 1.0]];[0.356778339329367, 0.3956894702003342, -0.26824239512740544];[0.09012521050138228, -0.7082770873432644, 0.6933360674621587, 0.09749928990886064];[-1.5910698322273624, -0.2662206824514421, 3.1337852325017637]
