timestamp;T_cam_map;trans_cam_map;rot_quat_cam_map;rot_eul_cam_map;T_map_cam;trans_map_cam;rot_quat_map_cam;rot_eul_map_cam
1681734532.6610982;[[-0.9625532917962657, -0.0002421611443146343, 0.27109242300395153, 0.4286137452392788], [-0.27106807308298786, 0.014292268605174996, -0.962454066858878, -0.1734085272699891], [-0.0036414567482193627, -0.9998978309887955, -0.01382271234791257, 0.37102274961401494], [0.0, 0.0, 0.0, 1.0]];[0.4286137452392788, -0.1734085272699891, 0.37102274961401494];[-0.09614722037905203, 0.7054552205401406, -0.6954204323362916, 0.09736049566045367];[-1.584619571014575, 0.0036414647960125797, -2.8670883111330596];[[-0.9625532917962657, -0.27106807308298786, -0.0036414567482193627, 0.366909119341284], [-0.0002421611443146343, 0.014292268605174996, -0.9998978309887955, 0.37356703743173925], [0.27109242300395153, -0.962454066858878, -0.01382271234791257, -0.27796314028627817], [0.0, 0.0, 0.0, 1.0]];[0.366909119341284, 0.37356703743173925, -0.27796314028627817];[0.09614722037905203, -0.7054552205401406, 0.6954204323362916, 0.09736049566045367];[-1.5851572844330113, -0.2745277724514643, -3.1413410715306287]
