timestamp;T_cam_map;trans_cam_map;rot_quat_cam_map;rot_eul_cam_map;T_map_cam;trans_map_cam;rot_quat_map_cam;rot_eul_map_cam
1681734532.7610776;[[-0.9592105610625579, -0.0065963126811095785, 0.28261561918101047, 0.4388663971428046], [-0.28266458554981866, 0.008308715471213556, -0.9591828278921426, -0.18465213488305382], [0.003978897083631638, -0.9999437253696988, -0.009834351619014726, 0.33916396938724713], [0.0, 0.0, 0.0, 1.0]];[0.4388663971428046, -0.18465213488305382, 0.33916396938724713];[-0.10285314176684558, 0.7030920331209825, -0.6966109915103856, 0.09907547979904124];[-1.5806309147930562, -0.00397890758243887, -2.8550194737752657];[[-0.9592105610625579, -0.28266458554981866, 0.003978897083631638, 0.3674211653285776], [-0.0065963126811095785, 0.008308715471213556, -0.9999437253696988, 0.3435740050909398], [0.28261561918101047, -0.9591828278921426, -0.009834351619014726, -0.2978101977482471], [0.0, 0.0, 0.0, 1.0]];[0.3674211653285776, 0.3435740050909398, -0.2978101977482471];[0.10285314176684558, -0.7030920331209825, 0.6966109915103856, 0.09907547979904124];[-1.5810488112602852, -0.28651979934847577, -3.1347159479208937]
