timestamp;T_cam_map;trans_cam_map;rot_quat_cam_map;rot_eul_cam_map;T_map_cam;trans_map_cam;rot_quat_map_cam;rot_eul_map_cam
1681734532.8610601;[[-0.9564021221893424, -0.012396942869135341, 0.2917898155851611, 0.4476562883709113], [-0.29182364434398933, 0.0009733867736419367, -0.9564716478390682, -0.2043099524047949], [0.011573300027034605, -0.999922681173744, -0.004548670222817531, 0.3032268934234036], [0.0, 0.0, 0.0, 1.0]];[0.4476562883709113, -0.2043099524047949, 0.3032268934234036];[-0.1085969166917661, 0.7003435191364669, -0.6983695413591725, 0.10002823896465744];[-1.5753453173645942, -0.011573558399698713, -2.845439297665547];[[-0.9564021221893424, -0.29182364434398933, 0.011573300027034605, 0.3650076135089749], [-0.012396942869135341, 0.0009733867736419367, -0.999922681173744, 0.3089518903132526], [0.2917898155851611, -0.9564716478390682, -0.004548670222817531, -0.3246589435349493], [0.0, 0.0, 0.0, 1.0]];[0.3650076135089749, 0.3089518903132526, -0.3246589435349493];[0.1085969166917661, -0.7003435191364669, 0.6983695413591725, 0.10002823896465744];[-1.5755519679494967, -0.2960975527140801, -3.128631318226143]
