timestamp;T_cam_map;trans_cam_map;rot_quat_cam_map;rot_eul_cam_map;T_map_cam;trans_map_cam;rot_quat_map_cam;rot_eul_map_cam
1681734532.9610825;[[-0.9537938459966702, -0.018757431564490862, 0.29987573776480125, 0.462875873464208], [-0.29975435999525546, -0.009044710263416375, -0.9539735409748459, -0.21178708635029417], [0.020606382572281506, -0.9997831524772532, 0.003004167094300717, 0.26805343443063073], [0.0, 0.0, 0.0, 1.0]];[0.462875873464208, -0.21178708635029417, 0.26805343443063073];[-0.11428768215827723, 0.6967325470793928, -0.7010425670660783, 0.10020679971216306];[-1.5677915171564973, -0.020607841175016177, -2.83709075908417];[[-0.9537938459966702, -0.29975435999525546, 0.020606382572281506, 0.3724804454266111], [-0.018757431564490862, -0.009044710263416375, -0.9997831524772532, 0.27476211739319795], [0.29987573776480125, -0.9539735409748459, 0.003004167094300717, -0.3416497980541725], [0.0, 0.0, 0.0, 1.0]];[0.3724804454266111, 0.27476211739319795, -0.3416497980541725];[0.11428768215827723, -0.6967325470793928, 0.7010425670660783, 0.10020679971216306];[-1.567647227753193, -0.30456239446611694, -3.121929060647228]
