timestamp;T_cam_map;trans_cam_map;rot_quat_cam_map;rot_eul_cam_map;T_map_cam;trans_map_cam;rot_quat_map_cam;rot_eul_map_cam
1681734533.0610406;[[-0.9505864253571877, -0.01699062191394371, 0.30999478494584587, 0.47277080051921916], [-0.30963653116754497, -0.02079447002589263, -0.9506275866935865, -0.22536995732717813], [0.022597931170214886, -0.9996393893716473, 0.014506023697297699, 0.23572931341643766], [0.0, 0.0, 0.0, 1.0]];[0.47277080051921916, -0.22536995732717813, 0.23572931341643766];[-0.11800637797531041, 0.691969278876237, -0.7046075005065549, 0.10383295275852622];[-1.5562860886324346, -0.022599854946708676, -2.826698719963137];[[-0.9505864253571877, -0.30963653116754497, 0.022597931170214886, 0.374299738663269], [-0.01699062191394371, -0.02079447002589263, -0.9996393893716473, 0.23899052802180326], [0.30999478494584587, -0.9506275866935865, 0.014506023697297699, -0.3642188762893693], [0.0, 0.0, 0.0, 1.0]];[0.374299738663269, 0.23899052802180326, -0.3642188762893693];[0.11800637797531041, -0.691969278876237, 0.7046075005065549, 0.10383295275852622];[-1.5555380930247173, -0.3151875471678018, -3.1237207247947962]
