timestamp;T_cam_map;trans_cam_map;rot_quat_cam_map;rot_eul_cam_map;T_map_cam;trans_map_cam;rot_quat_map_cam;rot_eul_map_cam
1681734533.1610358;[[-0.9480683996343501, -0.013647796829821174, 0.31777357860032085, 0.4833432259714153], [-0.3170969055112711, -0.03739504848701012, -0.9476556140623188, -0.2310916568553276], [0.024816569665011695, -0.9992073598559742, 0.031125389631545784, 0.20021789462147743], [0.0, 0.0, 0.0, 1.0]];[0.4833432259714153, -0.2310916568553276, 0.20021789462147743];[-0.12062468572095258, 0.6854830343480053, -0.7100332453049129, 0.10684327483537];[-1.5396563157573964, -0.024819117635456148, -2.818822799019657];[[-0.9480683996343501, -0.3170969055112711, 0.024816569665011695, 0.379995268112471], [-0.013647796829821174, -0.03739504848701012, -0.9992073598559742, 0.19801408031472786], [0.31777357860032085, -0.9476556140623188, 0.031125389631545784, -0.3788208725723756], [0.0, 0.0, 0.0, 1.0]];[0.379995268112471, 0.19801408031472786, -0.3788208725723756];[0.12062468572095258, -0.6854830343480053, 0.7100332453049129, 0.10684327483537];[-1.537963508586754, -0.32338042739901895, -3.1271982763245165]
