timestamp;T_cam_map;trans_cam_map;rot_quat_cam_map;rot_eul_cam_map;T_map_cam;trans_map_cam;rot_quat_map_cam;rot_eul_map_cam
1681734533.2610521;[[-0.9477565835153301, -0.010294777053890813, 0.31882828602362157, 0.48364539774810733], [-0.31801470652063596, -0.047781714050732796, -0.9468809609655103, -0.23772048373363425], [0.024982090383779743, -0.9988047483706638, 0.0420115435597405, 0.18198202710178074], [0.0, 0.0, 0.0, 1.0]];[0.48364539774810733, -0.23772048373363425, 0.18198202710178074];[-0.12043004917343351, 0.6815356421172809, -0.7137138504200763, 0.10778827161811];[-1.5287592876882579, -0.024984689687773193, -2.817853183661742];[[-0.9477565835153301, -0.31801470652063596, 0.024982090383779743, 0.37823320848488373], [-0.010294777053890813, -0.047781714050732796, -0.9988047483706638, 0.17538484215257222], [0.31882828602362157, -0.9468809609655103, 0.0420115435597405, -0.38693817914480777], [0.0, 0.0, 0.0, 1.0]];[0.37823320848488373, 0.17538484215257222, -0.38693817914480777];[0.12043004917343351, -0.6815356421172809, 0.7137138504200763, 0.10778827161811];[-1.526457058685235, -0.3244930001090201, -3.130730822215979]
