timestamp;T_cam_map;trans_cam_map;rot_quat_cam_map;rot_eul_cam_map;T_map_cam;trans_map_cam;rot_quat_map_cam;rot_eul_map_cam
1681734533.3610125;[[-0.9516696513230583, -0.0031215143328326422, 0.30710768616060147, 0.48540107718526837], [-0.3062049073665613, -0.06763948283143066, -0.9495596111181921, -0.2364802348727999], [0.02373666900144486, -0.9977049446156747, 0.06341462003473115, 0.15295650478694275], [0.0, 0.0, 0.0, 1.0]];[0.48540107718526837, -0.2364802348727999, 0.15295650478694275];[-0.11462461720071426, 0.674650937236601, -0.7215822465577331, 0.10500653060672248];[-1.5073212184803428, -0.02373889855652741, -2.830298122116663];[[-0.9516696513230583, -0.3062049073665613, 0.02373666900144486, 0.38589938753774733], [-0.0031215143328326422, -0.06763948283143066, -0.9977049446156747, 0.1381252467700187], [0.30710768616060147, -0.9495596111181921, 0.06341462003473115, -0.38332216017009035], [0.0, 0.0, 0.0, 1.0]];[0.38589938753774733, 0.1381252467700187, -0.38332216017009035];[0.11462461720071426, -0.674650937236601, 0.7215822465577331, 0.10500653060672248];[-1.5041121560590258, -0.3121523528888918, -3.13831262555262]
