timestamp;T_cam_map;trans_cam_map;rot_quat_cam_map;rot_eul_cam_map;T_map_cam;trans_map_cam;rot_quat_map_cam;rot_eul_map_cam
1681734465.285299;[[-0.3328246567019203, -0.08690850633494263, 0.938975324179437, 0.009385184311134855], [-0.9364325791287897, 0.1476743350253527, -0.3182551107539726, 0.16050260466399097], [-0.11100348029432383, -0.9852102325399639, -0.13053361659395837, 0.17659083978456305], [0.0, 0.0, 0.0, 1.0]];[0.009385184311134855, 0.16050260466399097, 0.17659083978456305];[-0.40312362398732154, 0.6346322967516764, -0.5134726636060116, 0.41361699122783696];[-1.7025222702143477, 0.11123271357616174, -1.9122893744635352];[[-0.3328246567019203, -0.9364325791287897, -0.11100348029432383, 0.17302568659301115], [-0.08690850633494263, 0.1476743350253527, -0.9852102325399639, 0.1510926392651438], [0.938975324179437, -0.3182551107539726, -0.13053361659395837, 0.06531935871705118], [0.0, 0.0, 0.0, 1.0]];[0.17302568659301115, 0.1510926392651438, 0.06531935871705118];[0.40312362398732154, -0.6346322967516764, 0.5134726636060116, 0.41361699122783696];[-1.9600254153727048, -1.2196392475816427, -2.886172052860165]
