timestamp;T_cam_map;trans_cam_map;rot_quat_cam_map;rot_eul_cam_map;T_map_cam;trans_map_cam;rot_quat_map_cam;rot_eul_map_cam
1681734533.461011;[[-0.9549568452146453, 0.0008669955506165894, 0.2967434449089107, 0.48493323956655865], [-0.29606348748477707, -0.0705037234382611, -0.9525626679435285, -0.2355647144927463], [0.020095650177184177, -0.9975111394365764, 0.06758469903683702, 0.1428680921646814], [0.0, 0.0, 0.0, 1.0]];[0.48493323956655865, -0.2355647144927463, 0.1428680921646814];[-0.10950134609535524, 0.6739563084391205, -0.7233680369787124, 0.10262081950551122];[-1.5031463887414298, -0.02009700297804163, -2.8409613176156614];[[-0.9549568452146453, -0.29606348748477707, 0.020095650177184177, 0.39047717849349717], [0.0008669955506165894, -0.0705037234382611, -0.9975111394365764, 0.1254838889608614], [0.2967434449089107, -0.9525626679435285, 0.06758469903683702, -0.37794660998130175], [0.0, 0.0, 0.0, 1.0]];[0.39047717849349717, 0.1254838889608614, -0.37794660998130175];[0.10950134609535524, -0.6739563084391205, 0.7233680369787124, 0.10262081950551122];[-1.4999646257281718, -0.3012806806225763, 3.140684764069183]
