timestamp;T_cam_map;trans_cam_map;rot_quat_cam_map;rot_eul_cam_map;T_map_cam;trans_map_cam;rot_quat_map_cam;rot_eul_map_cam
1681734533.5610688;[[-0.9562101705965185, 0.0034119765763405974, 0.2926610122028894, 0.4869098463612692], [-0.2922151674358383, -0.0675171048554355, -0.9539663183112835, -0.23962442176888948], [0.016504713515304387, -0.9977122826585741, 0.06555757365854153, 0.1257498660332942], [0.0, 0.0, 0.0, 1.0]];[0.4869098463612692, -0.23962442176888948, 0.1257498660332942];[-0.10694550084082036, 0.6751176734619198, -0.7227179341054322, 0.10226228313335724];[-1.5051827530389843, -0.016505462936484527, -2.845008740644186];[[-0.9562101705965185, -0.2922151674358383, 0.016504713515304387, 0.39349079121185426], [0.0034119765763405974, -0.0675171048554355, -0.9977122826585741, 0.10762211368302038], [0.2926610122028894, -0.9539663183112835, 0.06555757365854153, -0.3793370120050095], [0.0, 0.0, 0.0, 1.0]];[0.39349079121185426, 0.10762211368302038, -0.3793370120050095];[0.10694550084082036, -0.6751176734619198, 0.7227179341054322, 0.10226228313335724];[-1.5021831446863605, -0.29700851328261163, 3.138024440031049]
