timestamp;T_cam_map;trans_cam_map;rot_quat_cam_map;rot_eul_cam_map;T_map_cam;trans_map_cam;rot_quat_map_cam;rot_eul_map_cam
1681734533.661351;[[-0.9559268024409624, -0.00184449084580246, 0.293599295347447, 0.5007324710957852], [-0.29295182127115266, -0.06067773461605211, -0.9541998967385078, -0.2532307695230057], [0.019574953101152065, -0.9981557044746997, 0.05746312587828814, 0.11283517265665166], [0.0, 0.0, 0.0, 1.0]];[0.5007324710957852, -0.2532307695230057, 0.11283517265665166];[-0.10872879827442425, 0.6778248191728123, -0.7200811869045225, 0.10106753784137852];[-1.5132904991356955, -0.019576203434563372, -2.844221282076304];[[-0.9559268024409624, -0.29295182127115266, 0.019574953101152065, 0.4022704316263814], [-0.00184449084580246, -0.06067773461605211, -0.9981557044746997, 0.09818519828202117], [0.293599295347447, -0.9541998967385078, 0.05746312587828814, -0.39513133653104104], [0.0, 0.0, 0.0, 1.0]];[0.4022704316263814, 0.09818519828202117, -0.39513133653104104];[0.10872879827442425, -0.6778248191728123, 0.7200811869045225, 0.10106753784137852];[-1.5106477022108376, -0.2979899065847129, -3.1396631245170354]
