timestamp;T_cam_map;trans_cam_map;rot_quat_cam_map;rot_eul_cam_map;T_map_cam;trans_map_cam;rot_quat_map_cam;rot_eul_map_cam
1681734533.7610729;[[-0.9532245792980091, -0.003092105689294661, 0.30224715102799615, 0.5003016253923007], [-0.3015372721165004, -0.05952147876212796, -0.9515946968591773, -0.26351677323589906], [0.020932628756887423, -0.9982222360017714, 0.05580495143757894, 0.09703822545920374], [0.0, 0.0, 0.0, 1.0]];[0.5003016253923007, -0.26351677323589906, 0.09703822545920374];[-0.1123520672112224, 0.6778455113627112, -0.7191229049157236, 0.10375318474321905];[-1.5149501208526426, -0.020934157750639868, -2.835218779637133];[[-0.9532245792980091, -0.3015372721165004, 0.020932628756887423, 0.3954084122794258], [-0.003092105689294661, -0.05952147876212796, -0.9982222360017714, 0.08272779187614418], [0.30224715102799615, -0.9515946968591773, 0.05580495143757894, -0.4073911183335622], [0.0, 0.0, 0.0, 1.0]];[0.3954084122794258, 0.08272779187614418, -0.4073911183335622];[0.1123520672112224, -0.6778455113627112, 0.7191229049157236, 0.10375318474321905];[-1.512219801662224, -0.307049183749921, -3.1383488274118134]
