timestamp;T_cam_map;trans_cam_map;rot_quat_cam_map;rot_eul_cam_map;T_map_cam;trans_map_cam;rot_quat_map_cam;rot_eul_map_cam
1681734533.8610883;[[-0.9498122206634955, -0.00849365616678402, 0.3127052978176098, 0.5028908024304909], [-0.31173751692241325, -0.05741285553081497, -0.9484321191117718, -0.26315509850628205], [0.026008960404592635, -0.9983143902722821, 0.05188364052332985, 0.09413287794385283], [0.0, 0.0, 0.0, 1.0]];[0.5028908024304909, -0.26315509850628205, 0.09413287794385283];[-0.11802223767577634, 0.6783280409597834, -0.7174797413024356, 0.10566286519991241];[-1.5188717989721816, -0.02601189366058596, -2.824460498961095];[[-0.9498122206634955, -0.31173751692241325, 0.026008960404592635, 0.39316821453871814], [-0.00849365616678402, -0.05741285553081497, -0.9983143902722821, 0.08313710256163676], [0.3127052978176098, -0.9484321191117718, 0.05188364052332985, -0.41172532227580877], [0.0, 0.0, 0.0, 1.0]];[0.39316821453871814, 0.08313710256163676, -0.41172532227580877];[0.11802223767577634, -0.6783280409597834, 0.7174797413024356, 0.10566286519991241];[-1.5161461556490838, -0.31803983328841545, -3.132650433657037]
