timestamp;T_cam_map;trans_cam_map;rot_quat_cam_map;rot_eul_cam_map;T_map_cam;trans_map_cam;rot_quat_map_cam;rot_eul_map_cam
1681734533.9610422;[[-0.9486510538345856, -0.008260287548723128, 0.3162166120053509, 0.5037093421648287], [-0.3153232567119041, -0.05477949437078582, -0.9474019478410838, -0.26721691938095227], [0.025147998630683843, -0.9984643081483151, 0.049361964292131535, 0.08551729310304607], [0.0, 0.0, 0.0, 1.0]];[0.5037093421648287, -0.26721691938095227, 0.08551729310304607];[-0.11912858204904976, 0.6790636191056897, -0.7163784810589832, 0.10715807959127507];[-1.5213986593028468, -0.02515065007590148, -2.820690263890318];[[-0.9486510538345856, -0.3153232567119041, 0.025147998630683843, 0.3914341002334113], [-0.008260287548723128, -0.05477949437078582, -0.9984643081483151, 0.07490874116910162], [0.3162166120053509, -0.9474019478410838, 0.049361964292131535, -0.4166643931009267], [0.0, 0.0, 0.0, 1.0]];[0.3914341002334113, 0.07490874116910162, -0.4166643931009267];[0.11912858204904976, -0.6790636191056897, 0.7163784810589832, 0.10715807959127507];[-1.5187409452918963, -0.3217387970592323, -3.1328854700970603]
