timestamp;T_cam_map;trans_cam_map;rot_quat_cam_map;rot_eul_cam_map;T_map_cam;trans_map_cam;rot_quat_map_cam;rot_eul_map_cam
1681734534.0610056;[[-0.9472185984333332, -0.005803653636792833, 0.3205358706704391, 0.5041277076426982], [-0.319799354534001, -0.05300063310634729, -0.9460017472129547, -0.2698348312955773], [0.02247887055945233, -0.9985776136559397, 0.04834718072008836, 0.07696060310318137], [0.0, 0.0, 0.0, 1.0]];[0.5041277076426982, -0.2698348312955773, 0.07696060310318137];[-0.1198278493849885, 0.6793141365757998, -0.7156406941090914, 0.10969041569390652];[-1.522418057536585, -0.02248076408417412, -2.8159896311562833];[[-0.9472185984333332, -0.319799354534001, 0.02247887055945233, 0.38949614835027513], [-0.005803653636792833, -0.05300063310634729, -0.9985776136559397, 0.06547550110335534], [0.3205358706704391, -0.9460017472129547, 0.04834718072008836, -0.4205760637494302], [0.0, 0.0, 0.0, 1.0]];[0.38949614835027513, 0.06547550110335534, -0.4205760637494302];[0.1198278493849885, -0.6793141365757998, 0.7156406941090914, 0.10969041569390652];[-1.519733890752482, -0.3262951532987024, -3.135465682451777]
