timestamp;T_cam_map;trans_cam_map;rot_quat_cam_map;rot_eul_cam_map;T_map_cam;trans_map_cam;rot_quat_map_cam;rot_eul_map_cam
1681734534.1610143;[[-0.9423750258649657, 0.000729802905871435, 0.334557585497212, 0.5013235375113649], [-0.33408501638956106, -0.05522961136946856, -0.9409234250734566, -0.27737570504183523], [0.017790796777897633, -0.9984734134746385, 0.05229082265858411, 0.06030627366590863], [0.0, 0.0, 0.0, 1.0]];[0.5013235375113649, -0.27737570504183523, 0.06030627366590863];[-0.1230485299037731, 0.6772840231093809, -0.715872799436642, 0.11692538798754329];[-1.5184733560501464, -0.017791735413040063, -2.8009022434620645];[[-0.9423750258649657, -0.33408501638956106, 0.017790796777897633, 0.3786948180047986], [0.000729802905871435, -0.05522961136946856, -0.9984734134746385, 0.04452899115388509], [0.334557585497212, -0.9409234250734566, 0.05229082265858411, -0.4318643553443157], [0.0, 0.0, 0.0, 1.0]];[0.3786948180047986, 0.04452899115388509, -0.4318643553443157];[0.1230485299037731, -0.6772840231093809, 0.715872799436642, 0.11692538798754329];[-1.5152794929609612, -0.3411357235374802, 3.1408182243658183]
