timestamp;T_cam_map;trans_cam_map;rot_quat_cam_map;rot_eul_cam_map;T_map_cam;trans_map_cam;rot_quat_map_cam;rot_eul_map_cam
1681734534.261026;[[-0.9391195393313627, -0.00023216884994775588, 0.3435905076448924, 0.4998140274040459], [-0.34293738524971645, -0.06099932124444131, -0.9373756091374499, -0.27152841021273466], [0.02117641716951399, -0.9981377805219793, 0.057206035088268034, 0.050125853659888864], [0.0, 0.0, 0.0, 1.0]];[0.4998140274040459, -0.27152841021273466, 0.050125853659888864];[-0.12715516783128686, 0.6747062662741937, -0.717168894972459, 0.11946461245120277];[-1.5135461921305229, -0.021178000216683653, -2.791468634835317];[[-0.9391195393313627, -0.34293738524971645, 0.02117641716951399, 0.375206390159593], [-0.00023216884994775588, -0.06099932124444131, -0.9981377805219793, 0.03358550084522213], [0.3435905076448924, -0.9373756091374499, 0.057206035088268034, -0.4291229656683767], [0.0, 0.0, 0.0, 1.0]];[0.375206390159593, 0.03358550084522213, -0.4291229656683767];[0.12715516783128686, -0.6747062662741937, 0.717168894972459, 0.11946461245120277];[-1.5098440538593978, -0.3507375065259463, -3.1413454338957134]
