timestamp;T_cam_map;trans_cam_map;rot_quat_cam_map;rot_eul_cam_map;T_map_cam;trans_map_cam;rot_quat_map_cam;rot_eul_map_cam
1681734534.3610296;[[-0.9379669523423053, 0.0003537573339474076, 0.34672448885164786, 0.5067953359954893], [-0.34605215995651983, -0.06320822027876423, -0.9360836626491346, -0.269767737225001], [0.02158469140652644, -0.9980002984693642, 0.05940964022736655, 0.04061101217962493], [0.0, 0.0, 0.0, 1.0]];[0.5067953359954893, -0.269767737225001, 0.04061101217962493];[-0.12828837409240607, 0.6736744562168315, -0.7177368620964852, 0.12065909373758066];[-1.511337814386876, -0.021586367805356527, -2.788146699083561];[[-0.9379669523423053, -0.34605215995651983, 0.02158469140652644, 0.3811269924460854], [0.0003537573339474076, -0.06320822027876423, -0.9980002984693642, 0.02329898115086823], [0.34672448885164786, -0.9360836626491346, 0.05940964022736655, -0.43065621097444406], [0.0, 0.0, 0.0, 1.0]];[0.3811269924460854, 0.02329898115086823, -0.43065621097444406];[0.12828837409240607, -0.6736744562168315, 0.7177368620964852, 0.12065909373758066];[-1.5074151693360356, -0.35407670069660907, 3.1412155003049245]
