timestamp;T_cam_map;trans_cam_map;rot_quat_cam_map;rot_eul_cam_map;T_map_cam;trans_map_cam;rot_quat_map_cam;rot_eul_map_cam
1681734465.3852656;[[-0.3365725955038108, -0.09065607439094342, 0.9372835025390409, 0.01146981543666355], [-0.9352524021699142, 0.14807891408384327, -0.3215207294081594, 0.16778819970402298], [-0.10964411608122587, -0.9848117136690513, -0.1346256157980092, 0.1844288581387713], [0.0, 0.0, 0.0, 1.0]];[0.01146981543666355, 0.16778819970402298, 0.1844288581387713];[-0.4031048580116454, 0.6362541012413325, -0.5132903821478536, 0.4113637996901354];[-1.7066560976188576, 0.10986500031914656, -1.9162399543269677];[[-0.3365725955038108, -0.9352524021699142, -0.10964411608122587, 0.1810062815109157], [-0.09065607439094342, 0.14807891408384327, -0.9848117136690513, 0.15782161386689153], [0.9372835025390409, -0.3215207294081594, -0.1346256157980092, 0.06802576416682278], [0.0, 0.0, 0.0, 1.0]];[0.1810062815109157, 0.15782161386689153, 0.06802576416682278];[0.4031048580116454, -0.6362541012413325, 0.5132903821478536, 0.4113637996901354];[-1.9673316701188037, -1.2147535001147156, -2.878486071941366]
