timestamp;T_cam_map;trans_cam_map;rot_quat_cam_map;rot_eul_cam_map;T_map_cam;trans_map_cam;rot_quat_map_cam;rot_eul_map_cam
1681734534.461067;[[-0.9345136602964333, 0.011069357331857516, 0.35575509560317226, 0.49653734767019064], [-0.3557509900934941, -0.06050238866936895, -0.9326203375504952, -0.2768117579485517], [0.011200525293987629, -0.9981066728028426, 0.060478243522596356, 0.030294023915352408], [0.0, 0.0, 0.0, 1.0]];[0.49653734767019064, -0.2768117579485517, 0.030294023915352408];[-0.12797508043593805, 0.673337402069807, -0.7168497563102743, 0.12792790406787155];[-1.510277353874084, -0.011200759494823957, -2.777851271690138];[[-0.9345136602964333, -0.3557509900934941, 0.011200525293987629, 0.36520556830431394], [0.011069357331857516, -0.06050238866936895, -0.9981066728028426, 0.007992545518333477], [0.35575509560317226, -0.9326203375504952, 0.060478243522596356, -0.4366380960825104], [0.0, 0.0, 0.0, 1.0]];[0.36520556830431394, 0.007992545518333477, -0.4366380960825104];[0.12797508043593805, -0.673337402069807, 0.7168497563102743, 0.12792790406787155];[-1.5060393409092294, -0.3637218956405227, 3.129748161475999]
