timestamp;T_cam_map;trans_cam_map;rot_quat_cam_map;rot_eul_cam_map;T_map_cam;trans_map_cam;rot_quat_map_cam;rot_eul_map_cam
1681734534.5610626;[[-0.9324051882420858, 0.017657267678165056, 0.36098308248085875, 0.493686940317718], [-0.3613860631469284, -0.05811699490667557, -0.9306033141280887, -0.2797651541538253], [0.004547340146188933, -0.9981536133287099, 0.06056967802816679, 0.03464269482963869], [0.0, 0.0, 0.0, 1.0]];[0.493686940317718, -0.2797651541538253, 0.03464269482963869];[-0.12761478033169119, 0.673371835486762, -0.7160816750163574, 0.13233243638598732];[-1.5101889249032021, -0.004547355818213879, -2.7718346520139696];[[-0.9324051882420858, -0.3613860631469284, 0.004547340146188933, 0.3590555047372858], [0.017657267678165056, -0.05811699490667557, -0.9981536133287099, 0.009602458526220242], [0.36098308248085875, -0.9306033141280887, 0.06056967802816679, -0.4406613100013983], [0.0, 0.0, 0.0, 1.0]];[0.3590555047372858, 0.009602458526220242, -0.4406613100013983];[0.12761478033169119, -0.673371835486762, 0.7160816750163574, 0.13233243638598732];[-1.505801538507403, -0.36932184078682706, 3.1226575837404797]
