timestamp;T_cam_map;trans_cam_map;rot_quat_cam_map;rot_eul_cam_map;T_map_cam;trans_map_cam;rot_quat_map_cam;rot_eul_map_cam
1681734534.6610954;[[-0.9321684132018633, 0.020700913956092998, 0.36143259619201884, 0.49933457516359625], [-0.36202079272529886, -0.05807420827295808, -0.9303592488754093, -0.2800064160472364], [0.0017306251086661173, -0.998097619722065, 0.061629103854280866, 0.03789168821879904], [0.0, 0.0, 0.0, 1.0]];[0.49933457516359625, -0.2800064160472364, 0.03789168821879904];[-0.1267642410311501, 0.6731391202928679, -0.7162177960175771, 0.1335912444543612];[-1.5091280509158242, -0.0017306259725558969, -2.771157251592322];[[-0.9321684132018633, -0.36202079272529886, 0.0017306251086661173, 0.36403019757444444], [0.020700913956092998, -0.05807420827295808, -0.998097619722065, 0.01122177081937828], [0.36143259619201884, -0.9303592488754093, 0.061629103854280866, -0.44331758157226997], [0.0, 0.0, 0.0, 1.0]];[0.36403019757444444, 0.01122177081937828, -0.44331758157226997];[0.1267642410311501, -0.6731391202928679, 0.7162177960175771, 0.1335912444543612];[-1.5046506987379829, -0.36980390061278223, 3.119389034912901]
