timestamp;T_cam_map;trans_cam_map;rot_quat_cam_map;rot_eul_cam_map;T_map_cam;trans_map_cam;rot_quat_map_cam;rot_eul_map_cam
1681734534.7610383;[[-0.9308655800483205, 0.030874415372136338, 0.36405499908219036, 0.4808915022846526], [-0.3652564096271842, -0.0547033617818007, -0.9292982822732586, -0.2873043974571121], [-0.008776508848251208, -0.9980252064377929, 0.062198554703773876, 0.03155062019152596], [0.0, 0.0, 0.0, 1.0]];[0.4808915022846526, -0.2873043974571121, 0.03155062019152596];[-0.12413624272317378, 0.6734173415428851, -0.7155011349630929, 0.13841027136167786];[-1.5085551976603775, 0.008776621523672038, -2.767669312397578];[[-0.9308655800483205, -0.3652564096271842, -0.008776508848251208, 0.342982478826504], [0.030874415372136338, -0.0547033617818007, -0.9980252064377929, 0.0009245538438224787], [0.36405499908219036, -0.9292982822732586, 0.062198554703773876, -0.44402484144524096], [0.0, 0.0, 0.0, 1.0]];[0.342982478826504, 0.0009245538438224787, -0.44402484144524096];[0.12413624272317378, -0.6734173415428851, 0.7155011349630929, 0.13841027136167786];[-1.5039653345517814, -0.37261797439951017, 3.1084373816825215]
