timestamp;T_cam_map;trans_cam_map;rot_quat_cam_map;rot_eul_cam_map;T_map_cam;trans_map_cam;rot_quat_map_cam;rot_eul_map_cam
1681734534.861037;[[-0.9308540231703737, 0.03337844420625671, 0.363863528001776, 0.473567263744743], [-0.3651866630508831, -0.051664135239604135, -0.9294996063795319, -0.2884287419514381], [-0.012226556231833552, -0.9981065557305561, 0.06028113079891682, 0.027612698255741558], [0.0, 0.0, 0.0, 1.0]];[0.473567263744743, -0.2884287419514381, 0.027612698255741558];[-0.12301319164048392, 0.6743346270828476, -0.7146326485000694, 0.13943006525579316];[-1.5104741133684116, 0.012226860874280416, -2.7677300227370396];[[-0.9308540231703737, -0.3651866630508831, -0.012226556231833552, 0.335829271105306], [0.03337844420625671, -0.051664135239604135, -0.9981065557305561, -0.003147944871516206], [0.363863528001776, -0.9294996063795319, 0.06028113079891682, -0.4420727821199804], [0.0, 0.0, 0.0, 1.0]];[0.335829271105306, -0.003147944871516206, -0.4420727821199804];[0.12301319164048392, -0.6743346270828476, 0.7146326485000694, 0.13943006525579316];[-1.5060337063141083, -0.37241240426348543, 3.1057501384950297]
