timestamp;T_cam_map;trans_cam_map;rot_quat_cam_map;rot_eul_cam_map;T_map_cam;trans_map_cam;rot_quat_map_cam;rot_eul_map_cam
1681734534.9610443;[[-0.9308469598026601, 0.03148230963293788, 0.3640505481472609, 0.4782295488558693], [-0.3651518119976296, -0.042749080406742995, -0.929965951161238, -0.2949498660504006], [-0.013714649867681561, -0.9985896956731298, 0.051288673939313884, 0.026613874779724073], [0.0, 0.0, 0.0, 1.0]];[0.4782295488558693, -0.2949498660504006, 0.026613874779724073];[-0.12309899132889883, 0.6776446719071514, -0.7114922195900524, 0.13936699190438798];[-1.5194803096231422, 0.0137150798391967, -2.767759889573725];[[-0.9308469598026601, -0.3651518119976296, -0.013714649867681561, 0.33782204357774803], [0.03148230963293788, -0.042749080406742995, -0.9985896956731298, -0.0010882651554798284], [0.3640505481472609, -0.929965951161238, 0.051288673939313884, -0.4497580524734761], [0.0, 0.0, 0.0, 1.0]];[0.33782204357774803, -0.0010882651554798284, -0.4497580524734761];[0.12309899132889883, -0.6776446719071514, 0.7114922195900524, 0.13936699190438798];[-1.5157010107935838, -0.3726131955305734, 3.1077843958033156]
