timestamp;T_cam_map;trans_cam_map;rot_quat_cam_map;rot_eul_cam_map;T_map_cam;trans_map_cam;rot_quat_map_cam;rot_eul_map_cam
1681734535.0610714;[[-0.9302840314044191, 0.0304161813569091, 0.3655769095903151, 0.48290328201755706], [-0.36651601773623965, -0.035188449090741994, -0.9297460845808155, -0.3020953630408387], [-0.01541524105261663, -0.9989177288256786, 0.04388326994468221, 0.024557518891301422], [0.0, 0.0, 0.0, 1.0]];[0.48290328201755706, -0.3020953630408387, 0.024557518891301422];[-0.12351229467308174, 0.6802963163888577, -0.708758730182536, 0.14000963310565556];[-1.526893740050777, 0.01541585163765069, -2.7662841538227165];[[-0.9302840314044191, -0.36651601773623965, -0.01541524105261663, 0.3388929826087699], [0.0304161813569091, -0.035188449090741994, -0.9989177288256786, -0.0007874001101119132], [0.3655769095903151, -0.9297460845808155, 0.04388326994468221, -0.4584879346589173], [0.0, 0.0, 0.0, 1.0]];[0.3388929826087699, -0.0007874001101119132, -0.4584879346589173];[0.12351229467308174, -0.6802963163888577, 0.708758730182536, 0.14000963310565556];[-1.5236321311439125, -0.3742525399829763, 3.1089087108754048]
