timestamp;T_cam_map;trans_cam_map;rot_quat_cam_map;rot_eul_cam_map;T_map_cam;trans_map_cam;rot_quat_map_cam;rot_eul_map_cam
1681734535.1610568;[[-0.9303859545153571, 0.028759296729844647, 0.36545160896095774, 0.48547497582108834], [-0.3662554303868717, -0.030889603452465112, -0.9300015011335611, -0.3096573671293361], [-0.01545753384843171, -0.9991089706584334, 0.039272501794135606, 0.026337187903529014], [0.0, 0.0, 0.0, 1.0]];[0.48547497582108834, -0.3096573671293361, 0.026337187903529014];[-0.12372464098045755, 0.6819501171766078, -0.7072036587437097, 0.1396396646965982];[-1.5315090265398739, 0.015458149473176799, -2.766563997210791];[[-0.9303859545153571, -0.3662554303868717, -0.01545753384843171, 0.3386725144756939], [0.028759296729844647, -0.030889603452465112, -0.9991089706584334, 0.0027866085350202185], [0.36545160896095774, -0.9300015011335611, 0.039272501794135606, -0.4664337545506414], [0.0, 0.0, 0.0, 1.0]];[0.3386725144756939, 0.0027866085350202185, -0.4664337545506414];[0.12372464098045755, -0.6819501171766078, 0.7072036587437097, 0.1396396646965982];[-1.528592972724439, -0.3741179247522529, 3.1106913464368584]
