timestamp;T_cam_map;trans_cam_map;rot_quat_cam_map;rot_eul_cam_map;T_map_cam;trans_map_cam;rot_quat_map_cam;rot_eul_map_cam
1681734535.2610228;[[-0.9302849746217762, 0.02605181319684205, 0.36591142237175134, 0.48564598173016826], [-0.36650287213457966, -0.023400742100505974, -0.9301225994385093, -0.3149201496774807], [-0.01566878138418254, -0.9993866660598901, 0.03131742313205604, 0.026290440031856682], [0.0, 0.0, 0.0, 1.0]];[0.48564598173016826, -0.3149201496774807, 0.026290440031856682];[-0.12429636393180789, 0.6847566738245808, -0.7044506973263526, 0.1393123347103317];[-1.539469935169944, 0.01566942259730009, -2.766296731708736];[[-0.9302849746217762, -0.36650287213457966, -0.01566878138418254, 0.3367819595965218], [0.02605181319684205, -0.023400742100505974, -0.9993866660598901, 0.00625299161199791], [0.36591142237175134, -0.9301225994385093, 0.03131742313205604, -0.47144110901239966], [0.0, 0.0, 0.0, 1.0]];[0.3367819595965218, 0.00625299161199791, -0.47144110901239966];[0.12429636393180789, -0.6847566738245808, 0.7044506973263526, 0.1393123347103317];[-1.5371388320544992, -0.3746119546596439, 3.1135958494936897]
