timestamp;T_cam_map;trans_cam_map;rot_quat_cam_map;rot_eul_cam_map;T_map_cam;trans_map_cam;rot_quat_map_cam;rot_eul_map_cam
1681734535.3610473;[[-0.9301757798217654, 0.02488954041636024, 0.3662697495164363, 0.48834040454706173], [-0.366731580846118, -0.017444213681723972, -0.9301632367596202, -0.31907602175891414], [-0.016762047699424826, -0.9995379983706916, 0.025353965568200267, 0.028353545970256938], [0.0, 0.0, 0.0, 1.0]];[0.48834040454706173, -0.31907602175891414, 0.028353545970256938];[-0.12441309044043386, 0.686909309984193, -0.7023129571408477, 0.13940406384384105];[-1.5454360803854674, 0.016762832726945055, -2.7660438806601424];[[-0.9301757798217654, -0.366731580846118, -0.016762047699424826, 0.3377024262383037], [0.02488954041636024, -0.017444213681723972, -0.9995379983706916, 0.010619848045629238], [0.3662697495164363, -0.9301632367596202, 0.025353965568200267, -0.4763759776521282], [0.0, 0.0, 0.0, 1.0]];[0.3377024262383037, 0.010619848045629238, -0.4763759776521282];[0.12441309044043386, -0.686909309984193, 0.7023129571408477, 0.13940406384384105];[-1.5435455301023397, -0.3749970128477061, 3.114841147766323]
