timestamp;T_cam_map;trans_cam_map;rot_quat_cam_map;rot_eul_cam_map;T_map_cam;trans_map_cam;rot_quat_map_cam;rot_eul_map_cam
1681734465.4852781;[[-0.33716759016226516, -0.07780780864006254, 0.9382238331330122, 0.013848771466789483], [-0.9334907045573403, 0.15690155559602564, -0.32245465783050453, 0.1792095748372666], [-0.1221192886042628, -0.9845444869411331, -0.1255349855004974, 0.1636751035658359], [0.0, 0.0, 0.0, 1.0]];[0.013848771466789483, 0.1792095748372666, 0.1636751035658359];[-0.3973241245325428, 0.6363183423528642, -0.5135004987986238, 0.4165930208048566];[-1.6976176580289046, 0.12242487377947736, -1.9174050561236289];[[-0.33716759016226516, -0.9334907045573403, -0.1221192886042628, 0.1919477163901156], [-0.07780780864006254, 0.15690155559602564, -0.9845444869411331, 0.13410470235578106], [0.9382238331330122, -0.32245465783050453, -0.1255349855004974, 0.06534066643727628], [0.0, 0.0, 0.0, 1.0]];[0.1919477163901156, 0.13410470235578106, 0.06534066643727628];[0.3973241245325428, -0.6363183423528642, 0.5135004987986238, 0.4165930208048566];[-1.9420537925011707, -1.2174610560260184, -2.9147940780666466]
