timestamp;T_cam_map;trans_cam_map;rot_quat_cam_map;rot_eul_cam_map;T_map_cam;trans_map_cam;rot_quat_map_cam;rot_eul_map_cam
1681734535.4609568;[[-0.9300735676166606, 0.022752614304107494, 0.36666807518946265, 0.4870697035115309], [-0.366993054356083, -0.012142417285360623, -0.9301444295145035, -0.3234496280152037], [-0.016710980677687143, -0.9996673848059646, 0.019643392782135855, 0.026109660481085123], [0.0, 0.0, 0.0, 1.0]];[0.4870697035115309, -0.3234496280152037, 0.026109660481085123];[-0.12492543464659635, 0.6888918197999531, -0.7003319530201655, 0.1391289041501752];[-1.5511489266370013, 0.01671175855148404, -2.7657631012372983];[[-0.9300735676166606, -0.366993054356083, -0.016710980677687143, 0.3347432079391206], [0.022752614304107494, -0.012142417285360623, -0.9996673848059646, 0.0110914065539289], [0.36666807518946265, -0.9301444295145035, 0.019643392782135855, -0.4799606627127935], [0.0, 0.0, 0.0, 1.0]];[0.3347432079391206, 0.0110914065539289, -0.4799606627127935];[0.12492543464659635, -0.6888918197999531, 0.7003319530201655, 0.1391289041501752];[-1.5496808175899381, -0.37542512194848093, 3.1171342903415042]
