timestamp;T_cam_map;trans_cam_map;rot_quat_cam_map;rot_eul_cam_map;T_map_cam;trans_map_cam;rot_quat_map_cam;rot_eul_map_cam
1681734535.5609906;[[-0.9297297522427271, 0.02134096738475777, 0.3676236538986031, 0.4857870743761711], [-0.3678228203405829, -0.006167082796930304, -0.9298754432323046, -0.32923372631878145], [-0.017577275994205027, -0.9997532346538611, 0.01358341517310839, 0.019602073089023092], [0.0, 0.0, 0.0, 1.0]];[0.4857870743761711, -0.32923372631878145, 0.019602073089023092];[-0.12535341577026804, 0.6910099952737094, -0.6981189458489085, 0.1393615622521602];[-1.5572103948260199, 0.0175781812344498, -2.7648649156885305];[[-0.9297297522427271, -0.3678228203405829, -0.017577275994205027, 0.3308955695854072], [0.02134096738475777, -0.006167082796930304, -0.9997532346538611, 0.007199658216723637], [0.3676236538986031, -0.9298754432323046, 0.01358341517310839, -0.4849994395836023], [0.0, 0.0, 0.0, 1.0]];[0.3308955695854072, 0.007199658216723637, -0.4849994395836023];[0.12535341577026804, -0.6910099952737094, 0.6981189458489085, 0.1393615622521602];[-1.5561895864836641, -0.37645244552516294, 3.1186427367472045]
