timestamp;T_cam_map;trans_cam_map;rot_quat_cam_map;rot_eul_cam_map;T_map_cam;trans_map_cam;rot_quat_map_cam;rot_eul_map_cam
1681734535.6610208;[[-0.9297979751326324, 0.019268851468038167, 0.3675655544285398, 0.49189392733497583], [-0.36762570187373234, 0.00045030545728785495, -0.9299737311057991, -0.3390526898008653], [-0.018085042468925144, -0.9998142370401103, 0.006665031942860829, 0.022219406730771663], [0.0, 0.0, 0.0, 1.0]];[0.49189392733497583, -0.3390526898008653, 0.022219406730771663];[-0.12558531708286916, 0.6934665184143823, -0.6957033673948627, 0.13902999880198202];[-1.564130155251119, 0.018086028456123032, -2.7650733428120606];[[-0.9297979751326324, -0.36762570187373234, -0.018085042468925144, 0.3331193334702391], [0.019268851468038167, 0.00045030545728785495, -0.9998142370401103, 0.012889725440688227], [0.3675655544285398, -0.9299737311057991, 0.006665031942860829, -0.49626145215209205], [0.0, 0.0, 0.0, 1.0]];[0.3331193334702391, 0.012889725440688227, -0.49626145215209205];[0.12558531708286916, -0.6934665184143823, 0.6957033673948627, 0.13902999880198202];[-1.563629546048201, -0.3763899720451453, 3.120871922614916]
