timestamp;T_cam_map;trans_cam_map;rot_quat_cam_map;rot_eul_cam_map;T_map_cam;trans_map_cam;rot_quat_map_cam;rot_eul_map_cam
1681734535.761014;[[-0.9297741542434129, 0.01832693638224922, 0.367673966312258, 0.5002983934369444], [-0.3675821443783738, 0.00827183779758383, -0.929954269753974, -0.34983230268240456], [-0.020084552151911406, -0.9997978296147134, -0.0009542864170139567, 0.019568369272376096], [0.0, 0.0, 0.0, 1.0]];[0.5002983934369444, -0.34983230268240456, 0.019568369272376096];[-0.1254076297280366, 0.6962399511766776, -0.6929191926243662, 0.13923307539621915];[-1.5717508058895218, 0.02008590271244161, -2.765105096909474];[[-0.9297741542434129, -0.3675821443783738, -0.020084552151911406, 0.33696542956752934], [0.01832693638224922, 0.00827183779758383, -0.9997978296147134, 0.013289232363104586], [0.367673966312258, -0.929954269753974, -0.0009542864170139567, -0.5092560644029785], [0.0, 0.0, 0.0, 1.0]];[0.33696542956752934, 0.013289232363104586, -0.5092560644029785];[0.1254076297280366, -0.6962399511766776, 0.6929191926243662, 0.13923307539621915];[-1.5718224913204997, -0.3765065469479338, 3.121884035826122]
