timestamp;T_cam_map;trans_cam_map;rot_quat_cam_map;rot_eul_cam_map;T_map_cam;trans_map_cam;rot_quat_map_cam;rot_eul_map_cam
1681734535.860984;[[-0.9295845219574778, 0.017338633110876328, 0.36820101621116486, 0.5014748468893565], [-0.3679841399677375, 0.014487448037442067, -0.9297191977051821, -0.3565649638921252], [-0.021454353154841038, -0.9997447102391736, -0.007086965464747404, 0.010101489006592551], [0.0, 0.0, 0.0, 1.0]];[0.5014748468893565, -0.3565649638921252, 0.010101489006592551];[-0.12551393893690438, 0.6984194540996956, -0.6906536955043548, 0.13947756147066911];[-1.577884983216222, 0.021455999363932873, -2.764661434752594];[[-0.9295845219574778, -0.3679841399677375, -0.021454353154841038, 0.3351697251514079], [0.017338633110876328, 0.014487448037442067, -0.9997447102391736, 0.006569738201692182], [0.36820101621116486, -0.9297191977051821, -0.007086965464747404, -0.516077251484831], [0.0, 0.0, 0.0, 1.0]];[0.3351697251514079, 0.006569738201692182, -0.516077251484831];[0.12551393893690438, -0.6984194540996956, 0.6906536955043548, 0.13947756147066911];[-1.5784188737135794, -0.3770733583805074, 3.1229427918193085]
