timestamp;T_cam_map;trans_cam_map;rot_quat_cam_map;rot_eul_cam_map;T_map_cam;trans_map_cam;rot_quat_map_cam;rot_eul_map_cam
1681734535.9610069;[[-0.9294791128117686, 0.014877497282736435, 0.36857460428148026, 0.49953223984716455], [-0.36816794851241785, 0.024408620846442925, -0.9294388527044329, -0.35976604406615453], [-0.02282412177511428, -0.9995913561565931, -0.01720988559572643, 0.012473120742534483], [0.0, 0.0, 0.0, 1.0]];[0.49953223984716455, -0.35976604406615453, 0.012473120742534483];[-0.1258194658404602, 0.7019789204908395, -0.6869971991153965, 0.1393911963136014];[-1.5880115471217375, 0.022826103908174834, -2.764451677368895];[[-0.9294791128117686, -0.36816794851241785, -0.02282412177511428, 0.33213514475249717], [0.014877497282736435, 0.024408620846442925, -0.9995913561565931, 0.013817627100604996], [0.36857460428148026, -0.9294388527044329, -0.01720988559572643, -0.5182807758853684], [0.0, 0.0, 0.0, 1.0]];[0.33213514475249717, 0.013817627100604996, -0.5182807758853684];[0.1258194658404602, -0.7019789204908395, 0.6869971991153965, 0.1393911963136014];[-1.5893106369090384, -0.3774752076229603, 3.1255877463996273]
