timestamp;T_cam_map;trans_cam_map;rot_quat_cam_map;rot_eul_cam_map;T_map_cam;trans_map_cam;rot_quat_map_cam;rot_eul_map_cam
1681734536.061028;[[-0.9296272866555411, 0.012485212850501803, 0.3682895971454182, 0.5061780260373789], [-0.36773443874382683, 0.033006468959935906, -0.929344906678118, -0.37024366157948246], [-0.02375900812785356, -0.9993771522637861, -0.0260924714411291, 0.010557330286843525], [0.0, 0.0, 0.0, 1.0]];[0.5061780260373789, -0.37024366157948246, 0.010557330286843525];[-0.12595506721213345, 0.7051110244239212, -0.6838363009987252, 0.13900243780530067];[-1.5968991299484607, 0.02376124398478723, -2.7649094169425315];[[-0.9296272866555411, -0.36773443874382683, -0.02375900812785356, 0.3346563915164896], [0.012485212850501803, 0.033006468959935906, -0.9993771522637861, 0.01645145020578659], [0.3682895971454182, -0.929344906678118, -0.0260924714411291, -0.530228695572914], [0.0, 0.0, 0.0, 1.0]];[0.3346563915164896, 0.01645145020578659, -0.530228695572914];[0.12595506721213345, -0.7051110244239212, 0.6838363009987252, 0.13900243780530067];[-1.5988651508650467, -0.37716863449433874, 3.128163118504854]
