timestamp;T_cam_map;trans_cam_map;rot_quat_cam_map;rot_eul_cam_map;T_map_cam;trans_map_cam;rot_quat_map_cam;rot_eul_map_cam
1681734536.1610246;[[-0.9292282736775785, 0.01070023008876217, 0.369351215612234, 0.5071277443340578], [-0.368629280696375, 0.04197886107724368, -0.9286281433576794, -0.37949359925417125], [-0.025441478169724197, -0.9990611994761408, -0.03506352648885198, 0.005679545636357697], [0.0, 0.0, 0.0, 1.0]];[0.5071277443340578, -0.37949359925417125, 0.005679545636357697];[-0.1263491113285228, 0.7082144204341778, -0.6804751806846967, 0.1393619934835295];[-1.6058784023388273, 0.025444223548671357, -2.7639302232019225];[[-0.9292282736775785, -0.368629280696375, -0.025441478169724197, 0.33148948191591865], [0.01070023008876217, 0.04197886107724368, -0.9990611994761408, 0.01617853920996365], [0.369351215612234, -0.9286281433576794, -0.03506352648885198, -0.5395175404331335], [0.0, 0.0, 0.0, 1.0]];[0.33148948191591865, 0.01617853920996365, -0.5395175404331335];[0.1263491113285228, -0.7082144204341778, 0.6804751806846967, 0.1393619934835295];[-1.6085368127444222, -0.37831077304084604, 3.1300779833181047]
