timestamp;T_cam_map;trans_cam_map;rot_quat_cam_map;rot_eul_cam_map;T_map_cam;trans_map_cam;rot_quat_map_cam;rot_eul_map_cam
1681734536.2610328;[[-0.9291320897624016, 0.006568047334420318, 0.3696896272929026, 0.5105078198996555], [-0.368885364606358, 0.05179055533813992, -0.9280308864240464, -0.38806691934843257], [-0.02524178189008658, -0.9986363698223591, -0.045697410375571845, 0.005870389735257275], [0.0, 0.0, 0.0, 1.0]];[0.5105078198996555, -0.38806691934843257, 0.005870389735257275];[-0.12725443535986303, 0.7117970313713231, -0.6766912375760251, 0.1387092779883221];[-1.616524236956363, 0.025244463115503084, -2.763656630878223];[[-0.9291320897624016, -0.368885364606358, -0.02524178189008658, 0.3313251696052092], [0.006568047334420318, 0.05179055533813992, -0.9986363698223591, 0.022607546430383596], [0.3696896272929026, -0.9280308864240464, -0.045697410375571845, -0.5485992712147941], [0.0, 0.0, 0.0, 1.0]];[0.3313251696052092, 0.022607546430383596, -0.5485992712147941];[0.12725443535986303, -0.7117970313713231, 0.6766912375760251, 0.1387092779883221];[-1.6199978463638574, -0.3786749609974693, 3.134523757782396]
