timestamp;T_cam_map;trans_cam_map;rot_quat_cam_map;rot_eul_cam_map;T_map_cam;trans_map_cam;rot_quat_map_cam;rot_eul_map_cam
1681734536.3612247;[[-0.9287559855583031, 0.005083901030209975, 0.3706568132922156, 0.5141223241731064], [-0.36977083400610944, 0.05772943230356084, -0.9273277969328511, -0.39826349764921565], [-0.026112250152975802, -0.9983193209570893, -0.05173667747086971, 0.004654457714519417], [0.0, 0.0, 0.0, 1.0]];[0.5141223241731064, -0.39826349764921565, 0.004654457714519417];[-0.12772163051829352, 0.7138315794591772, -0.6744052705502592, 0.13895751983464963];[-1.62257378358065, 0.026115218501773386, -2.7626945388610684];[[-0.9287559855583031, -0.36977083400610944, -0.026112250152975802, 0.33034949856914625], [0.005083901030209975, 0.05772943230356084, -0.9983193209570893, 0.025024413677984636], [0.3706568132922156, -0.9273277969328511, -0.05173667747086971, -0.5596429480166322], [0.0, 0.0, 0.0, 1.0]];[0.33034949856914625, 0.025024413677984636, -0.5596429480166322];[0.12772163051829352, -0.7138315794591772, 0.6744052705502592, 0.13895751983464963];[-1.626529691257, -0.37971610722857185, 3.136118825874864]
