timestamp;T_cam_map;trans_cam_map;rot_quat_cam_map;rot_eul_cam_map;T_map_cam;trans_map_cam;rot_quat_map_cam;rot_eul_map_cam
1681734465.5853179;[[-0.34030861061021656, -0.0842456788903887, 0.9365322819491282, 0.008420659447470304], [-0.9327467323042267, 0.15634450410626782, -0.3248690958086845, 0.18174202036719062], [-0.11905285767393853, -0.9841031763103208, -0.13178526266470855, 0.17182308374808677], [0.0, 0.0, 0.0, 1.0]];[0.008420659447470304, 0.18174202036719062, 0.17182308374808677];[-0.39847589260462934, 0.6380514041558865, -0.5128788462783488, 0.4135972167554271];[-1.703918409440846, 0.11933590095669551, -1.920634992708786];[[-0.34030861061021656, -0.9327467323042267, -0.11905285767393853, 0.19284092767141398], [-0.0842456788903887, 0.15634450410626782, -0.9841031763103208, 0.1413866806022038], [0.9365322819491282, -0.3248690958086845, -0.13178526266470855, 0.07379989664287874], [0.0, 0.0, 0.0, 1.0]];[0.19284092767141398, 0.1413866806022038, 0.07379989664287874];[0.39847589260462934, -0.6380514041558865, 0.5128788462783488, 0.4135972167554271];[-1.9561694718901799, -1.2126045449003562, -2.8989148793720076]
