timestamp;T_cam_map;trans_cam_map;rot_quat_cam_map;rot_eul_cam_map;T_map_cam;trans_map_cam;rot_quat_map_cam;rot_eul_map_cam
1681734536.4610271;[[-0.9288232163495219, 0.005148491434847913, 0.3704874165286515, 0.514361461918482], [-0.3695845433401011, 0.058254538755718115, -0.9273692220676981, -0.39494900046184445], [-0.026357126061431313, -0.9982884862354688, -0.052205365198205296, 0.004783871081312785], [0.0, 0.0, 0.0, 1.0]];[0.514361461918482, -0.39494900046184445, 0.004783871081312785];[-0.12760055847542878, 0.7140173527834329, -0.6742335115513761, 0.13894779344054994];[-1.623043602261586, 0.026360178723373585, -2.762892553707655];[[-0.9288232163495219, -0.3695845433401011, -0.026357126061431313, 0.3319099105401982], [0.005148491434847913, 0.058254538755718115, -0.9982884862354688, 0.025135069692942907], [0.3704874165286515, -0.9273692220676981, -0.052205365198205296, -0.5565782527659333], [0.0, 0.0, 0.0, 1.0]];[0.3319099105401982, 0.025135069692942907, -0.5565782527659333];[0.12760055847542878, -0.7140173527834329, 0.6742335115513761, 0.13894779344054994];[-1.6270310194815267, -0.379533725564449, 3.1360496841464993]
