timestamp;T_cam_map;trans_cam_map;rot_quat_cam_map;rot_eul_cam_map;T_map_cam;trans_map_cam;rot_quat_map_cam;rot_eul_map_cam
1681734536.5610728;[[-0.9286541422417751, 0.005358148528820994, 0.3709080402762064, 0.5104369911357247], [-0.3699915744254601, 0.058329554092567806, -0.9272021882920313, -0.39385960449238583], [-0.02660298763977581, -0.9982830026418889, -0.05218551221299482, 0.004060672073392252], [0.0, 0.0, 0.0, 1.0]];[0.5104369911357247, -0.39385960449238583, 0.004060672073392252];[-0.12767323121807078, 0.7139974104552721, -0.6741919377922381, 0.13918503838218188];[-1.6230240558219062, 0.026606126545956406, -2.7624516974624593];[[-0.9286541422417751, -0.3699915744254601, -0.02660298763977581, 0.32840271701186974], [0.005358148528820994, 0.058329554092567806, -0.9982830026418889, 0.024292357802176368], [0.3709080402762064, -0.9272021882920313, -0.05218551221299482, -0.5543007629797299], [0.0, 0.0, 0.0, 1.0]];[0.32840271701186974, 0.024292357802176368, -0.5543007629797299];[0.12767323121807078, -0.7139974104552721, 0.6741919377922381, 0.13918503838218188];[-1.627019784636108, -0.3799866161549825, 3.13582291776712]
