timestamp;T_cam_map;trans_cam_map;rot_quat_cam_map;rot_eul_cam_map;T_map_cam;trans_map_cam;rot_quat_map_cam;rot_eul_map_cam
1681734536.661013;[[-0.9286566996559523, 0.005791084702168547, 0.37089513008677666, 0.5106904389227286], [-0.36995685087374724, 0.05830261526487412, -0.9272177379369186, -0.3958267974841236], [-0.026993752530810572, -0.9982821587062691, -0.05200066281363137, 0.0030088015968121884], [0.0, 0.0, 0.0, 1.0]];[0.5106904389227286, -0.3958267974841236, 0.0030088015968121884];[-0.12751602633865777, 0.7139607793384833, -0.6742316778336374, 0.13932448886976997];[-1.6228394352558337, 0.026997031829524926, -2.762484913709901];[[-0.9286566996559523, -0.36995685087374724, -0.026993752530810572, 0.32789848091288265], [0.005791084702168547, 0.05830261526487412, -0.9982821587062691, 0.023123918850039504], [0.37089513008677666, -0.9272177379369186, -0.05200066281363137, -0.5562737648790534], [0.0, 0.0, 0.0, 1.0]];[0.32789848091288265, 0.023123918850039504, -0.5562737648790534];[0.12751602633865777, -0.7139607793384833, 0.6742316778336374, 0.13932448886976997];[-1.6268201118130743, -0.3799727143823913, 3.1353567543180487]
