timestamp;T_cam_map;trans_cam_map;rot_quat_cam_map;rot_eul_cam_map;T_map_cam;trans_map_cam;rot_quat_map_cam;rot_eul_map_cam
1681734536.7610023;[[-0.9288432257084104, 0.0049983107001408955, 0.3704393053466922, 0.5120649144122467], [-0.3695304433691103, 0.0587822602602988, -0.9273574808573656, -0.39500146800010033], [-0.026410480476958625, -0.9982583146504892, -0.05275247626548764, 0.006630519971892124], [0.0, 0.0, 0.0, 1.0]];[0.5120649144122467, -0.39500146800010033, 0.006630519971892124];[-0.12759995130953072, 0.7142089964138992, -0.6740379234847665, 0.1389123449215375];[-1.6235917336442145, 0.02641355171874766, -2.7629502383211078];[[-0.9288432257084104, -0.3695304433691103, -0.026410480476958625, 0.32983807449151553], [0.0049983107001408955, 0.0587822602602988, -0.9982583146504892, 0.027278591246705952], [0.3704393053466922, -0.9273574808573656, -0.05275247626548764, -0.5556467611393754], [0.0, 0.0, 0.0, 1.0]];[0.32983807449151553, 0.027278591246705952, -0.5556467611393754];[0.12759995130953072, -0.7142089964138992, 0.6740379234847665, 0.1389123449215375];[-1.6276198144826242, -0.37948192889845495, 3.136211484500783]
