timestamp;T_cam_map;trans_cam_map;rot_quat_cam_map;rot_eul_cam_map;T_map_cam;trans_map_cam;rot_quat_map_cam;rot_eul_map_cam
1681734536.8610215;[[-0.9287704499849254, 0.005606861376741129, 0.3706130250548422, 0.5114505365421169], [-0.369662490483879, 0.05912764954755302, -0.9272828932899807, -0.3941309561354118], [-0.027112623702901573, -0.9982346839117963, -0.05284336733650784, 0.005848874153420891], [0.0, 0.0, 0.0, 1.0]];[0.5114505365421169, -0.3941309561354118, 0.005848874153420891];[-0.12742180720350552, 0.7142726137247924, -0.6739435126738859, 0.13920653022229218];[-1.6236837789241112, 0.0271159465249966, -2.7628005872114536];[[-0.9287704499849254, -0.369662490483879, -0.027112623702901573, 0.329483292471452], [0.005606861376741129, 0.05912764954755302, -0.9982346839117963, 0.026274953832545078], [0.3706130250548422, -0.9272828932899807, -0.05284336733650784, -0.554712049648793], [0.0, 0.0, 0.0, 1.0]];[0.329483292471452, 0.026274953832545078, -0.554712049648793];[0.12742180720350552, -0.7142726137247924, 0.6739435126738859, 0.13920653022229218];[-1.6277220773030343, -0.37966896118576726, 3.1355558624034803]
