timestamp;T_cam_map;trans_cam_map;rot_quat_cam_map;rot_eul_cam_map;T_map_cam;trans_map_cam;rot_quat_map_cam;rot_eul_map_cam
1681734536.9610088;[[-0.9286038626633872, 0.005911368423344526, 0.3710255004309011, 0.5094993164367139], [-0.37005960597720733, 0.05907761641543857, -0.9271276736580916, -0.3948795243915014], [-0.02739989544927421, -0.9982358894379795, -0.05267214413079324, 0.005226223950661968], [0.0, 0.0, 0.0, 1.0]];[0.5094993164367139, -0.3948795243915014, 0.005226223950661968];[-0.12746633384149658, 0.7142047366143722, -0.6739536523599297, 0.13946469949530074];[-1.6235126671534785, 0.02740332503947193, -2.7623698569785695];[[-0.9286038626633872, -0.37005960597720733, -0.02739989544927421, 0.3271372700525445], [0.005911368423344526, 0.05907761641543857, -0.9982358894379795, 0.02553370721520337], [0.3710255004309011, -0.9271276736580916, -0.05267214413079324, -0.5548656972532512], [0.0, 0.0, 0.0, 1.0]];[0.3271372700525445, 0.02553370721520337, -0.5548656972532512];[0.12746633384149658, -0.7142047366143722, 0.6739536523599297, 0.13946469949530074];[-1.627547501950955, -0.3801131015293549, 3.135226872860585]
