timestamp;T_cam_map;trans_cam_map;rot_quat_cam_map;rot_eul_cam_map;T_map_cam;trans_map_cam;rot_quat_map_cam;rot_eul_map_cam
1681734537.0610318;[[-0.9287051556644869, 0.004995549237366864, 0.3707853534459231, 0.5106139237709838], [-0.36987383121736717, 0.058867290676181815, -0.9272151805643781, -0.3950892734333036], [-0.026459078267915326, -0.9982533178388454, -0.05282263341551011, 0.006037136010656308], [0.0, 0.0, 0.0, 1.0]];[0.5106139237709838, -0.3950892734333036, 0.006037136010656308];[-0.12772058083453247, 0.7142119922957361, -0.6739835368116929, 0.13904990254957453];[-1.6236620813556528, 0.026462166498622416, -2.762580005033127];[[-0.9287051556644869, -0.36987383121736717, -0.026459078267915326, 0.32823633737674396], [0.004995549237366864, 0.058867290676181815, -0.9982533178388454, 0.02673362915763869], [0.3707853534459231, -0.9272151805643781, -0.05282263341551011, -0.5553420387829728], [0.0, 0.0, 0.0, 1.0]];[0.32823633737674396, 0.02673362915763869, -0.5553420387829728];[0.12772058083453247, -0.7142119922957361, 0.6739835368116929, 0.13904990254957453];[-1.6277039363726842, -0.3798545093280995, 3.1362136578697073]
