timestamp;T_cam_map;trans_cam_map;rot_quat_cam_map;rot_eul_cam_map;T_map_cam;trans_map_cam;rot_quat_map_cam;rot_eul_map_cam
1681734537.1609967;[[-0.9286497540043417, 0.005377953813554409, 0.3709187404276786, 0.5104609915839518], [-0.3699917058377695, 0.05868559274976212, -0.9271796691121237, -0.3950577730552682], [-0.026753915581345156, -0.9982620291368338, -0.05250856296527176, 0.0053016484326743885], [0.0, 0.0, 0.0, 1.0]];[0.5104609915839518, -0.3950577730552682, 0.0053016484326743885];[-0.1276452273012669, 0.714115521067736, -0.6740652042438677, 0.13921860128961663];[-1.6233478768938407, 0.02675710822706745, -2.7624499505716558];[[-0.9286497540043417, -0.3699917058377695, -0.026753915581345156, 0.3280132147606699], [0.005377953813554409, 0.05868559274976212, -0.9982620291368338, 0.025731398267961392], [0.3709187404276786, -0.9271796691121237, -0.05250856296527176, -0.5553507013967925], [0.0, 0.0, 0.0, 1.0]];[0.3280132147606699, 0.025731398267961392, -0.5553507013967925];[0.1276452273012669, -0.714115521067736, 0.6740652042438677, 0.13921860128961663];[-1.6273684632496483, -0.37999813820339995, 3.1358015642468042]
