timestamp;T_cam_map;trans_cam_map;rot_quat_cam_map;rot_eul_cam_map;T_map_cam;trans_map_cam;rot_quat_map_cam;rot_eul_map_cam
1681734537.2609823;[[-0.9288096925542559, 0.005404604395248369, 0.37051767200580243, 0.5131264053773513], [-0.3695986592989714, 0.058357010840125886, -0.9273571535984441, -0.3965080108153656], [-0.026634302350003997, -0.9982811475416814, -0.052205022758277556, 0.004225490050232428], [0.0, 0.0, 0.0, 1.0]];[0.5131264053773513, -0.3965080108153656, 0.004225490050232428];[-0.1275130575312738, 0.7140328644664508, -0.6742120695589505, 0.13905241415343386];[-1.6230436435559286, 0.026637452356139242, -2.7628744315691325];[[-0.9288096925542559, -0.3695986592989714, -0.026634302350003997, 0.33016049260092184], [0.005404604395248369, 0.058357010840125886, -0.9982811475416814, 0.024584004115800556], [0.37051767200580243, -0.9273571535984441, -0.052205022758277556, -0.5576063496496032], [0.0, 0.0, 0.0, 1.0]];[0.33016049260092184, 0.024584004115800556, -0.5576063496496032];[0.1275130575312738, -0.7140328644664508, 0.6742120695589505, 0.13905241415343386];[-1.6270313816705881, -0.3795662992645693, 3.1357738691373744]
