timestamp;T_cam_map;trans_cam_map;rot_quat_cam_map;rot_eul_cam_map;T_map_cam;trans_map_cam;rot_quat_map_cam;rot_eul_map_cam
1681734537.3610182;[[-0.9286260289139383, 0.005424397145854326, 0.3709774579932501, 0.5108206373046884], [-0.37005542719418294, 0.058404366797249654, -0.9271719963109021, -0.39713773161433397], [-0.026696052660653974, -0.9982782707515058, -0.05222848760708297, 0.003877857226793152], [0.0, 0.0, 0.0, 1.0]];[0.5108206373046884, -0.39713773161433397, 0.003877857226793152];[-0.12766958515626886, 0.7140131097042742, -0.6741648860830721, 0.13923886874381422];[-1.6230672350293278, 0.026699224631727015, -2.762381949094579];[[-0.9286260289139383, -0.37005542719418294, -0.026696052660653974, 0.3275018904608059], [0.005424397145854326, 0.058404366797249654, -0.9982782707515058, 0.02429486434577649], [0.3709774579932501, -0.9271719963109021, -0.05222848760708297, -0.5575153903309191], [0.0, 0.0, 0.0, 1.0]];[0.3275018904608059, 0.02429486434577649, -0.5575153903309191];[0.12766958515626886, -0.7140131097042742, 0.6741648860830721, 0.13923886874381422];[-1.627067816167414, -0.38006136690958653, 3.1357514050322366]
