timestamp;T_cam_map;trans_cam_map;rot_quat_cam_map;rot_eul_cam_map;T_map_cam;trans_map_cam;rot_quat_map_cam;rot_eul_map_cam
1681734465.685373;[[-0.34375018887403697, -0.09674175664905504, 0.9340646873581717, -0.0039220401980346676], [-0.9322826995559174, 0.15445470661801292, -0.32709740401335347, 0.18427710744915876], [-0.11262670978855488, -0.9832521426999277, -0.14328450062098855, 0.18813934905828011], [0.0, 0.0, 0.0, 1.0]];[-0.0039220401980346676, 0.18427710744915876, 0.18813934905828011];[-0.40158423933495546, 0.6406031135018466, -0.511373391377337, 0.4084788908630983];[-1.7155028278332374, 0.11286618671923525, -1.9240488811492678];[[-0.34375018887403697, -0.9322826995559174, -0.11262670978855488, 0.19163967300640622], [-0.09674175664905504, 0.15445470661801292, -0.9832521426999277, 0.15614652646184168], [0.9340646873581717, -0.32709740401335347, -0.14328450062098855, 0.09089745539406659], [0.0, 0.0, 0.0, 1.0]];[0.19163967300640622, 0.15614652646184168, 0.09089745539406659];[0.40158423933495546, -0.6406031135018466, 0.511373391377337, 0.4084788908630983];[-1.9836669878492244, -1.2056308662635449, -2.8672580248042365]
