timestamp;T_cam_map;trans_cam_map;rot_quat_cam_map;rot_eul_cam_map;T_map_cam;trans_map_cam;rot_quat_map_cam;rot_eul_map_cam
1681734537.4609864;[[-0.92870196982585, 0.0055167208140073365, 0.3707859450316948, 0.5118185165229793], [-0.3698431358594454, 0.0590080386277637, -0.9272184781565543, -0.3960899492542692], [-0.026994556844640583, -0.9982422637660485, -0.052760560383650415, 0.005872759764247032], [0.0, 0.0, 0.0, 1.0]];[0.5118185165229793, -0.3960899492542692, 0.005872759764247032];[-0.1275250484513112, 0.7142252041263428, -0.6739683543784597, 0.13923497083910316];[-1.6236006567694572, 0.02699783643656065, -2.762607353149291];[[-0.92870196982585, -0.3698431358594454, -0.026994556844640583, 0.3289942481209185], [0.0055167208140073365, 0.0590080386277637, -0.9982422637660485, 0.026411368164184296], [0.3707859450316948, -0.9272184781565543, -0.052760560383650415, -0.5567271821981831], [0.0, 0.0, 0.0, 1.0]];[0.3289942481209185, 0.026411368164184296, -0.5567271821981831];[0.1275250484513112, -0.7142252041263428, 0.6739683543784597, 0.13923497083910316];[-1.6276370053117277, -0.379855146319598, 3.1356524746024244]
