timestamp;T_cam_map;trans_cam_map;rot_quat_cam_map;rot_eul_cam_map;T_map_cam;trans_map_cam;rot_quat_map_cam;rot_eul_map_cam
1681734537.560989;[[-0.9285666084705676, 0.005664227210096351, 0.37112258104779866, 0.5095673256724231], [-0.37017159054674215, 0.05900308582908973, -0.9270877139811206, -0.3957927730909264], [-0.027148612958354468, -0.9982417304404566, -0.05269155930203614, 0.004707013389977088], [0.0, 0.0, 0.0, 1.0]];[0.5095673256724231, -0.3957927730909264, 0.004707013389977088];[-0.12759493034832806, 0.7141885699172337, -0.6739569651208157, 0.13941387848460954];[-1.6235317546152666, 0.02715194903308179, -2.762251993723989];[[-0.9285666084705676, -0.37017159054674215, -0.027148612958354468, 0.32678375192979936], [0.005664227210096351, 0.05900308582908973, -0.9982417304404566, 0.02516542704138472], [0.37112258104779866, -0.9270877139811206, -0.05269155930203614, -0.5557985384611157], [0.0, 0.0, 0.0, 1.0]];[0.32678375192979936, 0.02516542704138472, -0.5557985384611157];[0.12759493034832806, -0.7141885699172337, 0.6739569651208157, 0.13941387848460954];[-1.6275708175138828, -0.38021764629975513, 3.135492760587591]
