timestamp;T_cam_map;trans_cam_map;rot_quat_cam_map;rot_eul_cam_map;T_map_cam;trans_map_cam;rot_quat_map_cam;rot_eul_map_cam
1681734537.660974;[[-0.9286067276389446, 0.005341605952982331, 0.37102697021852066, 0.5101864900276056], [-0.37009483082861255, 0.058940714314545894, -0.9271223265513739, -0.3962139587409873], [-0.02682091679329096, -0.998247193555752, -0.05275584309281017, 0.005525499298551201], [0.0, 0.0, 0.0, 1.0]];[0.5101864900276056, -0.3962139587409873, 0.005525499298551201];[-0.12767967843329672, 0.7141959263826524, -0.6739640513839719, 0.13926426639916603];[-1.6235956840715007, 0.02682413349085534, -2.762338183975718];[[-0.9286067276389446, -0.37009483082861255, -0.02682091679329096, 0.327274067914881], [0.005341605952982331, 0.058940714314545894, -0.998247193555752, 0.02614373272509818], [0.37102697021852066, -0.9271223265513739, -0.05275584309281017, -0.5563402525074342], [0.0, 0.0, 0.0, 1.0]];[0.327274067914881, 0.02614373272509818, -0.5563402525074342];[0.12767967843329672, -0.7141959263826524, 0.6739640513839719, 0.13926426639916603];[-1.627637815875657, -0.3801146842907057, 3.135840436984505]
