timestamp;T_cam_map;trans_cam_map;rot_quat_cam_map;rot_eul_cam_map;T_map_cam;trans_map_cam;rot_quat_map_cam;rot_eul_map_cam
1681734537.7610266;[[-0.9288063380834574, 0.00488918956113632, 0.3705332402921951, 0.5120354994957921], [-0.36963115709091593, 0.05873786554125922, -0.9273201555338305, -0.39556168974950995], [-0.026298175671117363, -0.9982614682422096, -0.052748905005495825, 0.004222580650343755], [0.0, 0.0, 0.0, 1.0]];[0.5120354994957921, -0.39556168974950995, 0.004222580650343755];[-0.12767605627209358, 0.7141941452837267, -0.6740399779569276, 0.1389088032238292];[-1.6235879996510023, 0.026301207891833864, -2.7628429854693914];[[-0.9288063380834574, -0.36963115709091593, -0.026298175671117363, 0.3294809383401995], [0.00488918956113632, 0.05873786554125922, -0.9982614682422096, 0.024946250286497273], [0.3705332402921951, -0.9273201555338305, -0.052748905005495825, -0.5563157639289456], [0.0, 0.0, 0.0, 1.0]];[0.3294809383401995, 0.024946250286497273, -0.5563157639289456];[0.12767605627209358, -0.7141941452837267, 0.6740399779569276, 0.1389088032238292];[-1.627618258009582, -0.37958306058285374, 3.1363287528141752]
