timestamp;T_cam_map;trans_cam_map;rot_quat_cam_map;rot_eul_cam_map;T_map_cam;trans_map_cam;rot_quat_map_cam;rot_eul_map_cam
1681734537.8610485;[[-0.9286706503089248, 0.0055526107167973016, 0.3708638453247049, 0.5111112797164336], [-0.3699271727536445, 0.058706280591826004, -0.9272041088549864, -0.39584698784930655], [-0.026920440436482396, -0.9982598565169801, -0.052464738190562826, 0.003593187262124431], [0.0, 0.0, 0.0, 1.0]];[0.5111112797164336, -0.39584698784930655, 0.003593187262124431];[-0.12756156091257678, 0.7141151288642669, -0.6740733698060131, 0.13925775749696898];[-1.6233042109164153, 0.026923693083252234, -2.7625176594304843];[[-0.9286706503089248, -0.3699271727536445, -0.026920440436482396, 0.32831621764001406], [0.0055526107167973016, 0.058706280591826004, -0.9982598565169801, 0.023987636971608023], [0.3708638453247049, -0.9272041088549864, -0.052464738190562826, -0.5563951325672374], [0.0, 0.0, 0.0, 1.0]];[0.32831621764001406, 0.023987636971608023, -0.5563951325672374];[0.12756156091257678, -0.7141151288642669, 0.6740733698060131, 0.13925775749696898];[-1.6273198607346657, -0.379939027075374, 3.135613629111605]
