timestamp;T_cam_map;trans_cam_map;rot_quat_cam_map;rot_eul_cam_map;T_map_cam;trans_map_cam;rot_quat_map_cam;rot_eul_map_cam
1681734537.9610016;[[-0.9287471408494011, 0.0056108003721965505, 0.37067137370350917, 0.512277845996003], [-0.3697266544495581, 0.05890214457746647, -0.9272716637284419, -0.3951095489158764], [-0.027036075040587026, -0.9982479933780779, -0.0526307359158235, 0.005146097670068295], [0.0, 0.0, 0.0, 1.0]];[0.512277845996003, -0.3951095489158764, 0.005146097670068295];[-0.12745729724985946, 0.7141918547110943, -0.674020448568905, 0.13921590050371593];[-1.6234706633280762, 0.027039369791364433, -2.762732327066857];[[-0.9287471408494011, -0.3697266544495581, -0.027036075040587026, 0.32983318341031076], [0.0056108003721965505, 0.05890214457746647, -0.9982479933780779, 0.025535592718071348], [0.37067137370350917, -0.9272716637284419, -0.0526307359158235, -0.5559897787639617], [0.0, 0.0, 0.0, 1.0]];[0.32983318341031076, 0.025535592718071348, -0.5559897787639617];[0.12745729724985946, -0.7141918547110943, 0.674020448568905, 0.13921590050371593];[-1.6274941958726061, -0.3797317843697517, 3.135551469861542]
