timestamp;T_cam_map;trans_cam_map;rot_quat_cam_map;rot_eul_cam_map;T_map_cam;trans_map_cam;rot_quat_map_cam;rot_eul_map_cam
1681734538.0610163;[[-0.928775880678296, 0.0052896535112845755, 0.3706040785474254, 0.5115950855424918], [-0.3696647856248034, 0.059334176410558326, -0.9272687861556911, -0.39529174163857916], [-0.026894418365598444, -0.9982241607351584, -0.05315275331875918, 0.006686493779341551], [0.0, 0.0, 0.0, 1.0]];[0.5115950855424918, -0.39529174163857916, 0.006686493779341551];[-0.12751734806478768, 0.7143638446911372, -0.6738488240972484, 0.1391092577917652];[-1.623993400604112, 0.026897661587132627, -2.762800462985435];[[-0.928775880678296, -0.3696647856248034, -0.026894418365598444, 0.3292115685544359], [0.0052896535112845755, 0.059334176410558326, -0.9982241607351584, 0.02742276883256864], [0.3706040785474254, -0.9272687861556911, -0.05315275331875918, -0.5557855131590198], [0.0, 0.0, 0.0, 1.0]];[0.3292115685544359, 0.02742276883256864, -0.5557855131590198];[0.12751734806478768, -0.7143638446911372, 0.6738488240972484, 0.1391092577917652];[-1.628055508051936, -0.37965932874407354, 3.1358974192173172]
