timestamp;T_cam_map;trans_cam_map;rot_quat_cam_map;rot_eul_cam_map;T_map_cam;trans_map_cam;rot_quat_map_cam;rot_eul_map_cam
1681734538.1610243;[[-0.9286918390201364, 0.005453089851148701, 0.37081225970627374, 0.5112567206478551], [-0.36987229548314804, 0.05902550796580435, -0.9272057346907461, -0.39625452244118176], [-0.026943518170879532, -0.998241580590818, -0.05279956068114034, 0.005654603531740354], [0.0, 0.0, 0.0, 1.0]];[0.5112567206478551, -0.39625452244118176, 0.005654603531740354];[-0.12755607952504644, 0.714233314062548, -0.673956001971418, 0.1392247358271223];[-1.6236396529224868, 0.026946779191709593, -2.7625765033023524];[[-0.9286918390201364, -0.36987229548314804, -0.026943518170879532, 0.32838872921196877], [0.005453089851148701, 0.05902550796580435, -0.998241580590818, 0.02624585600328047], [0.37081225970627374, -0.9272057346907461, -0.05279956068114034, -0.5566911648957551], [0.0, 0.0, 0.0, 1.0]];[0.32838872921196877, 0.02624585600328047, -0.5566911648957551];[0.12755607952504644, -0.714233314062548, 0.673956001971418, 0.1392247358271223];[-1.6276797111739432, -0.37988348087687485, 3.1357209241820523]
