timestamp;T_cam_map;trans_cam_map;rot_quat_cam_map;rot_eul_cam_map;T_map_cam;trans_map_cam;rot_quat_map_cam;rot_eul_map_cam
1681734538.2610335;[[-0.9286289098325438, 0.00584005323857667, 0.37096393571530945, 0.5105427197574661], [-0.37000670712399425, 0.05890172273743621, -0.927159977426669, -0.39594558320379647], [-0.027265078515940566, -0.998246703393872, -0.05253698370468951, 0.004574758337714535], [0.0, 0.0, 0.0, 1.0]];[0.5105427197574661, -0.39594558320379647, 0.004574758337714535];[-0.12748171548766293, 0.7141546779715634, -0.6740159870860665, 0.13940572907901155];[-1.6233770742733604, 0.02726845771930679, -2.762428291658337];[[-0.9286289098325438, -0.37000670712399425, -0.027265078515940566, 0.32772693897506067], [0.00584005323857667, 0.05890172273743621, -0.998246703393872, 0.024907017726478353], [0.37096393571530945, -0.927159977426669, -0.05253698370468951, -0.5562574906532076], [0.0, 0.0, 0.0, 1.0]];[0.32772693897506067, 0.024907017726478353, -0.5562574906532076];[0.12748171548766293, -0.7141546779715634, 0.6740159870860665, 0.13940572907901155];[-1.6274002176951046, -0.3800468056034193, 3.135303837694965]
