timestamp;T_cam_map;trans_cam_map;rot_quat_cam_map;rot_eul_cam_map;T_map_cam;trans_map_cam;rot_quat_map_cam;rot_eul_map_cam
1681734538.3610003;[[-0.9286252707264504, 0.005571071491538376, 0.37097718222373643, 0.5094593553564188], [-0.3700296215057419, 0.05906626937893995, -0.9271403642545029, -0.3950229770679614], [-0.027077403430620067, -0.9982385180827731, -0.05278896891742417, 0.005496328780953547], [0.0, 0.0, 0.0, 1.0]];[0.5094593553564188, -0.3950229770679614, 0.005496328780953547];[-0.12757098887681523, 0.714226943804071, -0.6739380595481469, 0.13933056891352452];[-1.623629233881198, 0.027080713317289402, -2.7624056494909546];[[-0.9286252707264504, -0.3700296215057419, -0.027077403430620067, 0.3270754554132374], [0.005571071491538376, 0.05906626937893995, -0.9982385180827731, 0.02598094618083807], [0.37097718222373643, -0.9271403642545029, -0.05278896891742417, -0.5549493974261557], [0.0, 0.0, 0.0, 1.0]];[0.3270754554132374, 0.02598094618083807, -0.5549493974261557];[0.12757098887681523, -0.714226943804071, 0.6739380595481469, 0.13933056891352452];[-1.6276723260396937, -0.38006106994957867, 3.1355934579701374]
