timestamp;T_cam_map;trans_cam_map;rot_quat_cam_map;rot_eul_cam_map;T_map_cam;trans_map_cam;rot_quat_map_cam;rot_eul_map_cam
1681734465.785284;[[-0.3465520147540467, -0.08794396218185502, 0.9338991169209162, 0.0005668286712302763], [-0.9297121064550966, 0.16449968237621043, -0.32950759264234375, 0.19506248137019616], [-0.12464790483894184, -0.9824488353160595, -0.1387702626839762, 0.17581956705638127], [0.0, 0.0, 0.0, 1.0]];[0.0005668286712302763, 0.19506248137019616, 0.17581956705638127];[-0.3961434606155071, 0.6422269769743081, -0.5107059011049951, 0.41206110133637575];[-1.711117394242892, 0.12497296052833189, -1.9275946620857753];[[-0.3465520147540467, -0.9297121064550966, -0.12464790483894184, 0.20346392672634614], [-0.08794396218185502, 0.16449968237621043, -0.9824488353160595, 0.1406958618106292], [0.9338991169209162, -0.32950759264234375, -0.1387702626839762, 0.08814373536102499], [0.0, 0.0, 0.0, 1.0]];[0.20346392672634614, 0.1406958618106292, 0.08814373536102499];[0.3961434606155071, -0.6422269769743081, 0.5107059011049951, 0.41206110133637575];[-1.9693966811496564, -1.2051674991869525, -2.8930703857106543]
