timestamp;T_cam_map;trans_cam_map;rot_quat_cam_map;rot_eul_cam_map;T_map_cam;trans_map_cam;rot_quat_map_cam;rot_eul_map_cam
1681734538.4609692;[[-0.9286491187316822, 0.005734219325270434, 0.3709149943148704, 0.5099738599967567], [-0.3699579375978218, 0.05910242186612341, -0.9271666668608861, -0.39433470733983184], [-0.027238551489328494, -0.99823545441859, -0.052763992025572914, 0.005103122148236022], [0.0, 0.0, 0.0, 1.0]];[0.5099738599967567, -0.39433470733983184, 0.005103122148236022];[-0.1274876968846089, 0.7142330734122053, -0.673940409984441, 0.13936401177211116];[-1.6236044444295974, 0.027241920836904323, -2.762481097095079];[[-0.9286491187316822, -0.3699579375978218, -0.027238551489328494, 0.32783852226688853], [0.005734219325270434, 0.05910242186612341, -0.99823545441859, 0.02547595172287484], [0.3709149943148704, -0.9271666668608861, -0.052763992025572914, -0.5545016865169293], [0.0, 0.0, 0.0, 1.0]];[0.32783852226688853, 0.02547595172287484, -0.5545016865169293];[0.1274876968846089, -0.7142330734122053, 0.673940409984441, 0.13936401177211116];[-1.6276438640724016, -0.3799941043392241, 3.135417935568792]
