timestamp;T_cam_map;trans_cam_map;rot_quat_cam_map;rot_eul_cam_map;T_map_cam;trans_map_cam;rot_quat_map_cam;rot_eul_map_cam
1681734538.5610192;[[-0.9287323772465643, 0.005195296319957576, 0.37071441885917156, 0.5118805365452352], [-0.3697898232069297, 0.058966203374816395, -0.9272424027794177, -0.39608879993236656], [-0.026676920859295322, -0.9982464604273376, -0.05284265452983289, 0.005541340586478621], [0.0, 0.0, 0.0, 1.0]];[0.5118805365452352, -0.39608879993236656, 0.005541340586478621];[-0.12761668573158075, 0.7142375716719216, -0.673966527236686, 0.13909634394765666];[-1.623682444099448, 0.026680086014193267, -2.762668154478598];[[-0.9287323772465643, -0.3697898232069297, -0.026676920859295322, 0.32907824617494824], [0.005195296319957576, 0.058966203374816395, -0.9982464604273376, 0.026228105290002107], [0.37071441885917156, -0.9272424027794177, -0.05284265452983289, -0.5567390070477478], [0.0, 0.0, 0.0, 1.0]];[0.32907824617494824, 0.026228105290002107, -0.5567390070477478];[0.12761668573158075, -0.7142375716719216, 0.673966527236686, 0.13909634394765666];[-1.6277237915009068, -0.3797781315038696, 3.1359987470381494]
