timestamp;T_cam_map;trans_cam_map;rot_quat_cam_map;rot_eul_cam_map;T_map_cam;trans_map_cam;rot_quat_map_cam;rot_eul_map_cam
1681734538.6610014;[[-0.9287348274962401, 0.0058524983001616016, 0.37069848726313365, 0.5117231252985025], [-0.3697394553343644, 0.05895916158116977, -0.9272629359759254, -0.39555783667557975], [-0.02728287676504426, -0.9982432396612021, -0.05259352722656362, 0.004722462659094373], [0.0, 0.0, 0.0, 1.0]];[0.5117231252985025, -0.39555783667557975, 0.004722462659094373];[-0.12737693879697543, 0.7141931665004877, -0.6740144914407454, 0.139311527572529];[-1.6234337427857692, 0.02728626259189671, -2.7627158735698614];[[-0.9287348274962401, -0.3697394553343644, -0.02728287676504426, 0.3291305917810289], [0.0058524983001616016, 0.05895916158116977, -0.9982432396612021, 0.025041066110283977], [0.37069848726313365, -0.9272629359759254, -0.05259352722656362, -0.556232738461364], [0.0, 0.0, 0.0, 1.0]];[0.3291305917810289, 0.025041066110283977, -0.556232738461364];[0.12737693879697543, -0.7141931665004877, 0.6740144914407454, 0.139311527572529];[-1.6274547297191433, -0.37976097770087486, 3.1352911553996683]
