timestamp;T_cam_map;trans_cam_map;rot_quat_cam_map;rot_eul_cam_map;T_map_cam;trans_map_cam;rot_quat_map_cam;rot_eul_map_cam
1681734538.7610626;[[-0.9287584620068258, 0.005443812072572024, 0.37064549661480384, 0.5114136898108368], [-0.3697150475777118, 0.05870006772566001, -0.9272891057505278, -0.3961770362119483], [-0.026804903382149137, -0.9982608211079517, -0.05250552538116536, 0.004542824934830103], [0.0, 0.0, 0.0, 1.0]];[0.5114136898108368, -0.3961770362119483, 0.004542824934830103];[-0.12752156253814473, 0.7141365512130105, -0.6740832420591688, 0.13913669567880813];[-1.6233449058902092, 0.026808114320329646, -2.7627473035033727];[[-0.9287584620068258, -0.3697150475777118, -0.026804903382149137, 0.32862895018911137], [0.005443812072572024, 0.05870006772566001, -0.9982608211079517, 0.025006502987914986], [0.37064549661480384, -0.9272891057505278, -0.05250552538116536, -0.5566853072535007], [0.0, 0.0, 0.0, 1.0]];[0.32862895018911137, 0.025006502987914986, -0.5566853072535007];[0.12752156253814473, -0.7141365512130105, 0.6740832420591688, 0.13913669567880813];[-1.627358535664283, -0.37970392267144915, 3.135731334469391]
