timestamp;T_cam_map;trans_cam_map;rot_quat_cam_map;rot_eul_cam_map;T_map_cam;trans_map_cam;rot_quat_map_cam;rot_eul_map_cam
1681734538.8610058;[[-0.928686141547902, 0.005819451408375337, 0.3708209601440787, 0.5100732629964171], [-0.36986685453505375, 0.05883520695438807, -0.9272199999670954, -0.39407775628239367], [-0.02721323966778405, -0.9982507462596462, -0.05248701914610751, 0.0042779905343909574], [0.0, 0.0, 0.0, 1.0]];[0.5100732629964171, -0.39407775628239367, 0.0042779905343909574];[-0.1274418206906762, 0.7141443074842083, -0.6740482021798231, 0.13933955491925012];[-1.6233269477249568, 0.027216599628954487, -2.762579451090796];[[-0.928686141547902, -0.36986685453505375, -0.02721323966778405, 0.3280580883421993], [0.005819451408375337, 0.05883520695438807, -0.9982507462596462, 0.02448780702172393], [0.3708209601440787, -0.9272199999670954, -0.05248701914610751, -0.5543180953242632], [0.0, 0.0, 0.0, 1.0]];[0.3280580883421993, 0.02448780702172393, -0.5543180953242632];[0.1274418206906762, -0.7141443074842083, 0.6740482021798231, 0.13933955491925012];[-1.6273428471975062, -0.3798928492203109, 3.135326408214424]
