timestamp;T_cam_map;trans_cam_map;rot_quat_cam_map;rot_eul_cam_map;T_map_cam;trans_map_cam;rot_quat_map_cam;rot_eul_map_cam
1681734465.8853328;[[-0.3480602311620894, -0.09032013653370086, 0.9331111125798078, -0.003488507167805804], [-0.9288071709675884, 0.16824093207145405, -0.33016999853850104, 0.19904558535853367], [-0.12716648395932906, -0.9815993386877674, -0.1424479682029887, 0.17494392446357465], [0.0, 0.0, 0.0, 1.0]];[-0.003488507167805804, 0.19904558535853367, 0.17494392446357465];[-0.3956471928907892, 0.6439621750220529, -0.5092571381158164, 0.41162262228477436];[-1.7149085515424283, 0.12751174393390263, -1.9293381184327576];[[-0.3480602311620894, -0.9288071709675884, -0.12716648395932906, 0.20590776018328943], [-0.09032013653370086, 0.16824093207145405, -0.9815993386877674, 0.13792214331176475], [0.9331111125798078, -0.33016999853850104, -0.1424479682029887, 0.09389445202080943], [0.0, 0.0, 0.0, 1.0]];[0.20590776018328943, 0.13792214331176475, 0.09389445202080943];[0.3956471928907892, -0.6439621750220529, 0.5092571381158164, 0.41162262228477436];[-1.9781075714954461, -1.2029698230551202, -2.8876970123204653]
