timestamp;T_cam_map;trans_cam_map;rot_quat_cam_map;rot_eul_cam_map;T_map_cam;trans_map_cam;rot_quat_map_cam;rot_eul_map_cam
1681734458.6852803;[[-0.002316583989011911, 0.0005123404083259286, 0.9999971854690031, 0.0020853658091684597], [-0.9999970213766164, 0.0007673699024611791, -0.002316976764592804, -0.015664734425535336], [-0.0007685548234964146, -0.9999995743252788, 0.0005105612054271402, -0.00032077557561965673], [0.0, 0.0, 0.0, 1.0]];[0.0020853658091684597, -0.015664734425535336, -0.00032077557561965673];[-0.4991005622374864, 0.5006429348063464, -0.500514678928595, 0.4997402693196929];[-1.5702857654165, 0.000768554899157649, -1.573112913540107];[[-0.002316583989011911, -0.9999970213766164, -0.0007685548234964146, -0.015660103374762237], [0.0005123404083259286, 0.0007673699024611791, -0.9999995743252788, -0.00030982321051557966], [0.9999971854690031, -0.002316976764592804, 0.0005105612054271402, -0.002121490989964674], [0.0, 0.0, 0.0, 1.0]];[-0.015660103374762237, -0.00030982321051557966, -0.002121490989964674];[0.4991005622374864, -0.5006429348063464, 0.500514678928595, 0.4997402693196929];[-1.3539058756423938, -1.568423761804532, 2.923934238917995]
