timestamp;T_cam_map;trans_cam_map;rot_quat_cam_map;rot_eul_cam_map;T_map_cam;trans_map_cam;rot_quat_map_cam;rot_eul_map_cam
1681734465.9852834;[[-0.34992732953572137, -0.09923361573956763, 0.9315060673722155, -0.012573771813570236], [-0.9268554215383749, 0.18101349117600124, -0.3288968585699736, 0.20817389654169038], [-0.13597754082538843, -0.9784614481519074, -0.15531678232423002, 0.17294752648642497], [0.0, 0.0, 0.0, 1.0]];[-0.012573771813570236, 0.20817389654169038, 0.17294752648642497];[-0.39508731997259405, 0.649279909406558, -0.5033877869087335, 0.4110259661250278];[-1.7282186239725708, 0.13640010124639307, -1.9317941884289564];[[-0.34992732953572137, -0.9268554215383749, -0.13597754082538843, 0.21206417758297813], [-0.09923361573956763, 0.18101349117600124, -0.9784614481519074, 0.13029246259492983], [0.9315060673722155, -0.3288968585699736, -0.15531678232423002, 0.10704193866773314], [0.0, 0.0, 0.0, 1.0]];[0.21206417758297813, 0.13029246259492983, 0.10704193866773314];[0.39508731997259405, -0.649279909406558, 0.5033877869087335, 0.4110259661250278];[-2.011986688471497, -1.1985317984212298, -2.86526407610268]
