timestamp;T_cam_map;trans_cam_map;rot_quat_cam_map;rot_eul_cam_map;T_map_cam;trans_map_cam;rot_quat_map_cam;rot_eul_map_cam
1681734466.08525;[[-0.3491762584051743, -0.1035446611840336, 0.9313186585194388, -0.015870556283695013], [-0.9264873093621695, 0.1870054593893755, -0.3265734584276816, 0.21293179367729673], [-0.14034673546973214, -0.9768866163986754, -0.16123068115013564, 0.17220341861740285], [0.0, 0.0, 0.0, 1.0]];[-0.015870556283695013, 0.21293179367729673, 0.17220341861740285];[-0.3953001907903618, 0.6514239017231186, -0.5002349742535159, 0.4112780445860396];[-1.734367180694001, 0.14081160764500703, -1.9312158234106285];[[-0.3491762584051743, -0.9264873093621695, -0.14034673546973214, 0.21590517077947002], [-0.1035446611840336, 0.1870054593893755, -0.9768866163986754, 0.12676049567701536], [0.9313186585194388, -0.3265734584276816, -0.16123068115013564, 0.11208289193855822], [0.0, 0.0, 0.0, 1.0]];[0.21590517077947002, 0.12676049567701536, 0.11208289193855822];[0.3953001907903618, -0.6514239017231186, 0.5002349742535159, 0.4112780445860396];[-2.029394605865147, -1.1980168902578752, -2.8533133611156623]
