timestamp;T_cam_map;trans_cam_map;rot_quat_cam_map;rot_eul_cam_map;T_map_cam;trans_map_cam;rot_quat_map_cam;rot_eul_map_cam
1681734466.1852717;[[-0.3479006570069867, -0.11278972388452119, 0.9307220911959491, -0.020010011010346572], [-0.9265602632139984, 0.19279300286623643, -0.3229813255880676, 0.2241509089792274], [-0.14300773226267544, -0.9747355211706779, -0.1715792886137896, 0.1744701902701365], [0.0, 0.0, 0.0, 1.0]];[-0.020010011010346572, 0.2241509089792274, 0.1744701902701365];[-0.3971415455289734, 0.6542692390153714, -0.4958649930996744, 0.4102782766749479];[-1.7450378232856822, 0.14349972053585566, -1.929983788632189];[[-0.3479006570069867, -0.9265602632139984, -0.14300773226267544, 0.22567841550420303], [-0.11278972388452119, 0.19279300286623643, -0.9747355211706779, 0.12459064138762392], [0.9307220911959491, -0.3229813255880676, -0.1715792886137896, 0.12095578813714743], [0.0, 0.0, 0.0, 1.0]];[0.22567841550420303, 0.12459064138762392, 0.12095578813714743];[0.3971415455289734, -0.6542692390153714, 0.4958649930996744, 0.4102782766749479];[-2.0591193137242816, -1.1963823086397458, -2.828083636587901]
