timestamp;T_cam_map;trans_cam_map;rot_quat_cam_map;rot_eul_cam_map;T_map_cam;trans_map_cam;rot_quat_map_cam;rot_eul_map_cam
1681734466.2852654;[[-0.34764260588147095, -0.11700088533812852, 0.9302985603590036, -0.026382280620546712], [-0.926624770033762, 0.19442160485228635, -0.3218179223202761, 0.2301897598292747], [-0.14321715726761963, -0.973915310690183, -0.17600515182069626, 0.174422982117671], [0.0, 0.0, 0.0, 1.0]];[-0.026382280620546712, 0.2301897598292747, 0.174422982117671];[-0.39810204128054255, 0.6553757247858769, -0.4942711424937957, 0.409503921577718];[-1.749585763040633, 0.14371132369198497, -1.9297167780527102];[[-0.34764260588147095, -0.926624770033762, -0.14321715726761963, 0.2291082921429392], [-0.11700088533812852, 0.19442160485228635, -0.973915310690183, 0.12203260010422695], [0.9302985603590036, -0.3218179223202761, -0.17600515182069626, 0.12932193137658168], [0.0, 0.0, 0.0, 1.0]];[0.2291082921429392, 0.12203260010422695, 0.12932193137658168];[0.39810204128054255, -0.6553757247858769, 0.4942711424937957, 0.409503921577718];[-2.07126339280026, -1.1952259585807146, -2.8169453343092985]
