timestamp;T_cam_map;trans_cam_map;rot_quat_cam_map;rot_eul_cam_map;T_map_cam;trans_map_cam;rot_quat_map_cam;rot_eul_map_cam
1681734466.3852596;[[-0.3498263883448285, -0.12758304269306792, 0.9280862380376043, -0.03444117539198527], [-0.9259155413514231, 0.19776581799605308, -0.321821521213628, 0.2369069039404276], [-0.14248476515584008, -0.9719111319711959, -0.1873148238900335, 0.17842079975398922], [0.0, 0.0, 0.0, 1.0]];[-0.03444117539198527, 0.2369069039404276, 0.17842079975398922];[-0.39991330858985935, 0.658579347958717, -0.49110735752448825, 0.4063940839139982];[-1.7611902338008727, 0.14297134247106322, -1.9320341751642365];[[-0.3498263883448285, -0.9259155413514231, -0.14248476515584008, 0.23272959796602594], [-0.12758304269306792, 0.19776581799605308, -0.9719111319711959, 0.12216296385897962], [0.9280862380376043, -0.321821521213628, -0.1873148238900335, 0.1416269817994976], [0.0, 0.0, 0.0, 1.0]];[0.23272959796602594, 0.12216296385897962, 0.1416269817994976];[0.39991330858985935, -0.658579347958717, 0.49110735752448825, 0.4063940839139982];[-2.0979094953714625, -1.1892400010127386, -2.7918791266313985]
