timestamp;T_cam_map;trans_cam_map;rot_quat_cam_map;rot_eul_cam_map;T_map_cam;trans_map_cam;rot_quat_map_cam;rot_eul_map_cam
1681734466.4853163;[[-0.35187146193388796, -0.13317544307617535, 0.9265261872381012, -0.036845227803111814], [-0.9247613392038265, 0.20270879489871663, -0.32206460529629083, 0.24261835725751893], [-0.14492391034765112, -0.9701409412204882, -0.19448294109605488, 0.17432910830084422], [0.0, 0.0, 0.0, 1.0]];[-0.036845227803111814, 0.24261835725751893, 0.17432910830084422];[-0.3999695876761914, 0.6612607651162775, -0.4885385670392657, 0.4050785083995366];[-1.7686425664340821, 0.14543607055440555, -1.9343799593357673];[[-0.35187146193388796, -0.9247613392038265, -0.14492391034765112, 0.236663748862905], [-0.13317544307617535, 0.20270879489871663, -0.9701409412204882, 0.11503605085120941], [0.9265261872381012, -0.32206460529629083, -0.19448294109605488, 0.14618089160311462], [0.0, 0.0, 0.0, 1.0]];[0.236663748862905, 0.11503605085120941, 0.14618089160311462];[0.3999695876761914, -0.6612607651162775, 0.4885385670392657, 0.4050785083995366];[-2.1140515243681044, -1.1850720670041992, -2.779776677809209]
