timestamp;T_cam_map;trans_cam_map;rot_quat_cam_map;rot_eul_cam_map;T_map_cam;trans_map_cam;rot_quat_map_cam;rot_eul_map_cam
1681734466.5852923;[[-0.3531262844172926, -0.13635647691893105, 0.9255856191924628, -0.03499885202818675], [-0.924366492548557, 0.20353475892400485, -0.32267660182174074, 0.24878219210070426], [-0.1443898012572783, -0.9695259218360305, -0.19791683147443373, 0.17417735292447753], [0.0, 0.0, 0.0, 1.0]];[-0.03499885202818675, 0.24878219210070426, 0.17417735292447753];[-0.4003922414748869, 0.6623023997419403, -0.487769078053041, 0.4038847741102277];[-1.772167299438176, 0.14489628391738882, -1.9357070771503286];[[-0.3531262844172926, -0.924366492548557, -0.1443898012572783, 0.24275634111736927], [-0.13635647691893105, 0.20353475892400485, -0.9695259218360305, 0.11346131500449086], [0.9255856191924628, -0.32267660182174074, -0.19791683147443373, 0.14714325627177016], [0.0, 0.0, 0.0, 1.0]];[0.24275634111736927, 0.11346131500449086, 0.14714325627177016];[0.4003922414748869, -0.6623023997419403, 0.487769078053041, 0.4038847741102277];[-2.1209812837980793, -1.1825797334480423, -2.7730906311371113]
