timestamp;T_cam_map;trans_cam_map;rot_quat_cam_map;rot_eul_cam_map;T_map_cam;trans_map_cam;rot_quat_map_cam;rot_eul_map_cam
1681734466.6853118;[[-0.35240037824348114, -0.13670182569956751, 0.9258113113719538, -0.03706683637413095], [-0.9239855192462076, 0.2078452325027927, -0.3210157621506712, 0.25513490481702594], [-0.14854202650148418, -0.9685623212660429, -0.19955524595100785, 0.16972119013822898], [0.0, 0.0, 0.0, 1.0]];[-0.03706683637413095, 0.25513490481702594, 0.16972119013822898];[-0.3997842027909351, 0.6632874295313611, -0.48605552660927553, 0.40493505908611555];[-1.773985511440146, 0.14909377938656782, -1.9351588421171082];[[-0.35240037824348114, -0.9239855192462076, -0.14854202650148418, 0.2478893198700347], [-0.13670182569956751, 0.2078452325027927, -0.9685623212660429, 0.10628987207179505], [0.9258113113719538, -0.3210157621506712, -0.19955524595100785, 0.15008797615415237], [0.0, 0.0, 0.0, 1.0]];[0.2478893198700347, 0.10628987207179505, 0.15008797615415237];[0.3997842027909351, -0.6632874295313611, 0.48605552660927553, 0.40493505908611555];[-2.1269735830172616, -1.1831763888794327, -2.7715465267732484]
