timestamp;T_cam_map;trans_cam_map;rot_quat_cam_map;rot_eul_cam_map;T_map_cam;trans_map_cam;rot_quat_map_cam;rot_eul_map_cam
1681734466.785293;[[-0.3498575081739844, -0.13511733644826163, 0.9270075670486286, -0.04231958163840378], [-0.924824316168191, 0.2075535845006262, -0.31878126322759215, 0.2581078084535527], [-0.149330868203223, -0.9688471576838469, -0.1975739781691986, 0.16645126792035936], [0.0, 0.0, 0.0, 1.0]];[-0.04231958163840378, 0.2581078084535527, 0.16645126792035936];[-0.4000508984787398, 0.662379247645148, -0.4859860968958268, 0.4062394916048424];[-1.7719648657490068, 0.14989151847817134, -1.9324536645512929];[[-0.3498575081739844, -0.924824316168191, -0.149330868203223, 0.24875486642382438], [-0.13511733644826163, 0.2075535845006262, -0.9688471576838469, 0.10197652783479086], [0.9270075670486286, -0.31878126322759215, -0.1975739781691986, 0.1543969448151939], [0.0, 0.0, 0.0, 1.0]];[0.24875486642382438, 0.10197652783479086, 0.1543969448151939];[0.4000508984787398, -0.662379247645148, 0.4859860968958268, 0.4062394916048424];[-2.1256325057984946, -1.1863535713436442, -2.77303325382851]
