timestamp;T_cam_map;trans_cam_map;rot_quat_cam_map;rot_eul_cam_map;T_map_cam;trans_map_cam;rot_quat_map_cam;rot_eul_map_cam
1681734466.885286;[[-0.35174012521663345, -0.13916426988347763, 0.9256955170575181, -0.042726451226027626], [-0.9247651244695818, 0.20506581913161162, -0.320558067108972, 0.2636324355095708], [-0.1452182801073818, -0.9688040647167413, -0.2008241402595172, 0.17424542194305653], [0.0, 0.0, 0.0, 1.0]];[-0.042726451226027626, 0.2636324355095708, 0.17424542194305653];[-0.4012537214504285, 0.6628782098937486, -0.48627414228640226, 0.4038878413790953];[-1.7751923125099325, 0.1457335876794837, -1.9342545326033993];[[-0.35174012521663345, -0.9247651244695818, -0.1452182801073818, 0.2540730952250776], [-0.13916426988347763, 0.20506581913161162, -0.9688040647167413, 0.10880167630970278], [0.9256955170575181, -0.320558067108972, -0.2008241402595172, 0.1590538753697603], [0.0, 0.0, 0.0, 1.0]];[0.2540730952250776, 0.10880167630970278, 0.1590538753697603];[0.4012537214504285, -0.6628782098937486, 0.48627414228640226, 0.4038878413790953];[-2.13046127034629, -1.1828701582083918, -2.764846097423958]
