timestamp;T_cam_map;trans_cam_map;rot_quat_cam_map;rot_eul_cam_map;T_map_cam;trans_map_cam;rot_quat_map_cam;rot_eul_map_cam
1681734458.7853012;[[-0.00044509012606933074, -0.0003027129534305395, 0.9999998551298133, 0.00046472508676703576], [-0.9999998390660594, -0.00035166442426795563, -0.00044519657231140153, -0.01906983638086351], [0.00035179914009159097, -0.9999998923484945, -0.0003025563823508548, 0.0007885122476213363], [0.0, 0.0, 0.0, 1.0]];[0.00046472508676703576, -0.01906983638086351, 0.0007885122476213363];[-0.5000522799369456, 0.5000989857228647, -0.500123534281278, 0.49972509669500087];[-1.571098883200586, -0.00035179914734818945, -1.5712414169632045];[[-0.00044509012606933074, -0.9999998390660594, 0.00035179914009159097, -0.019069903865262805], [-0.0003027129534305395, -0.00035166442426795563, -0.9999998923484945, 0.0007819466580085933], [0.9999998551298133, -0.00044519657231140153, -0.0003025563823508548, -0.00047297627582044543], [0.0, 0.0, 0.0, 1.0]];[-0.019069903865262805, 0.0007819466580085933, -0.00047297627582044543];[0.5000522799369456, -0.5000989857228647, 0.500123534281278, 0.49972509669500087];[-2.167700627677761, -1.5702580514188416, -2.544336620892106]
