timestamp;T_cam_map;trans_cam_map;rot_quat_cam_map;rot_eul_cam_map;T_map_cam;trans_map_cam;rot_quat_map_cam;rot_eul_map_cam
1681734466.9852798;[[-0.3546894242004912, -0.141290034412539, 0.9242470116457111, -0.03968301544514569], [-0.9240947469743492, 0.20340342178856924, -0.3235366233042479, 0.2646500919169736], [-0.1422825041062234, -0.9688468269960968, -0.20271042115504953, 0.17735412203739762], [0.0, 0.0, 0.0, 1.0]];[-0.03968301544514569, 0.2646500919169736, 0.17735412203739762];[-0.40144039880348037, 0.6634763121514042, -0.4869742244864898, 0.4018717383796193];[-1.7770495448005077, 0.1427669994823443, -1.9372802759155348];[[-0.3546894242004912, -0.9240947469743492, -0.1422825041062234, 0.25572100242501783], [-0.141290034412539, 0.20340342178856924, -0.9688468269960968, 0.11239142950020153], [0.9242470116457111, -0.3235366233042479, -0.20271042115504953, 0.15825243430602795], [0.0, 0.0, 0.0, 1.0]];[0.25572100242501783, 0.11239142950020153, 0.15825243430602795];[0.40144039880348037, -0.6634763121514042, 0.4869742244864898, 0.4018717383796193];[-2.1305062537755606, -1.1790586301810506, -2.762510710148347]
