timestamp;T_cam_map;trans_cam_map;rot_quat_cam_map;rot_eul_cam_map;T_map_cam;trans_map_cam;rot_quat_map_cam;rot_eul_map_cam
1681734467.0853024;[[-0.3586908639715878, -0.13681556940380735, 0.9233755271134427, -0.0400779504800772], [-0.9221682351875884, 0.20530950444298493, -0.32780139321910273, 0.271939825212859], [-0.14472943762180807, -0.9690869451984626, -0.19980961571352682, 0.17344009037430333], [0.0, 0.0, 0.0, 1.0]];[-0.0400779504800772, 0.271939825212859, 0.17344009037430333];[-0.3986882388843926, 0.6640425408300471, -0.48825499071055994, 0.40212219062054705];[-1.7741303068971326, 0.14523952566335416, -1.9417534405216];[[-0.3586908639715878, -0.9221682351875884, -0.14472943762180807, 0.2615005607508024], [-0.13681556940380735, 0.20530950444298493, -0.9690869451984626, 0.10676340898754547], [0.9233755271134427, -0.32780139321910273, -0.19980961571352682, 0.16080425003371104], [0.0, 0.0, 0.0, 1.0]];[0.2615005607508024, 0.10676340898754547, 0.16080425003371104];[0.3986882388843926, -0.6640425408300471, 0.48825499071055994, 0.40212219062054705];[-2.118204476964628, -1.1767823023206476, -2.777196398847484]
