timestamp;T_cam_map;trans_cam_map;rot_quat_cam_map;rot_eul_cam_map;T_map_cam;trans_map_cam;rot_quat_map_cam;rot_eul_map_cam
1681734467.1853113;[[-0.3586522981701177, -0.13683514648562944, 0.9233876064273061, -0.04474197649991092], [-0.9225826381857016, 0.20260861438782232, -0.32831543535776336, 0.27583573079265195], [-0.14216119279045164, -0.9696524594214688, -0.19890777562049455, 0.1770277541419708], [0.0, 0.0, 0.0, 1.0]];[-0.04474197649991092, 0.27583573079265195, 0.1770277541419708];[-0.3992639675272972, 0.6633567456841067, -0.48916661480568174, 0.40157456984886697];[-1.7731226134960587, 0.14264444234962612, -1.9415653634928678];[[-0.3586522981701177, -0.9225826381857016, -0.14216119279045164, 0.26360092021003667], [-0.13683514648562944, 0.20260861438782232, -0.9696524594214688, 0.1096464270666476], [0.9233876064273061, -0.32831543535776336, -0.19890777562049455, 0.16708751142896705], [0.0, 0.0, 0.0, 1.0]];[0.26360092021003667, 0.1096464270666476, 0.16708751142896705];[0.3992639675272972, -0.6633567456841067, 0.48916661480568174, 0.40157456984886697];[-2.115501450593654, -1.1768137684198896, -2.777112943489429]
