timestamp;T_cam_map;trans_cam_map;rot_quat_cam_map;rot_eul_cam_map;T_map_cam;trans_map_cam;rot_quat_map_cam;rot_eul_map_cam
1681734467.285274;[[-0.3616738157261916, -0.13424518066090912, 0.9225889022134273, -0.04251136821863952], [-0.9218913591783253, 0.19898767562489228, -0.3324458253937667, 0.2806547636253019], [-0.13895457131881966, -0.9707636872167822, -0.19572810398836582, 0.18564796941613765], [0.0, 0.0, 0.0, 1.0]];[-0.04251136821863952, 0.2806547636253019, 0.18564796941613765];[-0.39845533395767274, 0.6626442475679257, -0.49167012216346173, 0.40049524214100685];[-1.7697517943065064, 0.1394056663225672, -1.9446620855137016];[[-0.3616738157261916, -0.9218913591783253, -0.13895457131881966, 0.2691545867494534], [-0.13424518066090912, 0.19898767562489228, -0.9707636872167822, 0.11866652194121212], [0.9225889022134273, -0.3324458253937667, -0.19572810398836582, 0.16885954614364213], [0.0, 0.0, 0.0, 1.0]];[0.2691545867494534, 0.11866652194121212, 0.16885954614364213];[0.39845533395767274, -0.6626442475679257, 0.49167012216346173, 0.40049524214100685];[-2.1029040932798426, -1.1747382786401144, -2.786177425482427]
