timestamp;T_cam_map;trans_cam_map;rot_quat_cam_map;rot_eul_cam_map;T_map_cam;trans_map_cam;rot_quat_map_cam;rot_eul_map_cam
1681734467.3852751;[[-0.3637266862252918, -0.12194531896083083, 0.923489164479535, -0.045766281997878494], [-0.919829703967354, 0.20349637643389099, -0.33541398372400394, 0.29041173264184433], [-0.14702453341840027, -0.9714517815938255, -0.18618598929909938, 0.1740069391078237], [0.0, 0.0, 0.0, 1.0]];[-0.045766281997878494, 0.29041173264184433, 0.1740069391078237];[-0.3933709847713468, 0.6620817645801541, -0.4934684185670603, 0.40422261840151275];[-1.7601575045889304, 0.1475594387287898, -1.947355371625186];[[-0.3637266862252918, -0.919829703967354, -0.14702453341840027, 0.2760662090065452], [-0.12194531896083083, 0.20349637643389099, -0.9714517815938255, 0.10436063188359776], [0.923489164479535, -0.33541398372400394, -0.18618598929909938, 0.17207047579184526], [0.0, 0.0, 0.0, 1.0]];[0.2760662090065452, 0.10436063188359776, 0.17207047579184526];[0.3933709847713468, -0.6620817645801541, 0.4934684185670603, 0.40422261840151275];[-2.0775413789015977, -1.1770784170834252, -2.818103393062217]
