timestamp;T_cam_map;trans_cam_map;rot_quat_cam_map;rot_eul_cam_map;T_map_cam;trans_map_cam;rot_quat_map_cam;rot_eul_map_cam
1681734467.488413;[[-0.36396885742098495, -0.12156670818411752, 0.92344366709017, -0.04587435321596273], [-0.9200080115263808, 0.20158802207405863, -0.33607666994830837, 0.29365238770114355], [-0.14529944788242677, -0.9718970134831915, -0.18521410752832915, 0.18174630973124], [0.0, 0.0, 0.0, 1.0]];[-0.04587435321596273, 0.29365238770114355, 0.18174630973124];[-0.39359154844625593, 0.6615835145738165, -0.4942587196546454, 0.4038579753839042];[-1.7591080515592672, 0.14581562557436964, -1.947516719725124];[[-0.36396885742098495, -0.9200080115263808, -0.14529944788242677, 0.27987335182257994], [-0.12156670818411752, 0.20158802207405863, -0.9718970134831915, 0.11186509751484505], [0.92344366709017, -0.33607666994830837, -0.18521410752832915, 0.17471407809354716], [0.0, 0.0, 0.0, 1.0]];[0.27987335182257994, 0.11186509751484505, 0.17471407809354716];[0.39359154844625593, -0.6615835145738165, 0.4942587196546454, 0.4038579753839042];[-2.074488821199451, -1.176959835252391, -2.8192394760825894]
