timestamp;T_cam_map;trans_cam_map;rot_quat_cam_map;rot_eul_cam_map;T_map_cam;trans_map_cam;rot_quat_map_cam;rot_eul_map_cam
1681734467.5852354;[[-0.3766774022927455, -0.12061489571682543, 0.9184585899936961, -0.05001069756219899], [-0.9152908789021366, 0.201170546588168, -0.3489599091356657, 0.30390294459084155], [-0.14267705351787868, -0.9721020821480824, -0.18617411281598553, 0.19341313988552927], [0.0, 0.0, 0.0, 1.0]];[-0.05001069756219899, 0.30390294459084155, 0.19341313988552927];[-0.3899763338765162, 0.6640824613135214, -0.49732603563673194, 0.39947435195499004];[-1.7600220475114636, 0.1431656156937721, -1.9612099114667012];[[-0.3766774022927455, -0.9152908789021366, -0.14267705351787868, 0.28691731052143005], [-0.12061489571682543, 0.201170546588168, -0.9721020821480824, 0.12084895945323768], [0.9184585899936961, -0.3489599091356657, -0.18617411281598553, 0.1879912184232023], [0.0, 0.0, 0.0, 1.0]];[0.28691731052143005, 0.12084895945323768, 0.1879912184232023];[0.3899763338765162, -0.6640824613135214, 0.49732603563673194, 0.39947435195499004];[-2.060892327655503, -1.1641654775369243, -2.831701575548863]
