timestamp;T_cam_map;trans_cam_map;rot_quat_cam_map;rot_eul_cam_map;T_map_cam;trans_map_cam;rot_quat_map_cam;rot_eul_map_cam
1681734467.685268;[[-0.3867307310500919, -0.12365171030775518, 0.9138651958573698, -0.05782942027886546], [-0.9114507891312398, 0.20206282650312196, -0.3583686274461115, 0.3073615351168808], [-0.14034529081341485, -0.9715353152014272, -0.19084635354903107, 0.20164891688995423], [0.0, 0.0, 0.0, 1.0]];[-0.05782942027886546, 0.3073615351168808, 0.20164891688995423];[-0.387960305957909, 0.6670157252835658, -0.4984529945235406, 0.39512205136640977];[-1.7647644525336563, 0.14081014854729668, -1.9720759279922133];[[-0.3867307310500919, -0.9114507891312398, -0.14034529081341485, 0.2860809756333524], [-0.12365171030775518, 0.20206282650312196, -0.9715353152014272, 0.1266519967630649], [0.9138651958573698, -0.3583686274461115, -0.19084635354903107, 0.20148098644458926], [0.0, 0.0, 0.0, 1.0]];[0.2860809756333524, 0.1266519967630649, 0.20148098644458926];[0.387960305957909, -0.6670157252835658, 0.4984529945235406, 0.39512205136640977];[-2.0601373779451158, -1.1527041078533704, -2.832129267572316]
