timestamp;T_cam_map;trans_cam_map;rot_quat_cam_map;rot_eul_cam_map;T_map_cam;trans_map_cam;rot_quat_map_cam;rot_eul_map_cam
1681734467.7852557;[[-0.41796124868223844, -0.12533716992019778, 0.8997771882173828, -0.06063393640371755], [-0.8972596079650945, 0.2120329374290147, -0.38725602559488825, 0.31287006348263535], [-0.1422448259667441, -0.9691917391732243, -0.20108153123564498, 0.2083505872844142], [0.0, 0.0, 0.0, 1.0]];[-0.06063393640371755, 0.31287006348263535, 0.2083505872844142];[-0.3778516061645074, 0.6765862320035226, -0.5012102303469022, 0.38502927080649707];[-1.775367437820342, 0.1427289341729162, -2.0067278023818047];[[-0.41796124868223844, -0.8972596079650945, -0.1422448259667441, 0.28501982776096685], [-0.12533716992019778, 0.2120329374290147, -0.9691917391732243, 0.1279932234641554], [0.8997771882173828, -0.38725602559488825, -0.20108153123564498, 0.21761330524479028], [0.0, 0.0, 0.0, 1.0]];[0.28501982776096685, 0.1279932234641554, 0.21761330524479028];[0.3778516061645074, -0.6765862320035226, 0.5012102303469022, 0.38502927080649707];[-2.049722712896661, -1.1192586191539768, -2.850248257949707]
