timestamp;T_cam_map;trans_cam_map;rot_quat_cam_map;rot_eul_cam_map;T_map_cam;trans_map_cam;rot_quat_map_cam;rot_eul_map_cam
1681734467.885259;[[-0.4459851299833498, -0.12338401414213807, 0.8864951488236736, -0.05295752523364871], [-0.8830822909585863, 0.22202151912248913, -0.4133668013300982, 0.31723587233878725], [-0.14581814437534596, -0.967203613568888, -0.20797653394125004, 0.21541177033793407], [0.0, 0.0, 0.0, 1.0]];[-0.05295752523364871, 0.31723587233878725, 0.21541177033793407];[-0.3674132158875791, 0.6848326772006228, -0.5039809214939617, 0.37684872800564473];[-1.7825999169113527, 0.14633990586689286, -2.0384617114170847];[[-0.4459851299833498, -0.8830822909585863, -0.14581814437534596, 0.2879380567715424], [-0.12338401414213807, 0.22202151912248913, -0.967203613568888, 0.13137974033695457], [0.8864951488236736, -0.4133668013300982, -0.20797653394125004, 0.2228819603942169], [0.0, 0.0, 0.0, 1.0]];[0.2879380567715424, 0.13137974033695457, 0.2228819603942169];[0.3674132158875791, -0.6848326772006228, 0.5039809214939617, 0.37684872800564473];[-2.036943438869077, -1.0897151700964773, -2.871688458486552]
