timestamp;T_cam_map;trans_cam_map;rot_quat_cam_map;rot_eul_cam_map;T_map_cam;trans_map_cam;rot_quat_map_cam;rot_eul_map_cam
1681734458.8852777;[[-0.0019741298216405245, 0.0021848940040559706, 0.9999956645154209, 0.0024027185373846206], [-0.999997819972635, 0.0006760256281244659, -0.001975611127556509, -0.01623335961650016], [-0.0006803391981327067, -0.9999973846103504, 0.0021835546785745064, -0.003395174791133805], [0.0, 0.0, 0.0, 1.0]];[0.0024027185373846206, -0.01623335961650016, -0.003395174791133805];[-0.49879010863078993, 0.5001166365887039, -0.5008696584122687, 0.5002213136415368];[-1.56861276987581, 0.0006803392506165128, -1.5727704583556745];[[-0.0019741298216405245, -0.999997819972635, -0.0006803391981327067, -0.016230890819509236], [0.0021848940040559706, 0.0006760256281244659, -0.9999973846103504, -0.003389441429623251], [0.9999956645154209, -0.001975611127556509, 0.0021835546785745064, -0.00242736537653168], [0.0, 0.0, 0.0, 1.0]];[-0.016230890819509236, -0.003389441429623251, -0.00242736537653168];[0.49879010863078993, -0.5001166365887039, 0.5008696584122687, 0.5002213136415368];[-0.735443302647631, -1.5678516747912064, 2.305561445507287]
